4 0.401488 0.433861 0.402593 0.404661 0.38678 0.402758 0.385675 0.431958 0.929795
4 0.201893 0.392631 0.203701 0.362443 0.185926 0.359058 0.184118 0.389247 0.923199
4 0.303227 0.244218 0.305311 0.213098 0.287754 0.209358 0.28567 0.240478 0.863799
4 0.501215 0.474486 0.502221 0.447329 0.485861 0.445401 0.484854 0.472558 0.860876
4 0.43526 0.304904 0.43742 0.275944 0.421445 0.272156 0.419286 0.301116 0.837324
4 0.337729 0.556833 0.340054 0.522644 0.320479 0.51841 0.318154 0.552599 0.783532
4 0.362028 0.841621 0.363577 0.813531 0.347658 0.810739 0.346109 0.838829 0.462935
4 0.244198 0.759359 0.246406 0.728526 0.229829 0.72475 0.22762 0.755583 0.432624
4 0.168593 0.580287 0.171114 0.548367 0.153241 0.543879 0.15072 0.575798 0.35333
0 0.442386 0.446032 0.445718 0.405405 0.423366 0.399575 0.420034 0.440202 0.30935
4 0.401488 0.433861 0.402593 0.404661 0.38678 0.402758 0.385675 0.431958 0.929795
4 0.201893 0.392631 0.203701 0.362443 0.185926 0.359058 0.184118 0.389247 0.923199
4 0.303227 0.244218 0.305311 0.213098 0.287754 0.209358 0.28567 0.240478 0.863799
4 0.501215 0.474486 0.502221 0.447329 0.485861 0.445401 0.484854 0.472558 0.860876
4 0.43526 0.304904 0.43742 0.275944 0.421445 0.272156 0.419286 0.301116 0.837324
4 0.337729 0.556833 0.340054 0.522644 0.320479 0.51841 0.318154 0.552599 0.783532
4 0.362028 0.841621 0.363577 0.813531 0.347658 0.810739 0.346109 0.838829 0.462935
4 0.244198 0.759359 0.246406 0.728526 0.229829 0.72475 0.22762 0.755583 0.432624
4 0.168593 0.580287 0.171114 0.548367 0.153241 0.543879 0.15072 0.575798 0.35333
0 0.442386 0.446032 0.445718 0.405405 0.423366 0.399575 0.420034 0.440202 0.30935
