4 0.391159 0.546595 0.392367 0.519368 0.375579 0.516999 0.374371 0.544226 0.88103
0 0.248456 0.334943 0.249222 0.297246 0.227977 0.295874 0.227212 0.333571 0.869691
4 0.419364 0.704425 0.420921 0.674012 0.403001 0.671095 0.401445 0.701508 0.709636
4 0.398482 0.360423 0.399699 0.331502 0.383832 0.329379 0.382615 0.358301 0.698721
4 0.338307 0.575764 0.340095 0.548009 0.324144 0.544743 0.322357 0.572498 0.695634
4 0.481931 0.637161 0.484486 0.604883 0.466887 0.600453 0.464332 0.63273 0.590614
4 0.476468 0.625099 0.478175 0.590308 0.460926 0.587616 0.459219 0.622407 0.541016
4 0.241879 0.308707 0.24492 0.278134 0.228309 0.272879 0.225268 0.303452 0.41897
4 0.391159 0.546595 0.392367 0.519368 0.375579 0.516999 0.374371 0.544226 0.88103
0 0.248456 0.334943 0.249222 0.297246 0.227977 0.295874 0.227212 0.333571 0.869691
4 0.419364 0.704425 0.420921 0.674012 0.403001 0.671095 0.401445 0.701508 0.709636
4 0.398482 0.360423 0.399699 0.331502 0.383832 0.329379 0.382615 0.358301 0.698721
4 0.338307 0.575764 0.340095 0.548009 0.324144 0.544743 0.322357 0.572498 0.695634
4 0.481931 0.637161 0.484486 0.604883 0.466887 0.600453 0.464332 0.63273 0.590614
4 0.476468 0.625099 0.478175 0.590308 0.460926 0.587616 0.459219 0.622407 0.541016
4 0.241879 0.308707 0.24492 0.278134 0.228309 0.272879 0.225268 0.303452 0.41897
