0 0.249121 0.333882 0.25087 0.296798 0.228918 0.293505 0.227168 0.330589 0.89949
4 0.39131 0.546479 0.392584 0.519276 0.375708 0.516763 0.374434 0.543966 0.876876
4 0.419408 0.704498 0.420986 0.673959 0.403133 0.671027 0.401556 0.701566 0.708486
4 0.338415 0.575736 0.340204 0.547788 0.324097 0.544509 0.322308 0.572457 0.687808
4 0.398763 0.360765 0.40009 0.331038 0.383805 0.328726 0.382478 0.358453 0.659336
4 0.481994 0.636952 0.484516 0.604842 0.466758 0.600407 0.464236 0.632517 0.581753
4 0.242875 0.307172 0.24573 0.275188 0.228706 0.270356 0.225851 0.30234 0.410585
0 0.249121 0.333882 0.25087 0.296798 0.228918 0.293505 0.227168 0.330589 0.89949
4 0.39131 0.546479 0.392584 0.519276 0.375708 0.516763 0.374434 0.543966 0.876876
4 0.419408 0.704498 0.420986 0.673959 0.403133 0.671027 0.401556 0.701566 0.708486
4 0.338415 0.575736 0.340204 0.547788 0.324097 0.544509 0.322308 0.572457 0.687808
4 0.398763 0.360765 0.40009 0.331038 0.383805 0.328726 0.382478 0.358453 0.659336
4 0.481994 0.636952 0.484516 0.604842 0.466758 0.600407 0.464236 0.632517 0.581753
4 0.242875 0.307172 0.24573 0.275188 0.228706 0.270356 0.225851 0.30234 0.410585
