4 0.201774 0.392703 0.203677 0.362206 0.185735 0.358644 0.183831 0.389142 0.917786
4 0.303125 0.244592 0.305216 0.213393 0.287923 0.209707 0.285832 0.240906 0.873047
4 0.501169 0.474417 0.502143 0.44751 0.485973 0.445648 0.484998 0.472555 0.858253
4 0.435203 0.304573 0.437271 0.275896 0.42147 0.272271 0.419402 0.300947 0.84259
4 0.415172 0.662537 0.417792 0.630465 0.399065 0.625599 0.396445 0.657671 0.683342
0 0.399787 0.631667 0.402809 0.597755 0.382918 0.592118 0.379896 0.626031 0.674786
4 0.36197 0.841951 0.363681 0.813494 0.347586 0.810416 0.345874 0.838872 0.48298
4 0.244107 0.759572 0.246411 0.728559 0.229648 0.724599 0.227344 0.755611 0.37828
4 0.168519 0.580397 0.171052 0.548435 0.152975 0.543878 0.150442 0.575841 0.362536
4 0.43528 0.615383 0.437157 0.587625 0.421551 0.58427 0.419674 0.612028 0.275134
4 0.201774 0.392703 0.203677 0.362206 0.185735 0.358644 0.183831 0.389142 0.917786
4 0.303125 0.244592 0.305216 0.213393 0.287923 0.209707 0.285832 0.240906 0.873047
4 0.501169 0.474417 0.502143 0.44751 0.485973 0.445648 0.484998 0.472555 0.858253
4 0.435203 0.304573 0.437271 0.275896 0.42147 0.272271 0.419402 0.300947 0.84259
4 0.415172 0.662537 0.417792 0.630465 0.399065 0.625599 0.396445 0.657671 0.683342
0 0.399787 0.631667 0.402809 0.597755 0.382918 0.592118 0.379896 0.626031 0.674786
4 0.36197 0.841951 0.363681 0.813494 0.347586 0.810416 0.345874 0.838872 0.48298
4 0.244107 0.759572 0.246411 0.728559 0.229648 0.724599 0.227344 0.755611 0.37828
4 0.168519 0.580397 0.171052 0.548435 0.152975 0.543878 0.150442 0.575841 0.362536
4 0.43528 0.615383 0.437157 0.587625 0.421551 0.58427 0.419674 0.612028 0.275134
