0 0.250638 0.341835 0.251292 0.30405 0.230604 0.30291 0.229949 0.340695 0.894494
4 0.39111 0.546616 0.392435 0.519335 0.375596 0.516734 0.374272 0.544015 0.875721
4 0.398617 0.360848 0.399941 0.331683 0.383877 0.329364 0.382553 0.358529 0.731468
4 0.419252 0.704341 0.420828 0.673958 0.403016 0.671021 0.401441 0.701404 0.71454
4 0.338346 0.576123 0.340158 0.548179 0.324078 0.544864 0.322266 0.572808 0.688651
4 0.482028 0.637228 0.484533 0.604973 0.466894 0.600616 0.464389 0.632871 0.545108
4 0.241933 0.303749 0.2445 0.278675 0.228059 0.273322 0.225492 0.298396 0.532756
4 0.47646 0.625649 0.478339 0.590509 0.460882 0.587541 0.459003 0.622681 0.476114
0 0.250638 0.341835 0.251292 0.30405 0.230604 0.30291 0.229949 0.340695 0.894494
4 0.39111 0.546616 0.392435 0.519335 0.375596 0.516734 0.374272 0.544015 0.875721
4 0.398617 0.360848 0.399941 0.331683 0.383877 0.329364 0.382553 0.358529 0.731468
4 0.419252 0.704341 0.420828 0.673958 0.403016 0.671021 0.401441 0.701404 0.71454
4 0.338346 0.576123 0.340158 0.548179 0.324078 0.544864 0.322266 0.572808 0.688651
4 0.482028 0.637228 0.484533 0.604973 0.466894 0.600616 0.464389 0.632871 0.545108
4 0.241933 0.303749 0.2445 0.278675 0.228059 0.273322 0.225492 0.298396 0.532756
4 0.47646 0.625649 0.478339 0.590509 0.460882 0.587541 0.459003 0.622681 0.476114
