4 0.435136 0.304269 0.436831 0.276455 0.421325 0.27345 0.41963 0.301264 0.757034
4 0.201935 0.390908 0.203587 0.362248 0.186409 0.3591 0.184757 0.38776 0.738875
4 0.501241 0.472921 0.502268 0.447855 0.486261 0.445771 0.485235 0.470836 0.687861
4 0.303101 0.242399 0.304689 0.213503 0.287922 0.210572 0.286334 0.239468 0.627597
4 0.430602 0.608738 0.431863 0.581368 0.415518 0.578973 0.414257 0.606344 0.319919
4 0.435136 0.304269 0.436831 0.276455 0.421325 0.27345 0.41963 0.301264 0.757034
4 0.201935 0.390908 0.203587 0.362248 0.186409 0.3591 0.184757 0.38776 0.738875
4 0.501241 0.472921 0.502268 0.447855 0.486261 0.445771 0.485235 0.470836 0.687861
4 0.303101 0.242399 0.304689 0.213503 0.287922 0.210572 0.286334 0.239468 0.627597
4 0.430602 0.608738 0.431863 0.581368 0.415518 0.578973 0.414257 0.606344 0.319919
