4 0.201926 0.392626 0.203805 0.362393 0.185953 0.358866 0.184075 0.389098 0.921061
4 0.401448 0.434175 0.402854 0.405363 0.386995 0.402902 0.385589 0.431714 0.890219
0 0.440356 0.446845 0.442491 0.412749 0.421034 0.408476 0.418899 0.442571 0.874896
4 0.303259 0.244678 0.305373 0.213473 0.287921 0.209713 0.285807 0.240918 0.874436
4 0.501334 0.474425 0.502286 0.447338 0.486045 0.445523 0.485093 0.472609 0.859527
4 0.43531 0.304821 0.437415 0.275822 0.421197 0.272077 0.419091 0.301076 0.824657
4 0.337588 0.55681 0.339934 0.522717 0.320411 0.518444 0.318064 0.552537 0.80396
4 0.434897 0.394738 0.437451 0.36233 0.420312 0.358035 0.417758 0.390443 0.496216
4 0.361991 0.841491 0.363582 0.813588 0.347729 0.810714 0.346138 0.838617 0.47819
4 0.168992 0.582821 0.171317 0.550463 0.154229 0.546558 0.151904 0.578916 0.416109
4 0.244143 0.759522 0.246476 0.728382 0.229818 0.724413 0.227485 0.755553 0.354452
4 0.201926 0.392626 0.203805 0.362393 0.185953 0.358866 0.184075 0.389098 0.921061
4 0.401448 0.434175 0.402854 0.405363 0.386995 0.402902 0.385589 0.431714 0.890219
0 0.440356 0.446845 0.442491 0.412749 0.421034 0.408476 0.418899 0.442571 0.874896
4 0.303259 0.244678 0.305373 0.213473 0.287921 0.209713 0.285807 0.240918 0.874436
4 0.501334 0.474425 0.502286 0.447338 0.486045 0.445523 0.485093 0.472609 0.859527
4 0.43531 0.304821 0.437415 0.275822 0.421197 0.272077 0.419091 0.301076 0.824657
4 0.337588 0.55681 0.339934 0.522717 0.320411 0.518444 0.318064 0.552537 0.80396
4 0.434897 0.394738 0.437451 0.36233 0.420312 0.358035 0.417758 0.390443 0.496216
4 0.361991 0.841491 0.363582 0.813588 0.347729 0.810714 0.346138 0.838617 0.47819
4 0.168992 0.582821 0.171317 0.550463 0.154229 0.546558 0.151904 0.578916 0.416109
4 0.244143 0.759522 0.246476 0.728382 0.229818 0.724413 0.227485 0.755553 0.354452
