4 0.201788 0.392606 0.20366 0.362406 0.185897 0.358903 0.184025 0.389103 0.926841
4 0.303044 0.244777 0.305181 0.213176 0.287726 0.209422 0.285589 0.241024 0.864404
4 0.501146 0.474599 0.502144 0.447544 0.485864 0.445634 0.484866 0.472689 0.85599
4 0.435131 0.304826 0.437272 0.275729 0.421354 0.272003 0.419213 0.301101 0.842499
4 0.43901 0.70804 0.440959 0.678589 0.423638 0.674943 0.421689 0.704394 0.738067
0 0.423061 0.681695 0.42703 0.644728 0.407062 0.63791 0.403093 0.674877 0.685361
4 0.43045 0.60879 0.431172 0.580255 0.415363 0.578984 0.414642 0.607519 0.475223
4 0.361968 0.841447 0.363557 0.813541 0.347788 0.810685 0.346199 0.838592 0.459474
4 0.244293 0.759546 0.246571 0.72826 0.229793 0.724375 0.227515 0.755661 0.406909
4 0.168623 0.580342 0.171156 0.548218 0.153098 0.543689 0.150565 0.575813 0.349411
4 0.201788 0.392606 0.20366 0.362406 0.185897 0.358903 0.184025 0.389103 0.926841
4 0.303044 0.244777 0.305181 0.213176 0.287726 0.209422 0.285589 0.241024 0.864404
4 0.501146 0.474599 0.502144 0.447544 0.485864 0.445634 0.484866 0.472689 0.85599
4 0.435131 0.304826 0.437272 0.275729 0.421354 0.272003 0.419213 0.301101 0.842499
4 0.43901 0.70804 0.440959 0.678589 0.423638 0.674943 0.421689 0.704394 0.738067
0 0.423061 0.681695 0.42703 0.644728 0.407062 0.63791 0.403093 0.674877 0.685361
4 0.43045 0.60879 0.431172 0.580255 0.415363 0.578984 0.414642 0.607519 0.475223
4 0.361968 0.841447 0.363557 0.813541 0.347788 0.810685 0.346199 0.838592 0.459474
4 0.244293 0.759546 0.246571 0.72826 0.229793 0.724375 0.227515 0.755661 0.406909
4 0.168623 0.580342 0.171156 0.548218 0.153098 0.543689 0.150565 0.575813 0.349411
