4 0.361549 0.497444 0.362887 0.469236 0.346454 0.466759 0.345117 0.494966 0.948726
0 0.403338 0.679214 0.407495 0.641952 0.388587 0.635242 0.384429 0.672505 0.748842
4 0.425916 0.682609 0.428351 0.654612 0.411303 0.649897 0.408868 0.677894 0.557269
4 0.330997 0.497952 0.333274 0.458196 0.31052 0.454053 0.308244 0.493809 0.543086
4 0.336449 0.473212 0.337505 0.444157 0.321173 0.44227 0.320117 0.471324 0.508482
4 0.341309 0.584696 0.344716 0.553334 0.327569 0.547411 0.324163 0.578772 0.346415
4 0.361549 0.497444 0.362887 0.469236 0.346454 0.466759 0.345117 0.494966 0.948726
0 0.403338 0.679214 0.407495 0.641952 0.388587 0.635242 0.384429 0.672505 0.748842
4 0.425916 0.682609 0.428351 0.654612 0.411303 0.649897 0.408868 0.677894 0.557269
4 0.330997 0.497952 0.333274 0.458196 0.31052 0.454053 0.308244 0.493809 0.543086
4 0.336449 0.473212 0.337505 0.444157 0.321173 0.44227 0.320117 0.471324 0.508482
4 0.341309 0.584696 0.344716 0.553334 0.327569 0.547411 0.324163 0.578772 0.346415
