0 0.248054 0.335929 0.248667 0.298872 0.228199 0.297796 0.227586 0.334853 0.878303
4 0.391235 0.546643 0.392502 0.519309 0.375633 0.516823 0.374366 0.544158 0.877314
4 0.398591 0.360533 0.399869 0.331506 0.383902 0.32927 0.382624 0.358297 0.717448
4 0.419327 0.70459 0.420892 0.674117 0.403102 0.671211 0.401537 0.701684 0.715372
4 0.338333 0.575676 0.34008 0.547893 0.324098 0.544698 0.322351 0.572481 0.707131
4 0.482069 0.637406 0.484636 0.604879 0.466775 0.600396 0.464208 0.632922 0.629934
4 0.241662 0.306785 0.244535 0.278238 0.227932 0.272923 0.225058 0.30147 0.536128
0 0.248054 0.335929 0.248667 0.298872 0.228199 0.297796 0.227586 0.334853 0.878303
4 0.391235 0.546643 0.392502 0.519309 0.375633 0.516823 0.374366 0.544158 0.877314
4 0.398591 0.360533 0.399869 0.331506 0.383902 0.32927 0.382624 0.358297 0.717448
4 0.419327 0.70459 0.420892 0.674117 0.403102 0.671211 0.401537 0.701684 0.715372
4 0.338333 0.575676 0.34008 0.547893 0.324098 0.544698 0.322351 0.572481 0.707131
4 0.482069 0.637406 0.484636 0.604879 0.466775 0.600396 0.464208 0.632922 0.629934
4 0.241662 0.306785 0.244535 0.278238 0.227932 0.272923 0.225058 0.30147 0.536128
