4 0.367462 0.565634 0.368247 0.536818 0.350642 0.535294 0.349858 0.56411 0.942711
4 0.337347 0.471668 0.339398 0.443514 0.323421 0.439813 0.32137 0.467967 0.902025
4 0.358674 0.446895 0.360294 0.41936 0.344751 0.416451 0.343131 0.443987 0.78938
4 0.380607 0.658654 0.383064 0.626873 0.365351 0.622519 0.362895 0.654299 0.748614
4 0.398584 0.36051 0.399833 0.331205 0.383663 0.329013 0.382414 0.358319 0.721855
4 0.342726 0.581347 0.343945 0.551364 0.327196 0.549198 0.325977 0.579182 0.570349
0 0.455508 0.626236 0.459414 0.587587 0.438682 0.580924 0.434776 0.619573 0.563315
4 0.477719 0.630848 0.479137 0.5962 0.461913 0.593958 0.460495 0.628606 0.553719
4 0.37069 0.615847 0.373074 0.587881 0.355793 0.583196 0.353409 0.611162 0.46069
4 0.367462 0.565634 0.368247 0.536818 0.350642 0.535294 0.349858 0.56411 0.942711
4 0.337347 0.471668 0.339398 0.443514 0.323421 0.439813 0.32137 0.467967 0.902025
4 0.358674 0.446895 0.360294 0.41936 0.344751 0.416451 0.343131 0.443987 0.78938
4 0.380607 0.658654 0.383064 0.626873 0.365351 0.622519 0.362895 0.654299 0.748614
4 0.398584 0.36051 0.399833 0.331205 0.383663 0.329013 0.382414 0.358319 0.721855
4 0.342726 0.581347 0.343945 0.551364 0.327196 0.549198 0.325977 0.579182 0.570349
0 0.455508 0.626236 0.459414 0.587587 0.438682 0.580924 0.434776 0.619573 0.563315
4 0.477719 0.630848 0.479137 0.5962 0.461913 0.593958 0.460495 0.628606 0.553719
4 0.37069 0.615847 0.373074 0.587881 0.355793 0.583196 0.353409 0.611162 0.46069
