4 0.337531 0.471519 0.339486 0.443132 0.323403 0.43961 0.321448 0.467997 0.929927
0 0.367067 0.542292 0.37062 0.503781 0.352025 0.498324 0.348472 0.536836 0.800786
4 0.358404 0.44685 0.36004 0.419475 0.344807 0.41658 0.343171 0.443956 0.745574
4 0.398471 0.360991 0.399811 0.331339 0.383569 0.329005 0.382229 0.358656 0.6966
4 0.389953 0.553831 0.392416 0.521538 0.372942 0.516815 0.370479 0.549107 0.653427
4 0.380907 0.657826 0.382748 0.62564 0.364108 0.622251 0.362267 0.654436 0.5719
4 0.342046 0.581746 0.343948 0.552541 0.327635 0.549163 0.325733 0.578367 0.516037
4 0.367837 0.562466 0.369287 0.534434 0.351103 0.531443 0.349653 0.559475 0.480068
4 0.337531 0.471519 0.339486 0.443132 0.323403 0.43961 0.321448 0.467997 0.929927
0 0.367067 0.542292 0.37062 0.503781 0.352025 0.498324 0.348472 0.536836 0.800786
4 0.358404 0.44685 0.36004 0.419475 0.344807 0.41658 0.343171 0.443956 0.745574
4 0.398471 0.360991 0.399811 0.331339 0.383569 0.329005 0.382229 0.358656 0.6966
4 0.389953 0.553831 0.392416 0.521538 0.372942 0.516815 0.370479 0.549107 0.653427
4 0.380907 0.657826 0.382748 0.62564 0.364108 0.622251 0.362267 0.654436 0.5719
4 0.342046 0.581746 0.343948 0.552541 0.327635 0.549163 0.325733 0.578367 0.516037
4 0.367837 0.562466 0.369287 0.534434 0.351103 0.531443 0.349653 0.559475 0.480068
