4 0.201962 0.39228 0.203755 0.362256 0.18606 0.358896 0.184268 0.388921 0.921894
4 0.303287 0.244512 0.30536 0.213429 0.287999 0.209747 0.285927 0.24083 0.883783
4 0.404377 0.639046 0.406231 0.606991 0.387646 0.603571 0.385791 0.635625 0.861336
4 0.501067 0.474573 0.50209 0.447571 0.485865 0.445615 0.484841 0.472617 0.857665
4 0.435187 0.304714 0.437325 0.275876 0.42144 0.272131 0.419302 0.300968 0.840775
0 0.386518 0.609274 0.389612 0.573817 0.369557 0.568251 0.366463 0.603708 0.631946
4 0.447536 0.636566 0.449621 0.608995 0.433781 0.605186 0.431696 0.632757 0.491406
4 0.362028 0.841589 0.363581 0.813603 0.347739 0.810808 0.346186 0.838794 0.487875
4 0.244091 0.759614 0.246417 0.728375 0.229543 0.724378 0.227216 0.755617 0.394321
4 0.168493 0.580235 0.171117 0.548404 0.153191 0.543704 0.150567 0.575535 0.353434
4 0.201962 0.39228 0.203755 0.362256 0.18606 0.358896 0.184268 0.388921 0.921894
4 0.303287 0.244512 0.30536 0.213429 0.287999 0.209747 0.285927 0.24083 0.883783
4 0.404377 0.639046 0.406231 0.606991 0.387646 0.603571 0.385791 0.635625 0.861336
4 0.501067 0.474573 0.50209 0.447571 0.485865 0.445615 0.484841 0.472617 0.857665
4 0.435187 0.304714 0.437325 0.275876 0.42144 0.272131 0.419302 0.300968 0.840775
0 0.386518 0.609274 0.389612 0.573817 0.369557 0.568251 0.366463 0.603708 0.631946
4 0.447536 0.636566 0.449621 0.608995 0.433781 0.605186 0.431696 0.632757 0.491406
4 0.362028 0.841589 0.363581 0.813603 0.347739 0.810808 0.346186 0.838794 0.487875
4 0.244091 0.759614 0.246417 0.728375 0.229543 0.724378 0.227216 0.755617 0.394321
4 0.168493 0.580235 0.171117 0.548404 0.153191 0.543704 0.150567 0.575535 0.353434
