4 0.402544 0.433768 0.405142 0.405119 0.387876 0.40014 0.385278 0.428789 0.939703
4 0.201801 0.392751 0.203724 0.362529 0.186062 0.358955 0.184139 0.389177 0.920694
0 0.446705 0.458345 0.448068 0.423131 0.429223 0.420811 0.42786 0.456025 0.875514
4 0.303348 0.245296 0.305671 0.21328 0.287868 0.20917 0.285544 0.241186 0.872831
4 0.501016 0.474794 0.502073 0.447433 0.48547 0.445394 0.484414 0.472755 0.861732
4 0.435271 0.304601 0.43746 0.275796 0.421431 0.271923 0.419242 0.300727 0.841533
4 0.337899 0.556747 0.340072 0.522464 0.320421 0.518504 0.318249 0.552787 0.802851
4 0.362002 0.841509 0.36355 0.813632 0.347766 0.810845 0.346218 0.838722 0.479487
4 0.2442 0.759445 0.246494 0.728214 0.229729 0.724298 0.227435 0.755529 0.381033
4 0.169011 0.582936 0.171285 0.550972 0.154317 0.547132 0.152043 0.579096 0.338484
4 0.415096 0.418518 0.417819 0.379576 0.396275 0.374784 0.393552 0.413726 0.2713
4 0.402544 0.433768 0.405142 0.405119 0.387876 0.40014 0.385278 0.428789 0.939703
4 0.201801 0.392751 0.203724 0.362529 0.186062 0.358955 0.184139 0.389177 0.920694
0 0.446705 0.458345 0.448068 0.423131 0.429223 0.420811 0.42786 0.456025 0.875514
4 0.303348 0.245296 0.305671 0.21328 0.287868 0.20917 0.285544 0.241186 0.872831
4 0.501016 0.474794 0.502073 0.447433 0.48547 0.445394 0.484414 0.472755 0.861732
4 0.435271 0.304601 0.43746 0.275796 0.421431 0.271923 0.419242 0.300727 0.841533
4 0.337899 0.556747 0.340072 0.522464 0.320421 0.518504 0.318249 0.552787 0.802851
4 0.362002 0.841509 0.36355 0.813632 0.347766 0.810845 0.346218 0.838722 0.479487
4 0.2442 0.759445 0.246494 0.728214 0.229729 0.724298 0.227435 0.755529 0.381033
4 0.169011 0.582936 0.171285 0.550972 0.154317 0.547132 0.152043 0.579096 0.338484
4 0.415096 0.418518 0.417819 0.379576 0.396275 0.374784 0.393552 0.413726 0.2713
