4 0.201778 0.392902 0.203772 0.362483 0.185817 0.35874 0.183823 0.389159 0.921119
4 0.401404 0.434248 0.402466 0.404882 0.387192 0.403125 0.38613 0.432491 0.893073
4 0.303065 0.244599 0.305219 0.213493 0.287931 0.209686 0.285777 0.240792 0.874684
4 0.500988 0.4748 0.50201 0.447632 0.486009 0.445718 0.484987 0.472886 0.856234
4 0.435194 0.304844 0.437403 0.275884 0.421468 0.272019 0.419259 0.300979 0.836478
4 0.337664 0.556609 0.339892 0.522678 0.320463 0.518621 0.318235 0.552553 0.799875
0 0.428532 0.433532 0.432235 0.395109 0.411798 0.388845 0.408095 0.427268 0.691296
4 0.361922 0.841666 0.363544 0.813596 0.347683 0.810682 0.346061 0.838752 0.474262
4 0.244127 0.759633 0.246402 0.72856 0.229693 0.724668 0.227417 0.75574 0.394553
4 0.168602 0.580432 0.171179 0.548325 0.153043 0.543695 0.150466 0.575802 0.335897
4 0.431244 0.458065 0.433155 0.425251 0.411622 0.421263 0.409711 0.454076 0.308411
4 0.201778 0.392902 0.203772 0.362483 0.185817 0.35874 0.183823 0.389159 0.921119
4 0.401404 0.434248 0.402466 0.404882 0.387192 0.403125 0.38613 0.432491 0.893073
4 0.303065 0.244599 0.305219 0.213493 0.287931 0.209686 0.285777 0.240792 0.874684
4 0.500988 0.4748 0.50201 0.447632 0.486009 0.445718 0.484987 0.472886 0.856234
4 0.435194 0.304844 0.437403 0.275884 0.421468 0.272019 0.419259 0.300979 0.836478
4 0.337664 0.556609 0.339892 0.522678 0.320463 0.518621 0.318235 0.552553 0.799875
0 0.428532 0.433532 0.432235 0.395109 0.411798 0.388845 0.408095 0.427268 0.691296
4 0.361922 0.841666 0.363544 0.813596 0.347683 0.810682 0.346061 0.838752 0.474262
4 0.244127 0.759633 0.246402 0.72856 0.229693 0.724668 0.227417 0.75574 0.394553
4 0.168602 0.580432 0.171179 0.548325 0.153043 0.543695 0.150466 0.575802 0.335897
4 0.431244 0.458065 0.433155 0.425251 0.411622 0.421263 0.409711 0.454076 0.308411
