4 0.401646 0.433545 0.404154 0.40508 0.387592 0.40044 0.385085 0.428905 0.925408
4 0.201759 0.392466 0.203659 0.362151 0.185946 0.358621 0.184046 0.388936 0.918978
4 0.303106 0.244991 0.305281 0.213331 0.287593 0.209466 0.285417 0.241126 0.865619
4 0.501059 0.474793 0.502033 0.447442 0.485798 0.445604 0.484825 0.472955 0.848411
4 0.435206 0.30451 0.437327 0.275985 0.421472 0.272236 0.419351 0.300761 0.836919
4 0.337707 0.556627 0.339936 0.522485 0.320426 0.518434 0.318197 0.552576 0.789829
0 0.435559 0.500796 0.437692 0.461618 0.415146 0.457714 0.413013 0.496891 0.720155
4 0.362029 0.841695 0.363727 0.813404 0.347587 0.810324 0.345889 0.838615 0.468511
4 0.244302 0.759439 0.246681 0.728178 0.229811 0.724095 0.227432 0.755355 0.439271
4 0.168984 0.582962 0.171428 0.550224 0.154296 0.546156 0.151852 0.578895 0.384692
4 0.401646 0.433545 0.404154 0.40508 0.387592 0.40044 0.385085 0.428905 0.925408
4 0.201759 0.392466 0.203659 0.362151 0.185946 0.358621 0.184046 0.388936 0.918978
4 0.303106 0.244991 0.305281 0.213331 0.287593 0.209466 0.285417 0.241126 0.865619
4 0.501059 0.474793 0.502033 0.447442 0.485798 0.445604 0.484825 0.472955 0.848411
4 0.435206 0.30451 0.437327 0.275985 0.421472 0.272236 0.419351 0.300761 0.836919
4 0.337707 0.556627 0.339936 0.522485 0.320426 0.518434 0.318197 0.552576 0.789829
0 0.435559 0.500796 0.437692 0.461618 0.415146 0.457714 0.413013 0.496891 0.720155
4 0.362029 0.841695 0.363727 0.813404 0.347587 0.810324 0.345889 0.838615 0.468511
4 0.244302 0.759439 0.246681 0.728178 0.229811 0.724095 0.227432 0.755355 0.439271
4 0.168984 0.582962 0.171428 0.550224 0.154296 0.546156 0.151852 0.578895 0.384692
