4 0.3613 0.498172 0.362732 0.46976 0.346378 0.467139 0.344946 0.49555 0.944953
0 0.403887 0.677868 0.407703 0.641188 0.389338 0.635111 0.385522 0.671791 0.710281
4 0.425745 0.682472 0.428064 0.654873 0.410981 0.650307 0.408661 0.677906 0.558686
4 0.331369 0.497339 0.333343 0.457711 0.310573 0.454105 0.308599 0.493733 0.545654
4 0.336573 0.473339 0.33748 0.444717 0.321339 0.443091 0.320433 0.471713 0.488399
4 0.341178 0.584977 0.344648 0.553602 0.3275 0.547571 0.324031 0.578946 0.377027
4 0.3613 0.498172 0.362732 0.46976 0.346378 0.467139 0.344946 0.49555 0.944953
0 0.403887 0.677868 0.407703 0.641188 0.389338 0.635111 0.385522 0.671791 0.710281
4 0.425745 0.682472 0.428064 0.654873 0.410981 0.650307 0.408661 0.677906 0.558686
4 0.331369 0.497339 0.333343 0.457711 0.310573 0.454105 0.308599 0.493733 0.545654
4 0.336573 0.473339 0.33748 0.444717 0.321339 0.443091 0.320433 0.471713 0.488399
4 0.341178 0.584977 0.344648 0.553602 0.3275 0.547571 0.324031 0.578946 0.377027
