4 0.201896 0.392584 0.203744 0.362637 0.186049 0.359165 0.184201 0.389113 0.927746
4 0.303085 0.244366 0.305199 0.213324 0.287946 0.209587 0.285832 0.240629 0.877591
4 0.501257 0.474413 0.502203 0.447545 0.48602 0.445734 0.485074 0.472602 0.864456
4 0.435127 0.304968 0.437299 0.276014 0.421235 0.272183 0.419063 0.301137 0.845033
4 0.439757 0.708206 0.441875 0.678527 0.423703 0.674402 0.421585 0.704081 0.68273
4 0.430613 0.609796 0.431697 0.581766 0.414979 0.579709 0.413895 0.607739 0.597186
4 0.361973 0.841707 0.363571 0.813575 0.347764 0.81072 0.346166 0.838852 0.494119
4 0.244287 0.759421 0.246592 0.728124 0.229624 0.72415 0.22732 0.755448 0.434027
4 0.141812 0.213879 0.143572 0.183533 0.123674 0.179864 0.121915 0.210211 0.401683
4 0.16867 0.580462 0.171146 0.548413 0.153013 0.543958 0.150537 0.576007 0.365563
4 0.201896 0.392584 0.203744 0.362637 0.186049 0.359165 0.184201 0.389113 0.927746
4 0.303085 0.244366 0.305199 0.213324 0.287946 0.209587 0.285832 0.240629 0.877591
4 0.501257 0.474413 0.502203 0.447545 0.48602 0.445734 0.485074 0.472602 0.864456
4 0.435127 0.304968 0.437299 0.276014 0.421235 0.272183 0.419063 0.301137 0.845033
4 0.439757 0.708206 0.441875 0.678527 0.423703 0.674402 0.421585 0.704081 0.68273
4 0.430613 0.609796 0.431697 0.581766 0.414979 0.579709 0.413895 0.607739 0.597186
4 0.361973 0.841707 0.363571 0.813575 0.347764 0.81072 0.346166 0.838852 0.494119
4 0.244287 0.759421 0.246592 0.728124 0.229624 0.72415 0.22732 0.755448 0.434027
4 0.141812 0.213879 0.143572 0.183533 0.123674 0.179864 0.121915 0.210211 0.401683
4 0.16867 0.580462 0.171146 0.548413 0.153013 0.543958 0.150537 0.576007 0.365563
