4 0.201773 0.392799 0.203654 0.362484 0.185827 0.358966 0.183945 0.389281 0.922052
4 0.303285 0.244776 0.305463 0.213154 0.287845 0.209294 0.285666 0.240917 0.874977
4 0.501129 0.474677 0.502117 0.447564 0.485878 0.445682 0.48489 0.472796 0.851776
4 0.435133 0.304776 0.437269 0.275809 0.421326 0.272071 0.419191 0.301038 0.846011
4 0.439161 0.708353 0.441078 0.678654 0.423568 0.67506 0.421651 0.704758 0.730618
0 0.423157 0.681572 0.427086 0.644719 0.407081 0.637936 0.403152 0.674788 0.695735
4 0.430392 0.609062 0.431126 0.580492 0.41523 0.579193 0.414496 0.607762 0.474789
4 0.361967 0.841439 0.363475 0.813578 0.347763 0.810875 0.346256 0.838735 0.453615
4 0.244194 0.759562 0.246519 0.728254 0.229714 0.724286 0.227389 0.755594 0.386656
4 0.168498 0.580362 0.171015 0.548528 0.153039 0.544007 0.150522 0.575842 0.344952
4 0.201773 0.392799 0.203654 0.362484 0.185827 0.358966 0.183945 0.389281 0.922052
4 0.303285 0.244776 0.305463 0.213154 0.287845 0.209294 0.285666 0.240917 0.874977
4 0.501129 0.474677 0.502117 0.447564 0.485878 0.445682 0.48489 0.472796 0.851776
4 0.435133 0.304776 0.437269 0.275809 0.421326 0.272071 0.419191 0.301038 0.846011
4 0.439161 0.708353 0.441078 0.678654 0.423568 0.67506 0.421651 0.704758 0.730618
0 0.423157 0.681572 0.427086 0.644719 0.407081 0.637936 0.403152 0.674788 0.695735
4 0.430392 0.609062 0.431126 0.580492 0.41523 0.579193 0.414496 0.607762 0.474789
4 0.361967 0.841439 0.363475 0.813578 0.347763 0.810875 0.346256 0.838735 0.453615
4 0.244194 0.759562 0.246519 0.728254 0.229714 0.724286 0.227389 0.755594 0.386656
4 0.168498 0.580362 0.171015 0.548528 0.153039 0.544007 0.150522 0.575842 0.344952
