4 0.201655 0.392655 0.203508 0.362765 0.185907 0.359294 0.184053 0.389183 0.922989
4 0.303267 0.244822 0.305448 0.21333 0.287954 0.209476 0.285772 0.240968 0.874549
4 0.50116 0.474406 0.502152 0.447602 0.486086 0.44571 0.485094 0.472515 0.856136
4 0.435116 0.304831 0.437255 0.275748 0.421312 0.272019 0.419173 0.301102 0.851996
4 0.441145 0.708775 0.443797 0.679599 0.424138 0.673916 0.421486 0.703092 0.63338
4 0.430934 0.609138 0.431915 0.58124 0.414919 0.579341 0.413939 0.607239 0.626384
4 0.361915 0.841566 0.363481 0.813653 0.347723 0.810842 0.346158 0.838755 0.442008
4 0.244114 0.759495 0.246468 0.728359 0.229726 0.724334 0.227372 0.75547 0.38401
4 0.168603 0.580499 0.171187 0.548435 0.153093 0.543798 0.150509 0.575862 0.380533
4 0.201655 0.392655 0.203508 0.362765 0.185907 0.359294 0.184053 0.389183 0.922989
4 0.303267 0.244822 0.305448 0.21333 0.287954 0.209476 0.285772 0.240968 0.874549
4 0.50116 0.474406 0.502152 0.447602 0.486086 0.44571 0.485094 0.472515 0.856136
4 0.435116 0.304831 0.437255 0.275748 0.421312 0.272019 0.419173 0.301102 0.851996
4 0.441145 0.708775 0.443797 0.679599 0.424138 0.673916 0.421486 0.703092 0.63338
4 0.430934 0.609138 0.431915 0.58124 0.414919 0.579341 0.413939 0.607239 0.626384
4 0.361915 0.841566 0.363481 0.813653 0.347723 0.810842 0.346158 0.838755 0.442008
4 0.244114 0.759495 0.246468 0.728359 0.229726 0.724334 0.227372 0.75547 0.38401
4 0.168603 0.580499 0.171187 0.548435 0.153093 0.543798 0.150509 0.575862 0.380533
