4 0.201755 0.392571 0.203675 0.362216 0.185838 0.358628 0.183918 0.388983 0.916507
4 0.303313 0.244524 0.305323 0.213374 0.287936 0.209808 0.285927 0.240958 0.872606
4 0.501063 0.474426 0.502071 0.447412 0.485706 0.445471 0.484698 0.472484 0.857366
4 0.435145 0.304697 0.437256 0.276083 0.421457 0.272378 0.419347 0.300991 0.836525
4 0.362019 0.84183 0.363668 0.813531 0.347662 0.810565 0.346013 0.838863 0.498966
0 0.401051 0.639164 0.404118 0.603821 0.385487 0.598679 0.38242 0.634023 0.454108
4 0.244301 0.759402 0.246559 0.728294 0.229786 0.724422 0.227528 0.75553 0.443704
4 0.418727 0.666719 0.421139 0.635371 0.40091 0.630421 0.398498 0.661769 0.390923
4 0.168531 0.580432 0.171084 0.548483 0.152981 0.543882 0.150427 0.575831 0.360482
4 0.201755 0.392571 0.203675 0.362216 0.185838 0.358628 0.183918 0.388983 0.916507
4 0.303313 0.244524 0.305323 0.213374 0.287936 0.209808 0.285927 0.240958 0.872606
4 0.501063 0.474426 0.502071 0.447412 0.485706 0.445471 0.484698 0.472484 0.857366
4 0.435145 0.304697 0.437256 0.276083 0.421457 0.272378 0.419347 0.300991 0.836525
4 0.362019 0.84183 0.363668 0.813531 0.347662 0.810565 0.346013 0.838863 0.498966
0 0.401051 0.639164 0.404118 0.603821 0.385487 0.598679 0.38242 0.634023 0.454108
4 0.244301 0.759402 0.246559 0.728294 0.229786 0.724422 0.227528 0.75553 0.443704
4 0.418727 0.666719 0.421139 0.635371 0.40091 0.630421 0.398498 0.661769 0.390923
4 0.168531 0.580432 0.171084 0.548483 0.152981 0.543882 0.150427 0.575831 0.360482
