4 0.367519 0.565617 0.368284 0.537104 0.350977 0.535627 0.350212 0.564139 0.934542
4 0.33729 0.471845 0.339379 0.443687 0.32351 0.439944 0.321421 0.468101 0.922116
4 0.358395 0.44654 0.359979 0.41952 0.34488 0.416704 0.343296 0.443724 0.794609
4 0.39854 0.360685 0.399808 0.331628 0.383739 0.329398 0.382471 0.358455 0.758028
4 0.381066 0.659935 0.383228 0.628506 0.366608 0.624869 0.364446 0.656298 0.750825
0 0.454911 0.628972 0.45896 0.590654 0.438707 0.583847 0.434657 0.622165 0.632002
4 0.477685 0.630665 0.479146 0.595759 0.461974 0.593474 0.460514 0.62838 0.588614
4 0.370941 0.616111 0.373421 0.586627 0.354516 0.581571 0.352036 0.611054 0.479417
4 0.343179 0.580955 0.344073 0.550803 0.32743 0.549233 0.326536 0.579385 0.453181
4 0.367519 0.565617 0.368284 0.537104 0.350977 0.535627 0.350212 0.564139 0.934542
4 0.33729 0.471845 0.339379 0.443687 0.32351 0.439944 0.321421 0.468101 0.922116
4 0.358395 0.44654 0.359979 0.41952 0.34488 0.416704 0.343296 0.443724 0.794609
4 0.39854 0.360685 0.399808 0.331628 0.383739 0.329398 0.382471 0.358455 0.758028
4 0.381066 0.659935 0.383228 0.628506 0.366608 0.624869 0.364446 0.656298 0.750825
0 0.454911 0.628972 0.45896 0.590654 0.438707 0.583847 0.434657 0.622165 0.632002
4 0.477685 0.630665 0.479146 0.595759 0.461974 0.593474 0.460514 0.62838 0.588614
4 0.370941 0.616111 0.373421 0.586627 0.354516 0.581571 0.352036 0.611054 0.479417
4 0.343179 0.580955 0.344073 0.550803 0.32743 0.549233 0.326536 0.579385 0.453181
