4 0.391453 0.546462 0.392733 0.519245 0.375642 0.51669 0.374362 0.543907 0.862478
4 0.338629 0.575546 0.340268 0.547873 0.324536 0.544909 0.322897 0.572582 0.768141
4 0.419262 0.703997 0.420707 0.673938 0.403009 0.671232 0.401563 0.701291 0.716799
4 0.398603 0.360459 0.399793 0.3311 0.383819 0.329041 0.382629 0.3584 0.668298
4 0.482012 0.637088 0.484305 0.604915 0.466538 0.600889 0.464245 0.633061 0.604426
4 0.308119 0.463655 0.309508 0.439158 0.294723 0.436491 0.293334 0.460989 0.590582
0 0.300742 0.499137 0.321117 0.497754 0.320338 0.461228 0.299962 0.462611 0.356957
4 0.391453 0.546462 0.392733 0.519245 0.375642 0.51669 0.374362 0.543907 0.862478
4 0.338629 0.575546 0.340268 0.547873 0.324536 0.544909 0.322897 0.572582 0.768141
4 0.419262 0.703997 0.420707 0.673938 0.403009 0.671232 0.401563 0.701291 0.716799
4 0.398603 0.360459 0.399793 0.3311 0.383819 0.329041 0.382629 0.3584 0.668298
4 0.482012 0.637088 0.484305 0.604915 0.466538 0.600889 0.464245 0.633061 0.604426
4 0.308119 0.463655 0.309508 0.439158 0.294723 0.436491 0.293334 0.460989 0.590582
0 0.300742 0.499137 0.321117 0.497754 0.320338 0.461228 0.299962 0.462611 0.356957
