0 0.291736 0.34652 0.296476 0.306715 0.275505 0.298774 0.270765 0.338579 0.927221
4 0.391132 0.54646 0.392432 0.519237 0.375506 0.516666 0.374206 0.543889 0.870838
4 0.242832 0.308149 0.245293 0.276428 0.227865 0.272127 0.225403 0.303848 0.808871
4 0.419355 0.704158 0.420794 0.673844 0.403095 0.671172 0.401656 0.701486 0.737028
4 0.398471 0.360526 0.39974 0.331061 0.383628 0.328856 0.38236 0.358321 0.687551
4 0.338325 0.576015 0.340321 0.547532 0.32399 0.543892 0.321994 0.572375 0.674785
4 0.482028 0.637083 0.484488 0.604849 0.466796 0.600555 0.464336 0.632789 0.599868
0 0.291736 0.34652 0.296476 0.306715 0.275505 0.298774 0.270765 0.338579 0.927221
4 0.391132 0.54646 0.392432 0.519237 0.375506 0.516666 0.374206 0.543889 0.870838
4 0.242832 0.308149 0.245293 0.276428 0.227865 0.272127 0.225403 0.303848 0.808871
4 0.419355 0.704158 0.420794 0.673844 0.403095 0.671172 0.401656 0.701486 0.737028
4 0.398471 0.360526 0.39974 0.331061 0.383628 0.328856 0.38236 0.358321 0.687551
4 0.338325 0.576015 0.340321 0.547532 0.32399 0.543892 0.321994 0.572375 0.674785
4 0.482028 0.637083 0.484488 0.604849 0.466796 0.600555 0.464336 0.632789 0.599868
