4 0.201813 0.392793 0.203824 0.362441 0.185849 0.358652 0.183838 0.389005 0.914626
4 0.303182 0.244671 0.305229 0.21308 0.287691 0.209465 0.285644 0.241056 0.881324
4 0.501179 0.474852 0.502188 0.447661 0.485945 0.445744 0.484936 0.472935 0.865291
4 0.435127 0.304971 0.437346 0.27573 0.421319 0.271862 0.4191 0.301103 0.845614
4 0.439067 0.708386 0.441014 0.678653 0.423536 0.675012 0.421588 0.704744 0.758162
0 0.423247 0.681682 0.427197 0.644573 0.406904 0.637704 0.402954 0.674812 0.692894
4 0.362002 0.841655 0.363505 0.813514 0.347569 0.810807 0.346065 0.838948 0.483067
4 0.430297 0.608842 0.430973 0.580053 0.41498 0.578858 0.414304 0.607647 0.451721
4 0.244271 0.759648 0.24653 0.728304 0.229657 0.724436 0.227398 0.755781 0.396328
4 0.168624 0.580368 0.171221 0.548144 0.153137 0.543509 0.15054 0.575732 0.365475
4 0.201813 0.392793 0.203824 0.362441 0.185849 0.358652 0.183838 0.389005 0.914626
4 0.303182 0.244671 0.305229 0.21308 0.287691 0.209465 0.285644 0.241056 0.881324
4 0.501179 0.474852 0.502188 0.447661 0.485945 0.445744 0.484936 0.472935 0.865291
4 0.435127 0.304971 0.437346 0.27573 0.421319 0.271862 0.4191 0.301103 0.845614
4 0.439067 0.708386 0.441014 0.678653 0.423536 0.675012 0.421588 0.704744 0.758162
0 0.423247 0.681682 0.427197 0.644573 0.406904 0.637704 0.402954 0.674812 0.692894
4 0.362002 0.841655 0.363505 0.813514 0.347569 0.810807 0.346065 0.838948 0.483067
4 0.430297 0.608842 0.430973 0.580053 0.41498 0.578858 0.414304 0.607647 0.451721
4 0.244271 0.759648 0.24653 0.728304 0.229657 0.724436 0.227398 0.755781 0.396328
4 0.168624 0.580368 0.171221 0.548144 0.153137 0.543509 0.15054 0.575732 0.365475
