4 0.201712 0.392665 0.203526 0.362664 0.185951 0.359285 0.184137 0.389286 0.926942
4 0.303258 0.244356 0.305275 0.213095 0.287859 0.209521 0.285842 0.240782 0.875884
4 0.501189 0.474343 0.502148 0.447518 0.486027 0.445686 0.485068 0.472511 0.858023
4 0.435095 0.304847 0.437233 0.275762 0.421227 0.272021 0.41909 0.301107 0.852406
4 0.441087 0.709121 0.443473 0.679798 0.42396 0.67475 0.421575 0.704073 0.738225
4 0.430967 0.609146 0.431959 0.581152 0.41487 0.579227 0.413878 0.607221 0.662541
4 0.361904 0.841564 0.363497 0.813641 0.347738 0.81078 0.346144 0.838703 0.449013
4 0.244186 0.759461 0.2465 0.728338 0.229762 0.724381 0.227448 0.755504 0.404631
4 0.168568 0.580338 0.17109 0.548564 0.153166 0.544039 0.150644 0.575813 0.371848
4 0.140139 0.215134 0.141835 0.184766 0.122304 0.181297 0.120608 0.211665 0.326011
4 0.201712 0.392665 0.203526 0.362664 0.185951 0.359285 0.184137 0.389286 0.926942
4 0.303258 0.244356 0.305275 0.213095 0.287859 0.209521 0.285842 0.240782 0.875884
4 0.501189 0.474343 0.502148 0.447518 0.486027 0.445686 0.485068 0.472511 0.858023
4 0.435095 0.304847 0.437233 0.275762 0.421227 0.272021 0.41909 0.301107 0.852406
4 0.441087 0.709121 0.443473 0.679798 0.42396 0.67475 0.421575 0.704073 0.738225
4 0.430967 0.609146 0.431959 0.581152 0.41487 0.579227 0.413878 0.607221 0.662541
4 0.361904 0.841564 0.363497 0.813641 0.347738 0.81078 0.346144 0.838703 0.449013
4 0.244186 0.759461 0.2465 0.728338 0.229762 0.724381 0.227448 0.755504 0.404631
4 0.168568 0.580338 0.17109 0.548564 0.153166 0.544039 0.150644 0.575813 0.371848
4 0.140139 0.215134 0.141835 0.184766 0.122304 0.181297 0.120608 0.211665 0.326011
