4 0.367626 0.565786 0.368776 0.536941 0.351601 0.534763 0.35045 0.563608 0.925962
4 0.337459 0.471548 0.339561 0.444121 0.324131 0.44036 0.322029 0.467786 0.925149
4 0.398606 0.360173 0.399644 0.33194 0.384049 0.330116 0.38301 0.358349 0.740003
4 0.342855 0.580848 0.344054 0.551301 0.327458 0.549159 0.326259 0.578706 0.610371
0 0.438122 0.608604 0.441853 0.571568 0.420346 0.564678 0.416615 0.601713 0.585819
4 0.358652 0.447382 0.36067 0.419035 0.344598 0.415396 0.34258 0.443743 0.585524
4 0.380502 0.657934 0.382608 0.625375 0.363718 0.621489 0.361613 0.654048 0.512613
4 0.460948 0.617732 0.464677 0.585176 0.444773 0.577926 0.441044 0.610483 0.466518
4 0.084024 0.422441 0.0887636 0.385899 0.062838 0.375205 0.0580985 0.411747 0.402648
4 0.155347 0.50631 0.158291 0.464958 0.134615 0.459597 0.131671 0.50095 0.379671
4 0.367626 0.565786 0.368776 0.536941 0.351601 0.534763 0.35045 0.563608 0.925962
4 0.337459 0.471548 0.339561 0.444121 0.324131 0.44036 0.322029 0.467786 0.925149
4 0.398606 0.360173 0.399644 0.33194 0.384049 0.330116 0.38301 0.358349 0.740003
4 0.342855 0.580848 0.344054 0.551301 0.327458 0.549159 0.326259 0.578706 0.610371
0 0.438122 0.608604 0.441853 0.571568 0.420346 0.564678 0.416615 0.601713 0.585819
4 0.358652 0.447382 0.36067 0.419035 0.344598 0.415396 0.34258 0.443743 0.585524
4 0.380502 0.657934 0.382608 0.625375 0.363718 0.621489 0.361613 0.654048 0.512613
4 0.460948 0.617732 0.464677 0.585176 0.444773 0.577926 0.441044 0.610483 0.466518
4 0.084024 0.422441 0.0887636 0.385899 0.062838 0.375205 0.0580985 0.411747 0.402648
4 0.155347 0.50631 0.158291 0.464958 0.134615 0.459597 0.131671 0.50095 0.379671
