4 0.20181 0.392625 0.203678 0.362344 0.185892 0.358854 0.184024 0.389136 0.907768
4 0.30338 0.24509 0.30557 0.213331 0.287914 0.209459 0.285724 0.241218 0.870961
4 0.500948 0.474489 0.501985 0.447561 0.485947 0.445595 0.484909 0.472523 0.854713
4 0.435132 0.30476 0.437339 0.27588 0.421438 0.272015 0.419231 0.300895 0.837467
4 0.387962 0.608312 0.389854 0.577651 0.371935 0.574134 0.370043 0.604795 0.69338
0 0.366928 0.584597 0.370937 0.545633 0.349917 0.538755 0.345908 0.577719 0.561413
4 0.361969 0.841506 0.363534 0.813691 0.347844 0.810882 0.346279 0.838698 0.442597
4 0.244087 0.759309 0.246388 0.728389 0.229767 0.724456 0.227467 0.755376 0.391021
4 0.16859 0.580209 0.17103 0.548351 0.153261 0.544024 0.150821 0.575881 0.389185
4 0.462111 0.663693 0.464098 0.636024 0.448604 0.632486 0.446617 0.660155 0.36395
4 0.20181 0.392625 0.203678 0.362344 0.185892 0.358854 0.184024 0.389136 0.907768
4 0.30338 0.24509 0.30557 0.213331 0.287914 0.209459 0.285724 0.241218 0.870961
4 0.500948 0.474489 0.501985 0.447561 0.485947 0.445595 0.484909 0.472523 0.854713
4 0.435132 0.30476 0.437339 0.27588 0.421438 0.272015 0.419231 0.300895 0.837467
4 0.387962 0.608312 0.389854 0.577651 0.371935 0.574134 0.370043 0.604795 0.69338
0 0.366928 0.584597 0.370937 0.545633 0.349917 0.538755 0.345908 0.577719 0.561413
4 0.361969 0.841506 0.363534 0.813691 0.347844 0.810882 0.346279 0.838698 0.442597
4 0.244087 0.759309 0.246388 0.728389 0.229767 0.724456 0.227467 0.755376 0.391021
4 0.16859 0.580209 0.17103 0.548351 0.153261 0.544024 0.150821 0.575881 0.389185
4 0.462111 0.663693 0.464098 0.636024 0.448604 0.632486 0.446617 0.660155 0.36395
