4 0.201686 0.392574 0.203483 0.362418 0.185875 0.359081 0.184079 0.389237 0.922748
4 0.401453 0.433241 0.403718 0.405165 0.387291 0.400951 0.385026 0.429027 0.886114
4 0.303209 0.245058 0.305406 0.213349 0.28779 0.209466 0.285593 0.241175 0.873633
4 0.501336 0.474469 0.502337 0.447379 0.485803 0.445435 0.484801 0.472525 0.870176
4 0.435147 0.304402 0.437267 0.275969 0.421415 0.272209 0.419295 0.300642 0.824361
4 0.337624 0.556824 0.339937 0.522828 0.320418 0.518604 0.318105 0.5526 0.800183
0 0.447893 0.449408 0.450453 0.4134 0.431078 0.40902 0.428518 0.445028 0.719651
4 0.362137 0.841503 0.363614 0.81332 0.347667 0.810661 0.34619 0.838845 0.489276
4 0.244099 0.759381 0.246482 0.728304 0.229834 0.724244 0.227451 0.755321 0.390165
4 0.168578 0.580403 0.171159 0.548315 0.153044 0.543681 0.150463 0.575769 0.342858
4 0.417377 0.39608 0.420537 0.360131 0.401291 0.354751 0.398131 0.3907 0.309818
4 0.201686 0.392574 0.203483 0.362418 0.185875 0.359081 0.184079 0.389237 0.922748
4 0.401453 0.433241 0.403718 0.405165 0.387291 0.400951 0.385026 0.429027 0.886114
4 0.303209 0.245058 0.305406 0.213349 0.28779 0.209466 0.285593 0.241175 0.873633
4 0.501336 0.474469 0.502337 0.447379 0.485803 0.445435 0.484801 0.472525 0.870176
4 0.435147 0.304402 0.437267 0.275969 0.421415 0.272209 0.419295 0.300642 0.824361
4 0.337624 0.556824 0.339937 0.522828 0.320418 0.518604 0.318105 0.5526 0.800183
0 0.447893 0.449408 0.450453 0.4134 0.431078 0.40902 0.428518 0.445028 0.719651
4 0.362137 0.841503 0.363614 0.81332 0.347667 0.810661 0.34619 0.838845 0.489276
4 0.244099 0.759381 0.246482 0.728304 0.229834 0.724244 0.227451 0.755321 0.390165
4 0.168578 0.580403 0.171159 0.548315 0.153044 0.543681 0.150463 0.575769 0.342858
4 0.417377 0.39608 0.420537 0.360131 0.401291 0.354751 0.398131 0.3907 0.309818
