4 0.36698 0.56513 0.367692 0.536723 0.350918 0.535386 0.350206 0.563793 0.94067
4 0.337265 0.47155 0.339255 0.443085 0.323376 0.439556 0.321386 0.46802 0.896506
4 0.358417 0.446482 0.360008 0.419074 0.344739 0.416255 0.343148 0.443663 0.779848
4 0.397772 0.360509 0.399701 0.329743 0.382949 0.326402 0.381019 0.357167 0.641047
4 0.34268 0.581087 0.343917 0.551261 0.32735 0.549075 0.326113 0.578902 0.587307
4 0.477688 0.63054 0.479188 0.596104 0.46192 0.593712 0.460421 0.628148 0.556185
0 0.455498 0.62571 0.459346 0.587102 0.438445 0.580477 0.434597 0.619085 0.51841
4 0.36698 0.56513 0.367692 0.536723 0.350918 0.535386 0.350206 0.563793 0.94067
4 0.337265 0.47155 0.339255 0.443085 0.323376 0.439556 0.321386 0.46802 0.896506
4 0.358417 0.446482 0.360008 0.419074 0.344739 0.416255 0.343148 0.443663 0.779848
4 0.397772 0.360509 0.399701 0.329743 0.382949 0.326402 0.381019 0.357167 0.641047
4 0.34268 0.581087 0.343917 0.551261 0.32735 0.549075 0.326113 0.578902 0.587307
4 0.477688 0.63054 0.479188 0.596104 0.46192 0.593712 0.460421 0.628148 0.556185
0 0.455498 0.62571 0.459346 0.587102 0.438445 0.580477 0.434597 0.619085 0.51841
