4 0.391257 0.546761 0.392602 0.519512 0.37554 0.516834 0.374195 0.544083 0.868345
4 0.419255 0.704883 0.420819 0.674457 0.403054 0.671552 0.401489 0.701978 0.709046
4 0.398485 0.360687 0.399778 0.331237 0.383649 0.328986 0.382356 0.358436 0.700273
4 0.338291 0.576354 0.340198 0.54786 0.323971 0.544405 0.322064 0.572899 0.671635
4 0.482068 0.637127 0.484501 0.604986 0.46664 0.600686 0.464207 0.632827 0.604753
0 0.270678 0.385265 0.273803 0.347116 0.251583 0.341326 0.248458 0.379476 0.558976
4 0.260575 0.347949 0.262506 0.322976 0.245891 0.31889 0.24396 0.343863 0.514786
4 0.391257 0.546761 0.392602 0.519512 0.37554 0.516834 0.374195 0.544083 0.868345
4 0.419255 0.704883 0.420819 0.674457 0.403054 0.671552 0.401489 0.701978 0.709046
4 0.398485 0.360687 0.399778 0.331237 0.383649 0.328986 0.382356 0.358436 0.700273
4 0.338291 0.576354 0.340198 0.54786 0.323971 0.544405 0.322064 0.572899 0.671635
4 0.482068 0.637127 0.484501 0.604986 0.46664 0.600686 0.464207 0.632827 0.604753
0 0.270678 0.385265 0.273803 0.347116 0.251583 0.341326 0.248458 0.379476 0.558976
4 0.260575 0.347949 0.262506 0.322976 0.245891 0.31889 0.24396 0.343863 0.514786
