4 0.201896 0.392581 0.203797 0.362335 0.186025 0.358784 0.184124 0.38903 0.919059
4 0.401902 0.433012 0.403226 0.404347 0.387087 0.401976 0.385763 0.430642 0.910921
4 0.303261 0.244733 0.305356 0.213174 0.287855 0.209479 0.28576 0.241038 0.876671
4 0.501168 0.474637 0.502186 0.447304 0.485545 0.445333 0.484527 0.472666 0.871076
4 0.435299 0.30491 0.437405 0.275788 0.421262 0.272076 0.419156 0.301199 0.839412
4 0.337734 0.556648 0.339834 0.522702 0.32035 0.518867 0.318249 0.552813 0.801864
4 0.362032 0.841457 0.363479 0.813449 0.34761 0.810842 0.346163 0.83885 0.488013
0 0.426036 0.453793 0.445814 0.453682 0.445749 0.416713 0.425971 0.416824 0.453561
4 0.244165 0.759373 0.2465 0.728251 0.229772 0.724258 0.227436 0.75538 0.405245
4 0.168518 0.580183 0.171131 0.548203 0.153107 0.543519 0.150494 0.575499 0.353177
4 0.201896 0.392581 0.203797 0.362335 0.186025 0.358784 0.184124 0.38903 0.919059
4 0.401902 0.433012 0.403226 0.404347 0.387087 0.401976 0.385763 0.430642 0.910921
4 0.303261 0.244733 0.305356 0.213174 0.287855 0.209479 0.28576 0.241038 0.876671
4 0.501168 0.474637 0.502186 0.447304 0.485545 0.445333 0.484527 0.472666 0.871076
4 0.435299 0.30491 0.437405 0.275788 0.421262 0.272076 0.419156 0.301199 0.839412
4 0.337734 0.556648 0.339834 0.522702 0.32035 0.518867 0.318249 0.552813 0.801864
4 0.362032 0.841457 0.363479 0.813449 0.34761 0.810842 0.346163 0.83885 0.488013
0 0.426036 0.453793 0.445814 0.453682 0.445749 0.416713 0.425971 0.416824 0.453561
4 0.244165 0.759373 0.2465 0.728251 0.229772 0.724258 0.227436 0.75538 0.405245
4 0.168518 0.580183 0.171131 0.548203 0.153107 0.543519 0.150494 0.575499 0.353177
