4 0.367486 0.565009 0.368173 0.53707 0.351539 0.535769 0.350852 0.563708 0.929936
4 0.337389 0.471812 0.339442 0.443447 0.323451 0.439765 0.321397 0.46813 0.903036
4 0.358509 0.446329 0.360091 0.419086 0.344867 0.416274 0.343285 0.443517 0.791791
4 0.398496 0.360443 0.399709 0.331246 0.383735 0.329134 0.382522 0.358332 0.737571
4 0.342796 0.581114 0.344073 0.551369 0.327437 0.549096 0.326159 0.578841 0.554815
4 0.380863 0.658042 0.382741 0.625557 0.364223 0.622153 0.362346 0.654637 0.537773
4 0.443619 0.60748 0.445424 0.571089 0.423001 0.567551 0.421195 0.603942 0.466329
0 0.423856 0.593988 0.426127 0.557162 0.406166 0.553247 0.403895 0.590073 0.339548
4 0.367486 0.565009 0.368173 0.53707 0.351539 0.535769 0.350852 0.563708 0.929936
4 0.337389 0.471812 0.339442 0.443447 0.323451 0.439765 0.321397 0.46813 0.903036
4 0.358509 0.446329 0.360091 0.419086 0.344867 0.416274 0.343285 0.443517 0.791791
4 0.398496 0.360443 0.399709 0.331246 0.383735 0.329134 0.382522 0.358332 0.737571
4 0.342796 0.581114 0.344073 0.551369 0.327437 0.549096 0.326159 0.578841 0.554815
4 0.380863 0.658042 0.382741 0.625557 0.364223 0.622153 0.362346 0.654637 0.537773
4 0.443619 0.60748 0.445424 0.571089 0.423001 0.567551 0.421195 0.603942 0.466329
0 0.423856 0.593988 0.426127 0.557162 0.406166 0.553247 0.403895 0.590073 0.339548
