4 0.201791 0.39271 0.203629 0.362443 0.185916 0.359022 0.184078 0.389289 0.915775
4 0.303293 0.244428 0.305258 0.213313 0.287973 0.209842 0.286008 0.240957 0.885021
4 0.435194 0.304785 0.437312 0.275796 0.421382 0.272095 0.419265 0.301085 0.844777
4 0.501069 0.474693 0.502157 0.44754 0.485866 0.445464 0.484778 0.472616 0.835501
4 0.395343 0.617945 0.396231 0.587553 0.377439 0.585805 0.376551 0.616197 0.797717
0 0.376252 0.59637 0.378936 0.556675 0.358151 0.552206 0.355468 0.591901 0.531684
4 0.361888 0.841574 0.363526 0.813749 0.347793 0.810805 0.346156 0.83863 0.475203
4 0.244177 0.759469 0.246431 0.728561 0.22977 0.724697 0.227516 0.755605 0.424908
4 0.168551 0.580104 0.171011 0.548404 0.153169 0.544 0.150709 0.5757 0.371622
4 0.201791 0.39271 0.203629 0.362443 0.185916 0.359022 0.184078 0.389289 0.915775
4 0.303293 0.244428 0.305258 0.213313 0.287973 0.209842 0.286008 0.240957 0.885021
4 0.435194 0.304785 0.437312 0.275796 0.421382 0.272095 0.419265 0.301085 0.844777
4 0.501069 0.474693 0.502157 0.44754 0.485866 0.445464 0.484778 0.472616 0.835501
4 0.395343 0.617945 0.396231 0.587553 0.377439 0.585805 0.376551 0.616197 0.797717
0 0.376252 0.59637 0.378936 0.556675 0.358151 0.552206 0.355468 0.591901 0.531684
4 0.361888 0.841574 0.363526 0.813749 0.347793 0.810805 0.346156 0.83863 0.475203
4 0.244177 0.759469 0.246431 0.728561 0.22977 0.724697 0.227516 0.755605 0.424908
4 0.168551 0.580104 0.171011 0.548404 0.153169 0.544 0.150709 0.5757 0.371622
