4 0.201968 0.392604 0.203849 0.36238 0.185895 0.358828 0.184015 0.389052 0.927249
4 0.50125 0.474382 0.502224 0.447303 0.485826 0.445427 0.484852 0.472505 0.874927
4 0.401221 0.433101 0.40326 0.4048 0.38724 0.40113 0.385201 0.429432 0.872325
4 0.303248 0.244805 0.305447 0.213321 0.287872 0.209418 0.285674 0.240902 0.87206
4 0.435182 0.304569 0.437378 0.275756 0.421339 0.271869 0.419143 0.300683 0.832651
4 0.337668 0.556906 0.339924 0.522644 0.32041 0.518558 0.318154 0.55282 0.802947
0 0.448134 0.448967 0.450272 0.413201 0.430648 0.40947 0.42851 0.445237 0.740113
4 0.361991 0.841355 0.363448 0.813266 0.347637 0.810658 0.34618 0.838747 0.49713
4 0.169199 0.582745 0.171445 0.550606 0.154276 0.546789 0.152029 0.578928 0.402888
4 0.244188 0.759487 0.246425 0.728385 0.229757 0.724574 0.227521 0.755675 0.378215
4 0.417998 0.389631 0.420398 0.352593 0.400787 0.348552 0.398388 0.385591 0.29665
4 0.201968 0.392604 0.203849 0.36238 0.185895 0.358828 0.184015 0.389052 0.927249
4 0.50125 0.474382 0.502224 0.447303 0.485826 0.445427 0.484852 0.472505 0.874927
4 0.401221 0.433101 0.40326 0.4048 0.38724 0.40113 0.385201 0.429432 0.872325
4 0.303248 0.244805 0.305447 0.213321 0.287872 0.209418 0.285674 0.240902 0.87206
4 0.435182 0.304569 0.437378 0.275756 0.421339 0.271869 0.419143 0.300683 0.832651
4 0.337668 0.556906 0.339924 0.522644 0.32041 0.518558 0.318154 0.55282 0.802947
0 0.448134 0.448967 0.450272 0.413201 0.430648 0.40947 0.42851 0.445237 0.740113
4 0.361991 0.841355 0.363448 0.813266 0.347637 0.810658 0.34618 0.838747 0.49713
4 0.169199 0.582745 0.171445 0.550606 0.154276 0.546789 0.152029 0.578928 0.402888
4 0.244188 0.759487 0.246425 0.728385 0.229757 0.724574 0.227521 0.755675 0.378215
4 0.417998 0.389631 0.420398 0.352593 0.400787 0.348552 0.398388 0.385591 0.29665
