4 0.201834 0.392756 0.203712 0.362475 0.186026 0.358988 0.184149 0.389269 0.919851
4 0.404126 0.433613 0.406389 0.403438 0.388531 0.399177 0.386268 0.429352 0.914848
4 0.501463 0.474587 0.502482 0.447467 0.485958 0.445492 0.484939 0.472612 0.877916
4 0.303098 0.24484 0.30528 0.213119 0.287556 0.209242 0.285374 0.240964 0.873577
4 0.43525 0.304772 0.437448 0.275817 0.42139 0.271939 0.419191 0.300894 0.837643
4 0.337734 0.556934 0.339996 0.522631 0.320363 0.518513 0.3181 0.552816 0.798944
0 0.448733 0.450231 0.45097 0.41342 0.431309 0.409621 0.429073 0.446433 0.764142
4 0.361973 0.841693 0.363561 0.813383 0.347531 0.810523 0.345943 0.838833 0.472291
4 0.168632 0.580455 0.171208 0.54824 0.152941 0.543594 0.150365 0.57581 0.358385
4 0.244167 0.759634 0.246506 0.728396 0.229714 0.724397 0.227374 0.755635 0.355494
4 0.201834 0.392756 0.203712 0.362475 0.186026 0.358988 0.184149 0.389269 0.919851
4 0.404126 0.433613 0.406389 0.403438 0.388531 0.399177 0.386268 0.429352 0.914848
4 0.501463 0.474587 0.502482 0.447467 0.485958 0.445492 0.484939 0.472612 0.877916
4 0.303098 0.24484 0.30528 0.213119 0.287556 0.209242 0.285374 0.240964 0.873577
4 0.43525 0.304772 0.437448 0.275817 0.42139 0.271939 0.419191 0.300894 0.837643
4 0.337734 0.556934 0.339996 0.522631 0.320363 0.518513 0.3181 0.552816 0.798944
0 0.448733 0.450231 0.45097 0.41342 0.431309 0.409621 0.429073 0.446433 0.764142
4 0.361973 0.841693 0.363561 0.813383 0.347531 0.810523 0.345943 0.838833 0.472291
4 0.168632 0.580455 0.171208 0.54824 0.152941 0.543594 0.150365 0.57581 0.358385
4 0.244167 0.759634 0.246506 0.728396 0.229714 0.724397 0.227374 0.755635 0.355494
