4 0.33722 0.471579 0.339337 0.443253 0.323529 0.439496 0.321412 0.467822 0.903423
4 0.367171 0.564324 0.367712 0.536771 0.351304 0.535746 0.350763 0.563299 0.869617
4 0.358251 0.446546 0.35996 0.419331 0.34478 0.416301 0.343072 0.443516 0.797963
4 0.478147 0.623003 0.479382 0.591136 0.462636 0.589073 0.461402 0.62094 0.777143
4 0.398619 0.36036 0.399824 0.331263 0.383811 0.329155 0.382607 0.358253 0.703211
4 0.381008 0.659361 0.383454 0.629032 0.367445 0.624926 0.364999 0.655255 0.57516
4 0.371237 0.616842 0.374215 0.588807 0.357718 0.583234 0.35474 0.611269 0.553205
4 0.342829 0.580192 0.343879 0.550289 0.327437 0.548451 0.326386 0.578355 0.404849
4 0.33722 0.471579 0.339337 0.443253 0.323529 0.439496 0.321412 0.467822 0.903423
4 0.367171 0.564324 0.367712 0.536771 0.351304 0.535746 0.350763 0.563299 0.869617
4 0.358251 0.446546 0.35996 0.419331 0.34478 0.416301 0.343072 0.443516 0.797963
4 0.478147 0.623003 0.479382 0.591136 0.462636 0.589073 0.461402 0.62094 0.777143
4 0.398619 0.36036 0.399824 0.331263 0.383811 0.329155 0.382607 0.358253 0.703211
4 0.381008 0.659361 0.383454 0.629032 0.367445 0.624926 0.364999 0.655255 0.57516
4 0.371237 0.616842 0.374215 0.588807 0.357718 0.583234 0.35474 0.611269 0.553205
4 0.342829 0.580192 0.343879 0.550289 0.327437 0.548451 0.326386 0.578355 0.404849
