4 0.33732 0.471647 0.339498 0.443073 0.323559 0.439209 0.321381 0.467783 0.898199
4 0.367187 0.563879 0.3677 0.536253 0.351149 0.535276 0.350636 0.562902 0.862172
4 0.358405 0.446609 0.360151 0.418705 0.344708 0.415633 0.342962 0.443537 0.797476
4 0.477886 0.623614 0.479096 0.591906 0.461924 0.589821 0.460714 0.621529 0.741014
4 0.398596 0.360309 0.399837 0.33093 0.383757 0.32877 0.382516 0.358149 0.685542
4 0.371414 0.61651 0.374375 0.588754 0.35807 0.583222 0.355109 0.610977 0.539757
4 0.381244 0.658984 0.383639 0.62859 0.367775 0.624614 0.36538 0.655008 0.533263
4 0.484612 0.635666 0.487135 0.606102 0.469995 0.601451 0.467473 0.631016 0.4252
4 0.342972 0.580377 0.34402 0.550503 0.327507 0.548661 0.326459 0.578535 0.409162
0 0.46249 0.630081 0.465811 0.591753 0.445667 0.586202 0.442346 0.62453 0.272633
4 0.33732 0.471647 0.339498 0.443073 0.323559 0.439209 0.321381 0.467783 0.898199
4 0.367187 0.563879 0.3677 0.536253 0.351149 0.535276 0.350636 0.562902 0.862172
4 0.358405 0.446609 0.360151 0.418705 0.344708 0.415633 0.342962 0.443537 0.797476
4 0.477886 0.623614 0.479096 0.591906 0.461924 0.589821 0.460714 0.621529 0.741014
4 0.398596 0.360309 0.399837 0.33093 0.383757 0.32877 0.382516 0.358149 0.685542
4 0.371414 0.61651 0.374375 0.588754 0.35807 0.583222 0.355109 0.610977 0.539757
4 0.381244 0.658984 0.383639 0.62859 0.367775 0.624614 0.36538 0.655008 0.533263
4 0.484612 0.635666 0.487135 0.606102 0.469995 0.601451 0.467473 0.631016 0.4252
4 0.342972 0.580377 0.34402 0.550503 0.327507 0.548661 0.326459 0.578535 0.409162
0 0.46249 0.630081 0.465811 0.591753 0.445667 0.586202 0.442346 0.62453 0.272633
