4 0.201646 0.392887 0.203498 0.362539 0.185667 0.359079 0.183815 0.389427 0.926094
4 0.303169 0.244888 0.305276 0.213183 0.287785 0.209486 0.285678 0.241191 0.876741
4 0.501098 0.474469 0.502105 0.447527 0.485907 0.445602 0.4849 0.472544 0.846136
4 0.435094 0.304688 0.437292 0.275579 0.421262 0.271728 0.419063 0.300837 0.839575
4 0.43068 0.609366 0.431847 0.581505 0.41474 0.579227 0.413573 0.607088 0.695767
4 0.361911 0.841425 0.363515 0.813531 0.347771 0.810651 0.346166 0.838546 0.457255
4 0.443198 0.710531 0.444767 0.681989 0.42706 0.678892 0.42549 0.707434 0.393237
4 0.244058 0.759492 0.246479 0.728242 0.229864 0.724149 0.227443 0.755399 0.3703
4 0.168554 0.580561 0.171139 0.548557 0.153126 0.54393 0.150541 0.575935 0.351461
0 0.428803 0.685876 0.433392 0.653289 0.41236 0.643869 0.407771 0.676457 0.350368
4 0.201646 0.392887 0.203498 0.362539 0.185667 0.359079 0.183815 0.389427 0.926094
4 0.303169 0.244888 0.305276 0.213183 0.287785 0.209486 0.285678 0.241191 0.876741
4 0.501098 0.474469 0.502105 0.447527 0.485907 0.445602 0.4849 0.472544 0.846136
4 0.435094 0.304688 0.437292 0.275579 0.421262 0.271728 0.419063 0.300837 0.839575
4 0.43068 0.609366 0.431847 0.581505 0.41474 0.579227 0.413573 0.607088 0.695767
4 0.361911 0.841425 0.363515 0.813531 0.347771 0.810651 0.346166 0.838546 0.457255
4 0.443198 0.710531 0.444767 0.681989 0.42706 0.678892 0.42549 0.707434 0.393237
4 0.244058 0.759492 0.246479 0.728242 0.229864 0.724149 0.227443 0.755399 0.3703
4 0.168554 0.580561 0.171139 0.548557 0.153126 0.54393 0.150541 0.575935 0.351461
0 0.428803 0.685876 0.433392 0.653289 0.41236 0.643869 0.407771 0.676457 0.350368
