4 0.201771 0.392507 0.203616 0.362421 0.185895 0.358966 0.18405 0.389051 0.922284
4 0.303315 0.245001 0.305536 0.213513 0.288006 0.209581 0.285785 0.241069 0.874346
4 0.501208 0.474531 0.50225 0.447395 0.485807 0.445387 0.484765 0.472523 0.860712
4 0.400866 0.43377 0.403229 0.40549 0.38724 0.401242 0.384878 0.429521 0.850872
4 0.435196 0.304523 0.437486 0.275699 0.421443 0.271645 0.419153 0.30047 0.835313
4 0.337653 0.556939 0.340067 0.522614 0.320475 0.518232 0.31806 0.552556 0.799939
0 0.445168 0.437119 0.445538 0.402153 0.426988 0.401528 0.426618 0.436494 0.757395
4 0.361926 0.841488 0.36331 0.81357 0.347618 0.811097 0.346235 0.839015 0.479513
4 0.418109 0.396401 0.42139 0.360576 0.402055 0.354945 0.398774 0.390769 0.381633
4 0.244172 0.759464 0.246462 0.728312 0.229764 0.72441 0.227475 0.755562 0.364019
4 0.16839 0.580277 0.170932 0.548499 0.152674 0.543854 0.150132 0.575632 0.338492
4 0.201771 0.392507 0.203616 0.362421 0.185895 0.358966 0.18405 0.389051 0.922284
4 0.303315 0.245001 0.305536 0.213513 0.288006 0.209581 0.285785 0.241069 0.874346
4 0.501208 0.474531 0.50225 0.447395 0.485807 0.445387 0.484765 0.472523 0.860712
4 0.400866 0.43377 0.403229 0.40549 0.38724 0.401242 0.384878 0.429521 0.850872
4 0.435196 0.304523 0.437486 0.275699 0.421443 0.271645 0.419153 0.30047 0.835313
4 0.337653 0.556939 0.340067 0.522614 0.320475 0.518232 0.31806 0.552556 0.799939
0 0.445168 0.437119 0.445538 0.402153 0.426988 0.401528 0.426618 0.436494 0.757395
4 0.361926 0.841488 0.36331 0.81357 0.347618 0.811097 0.346235 0.839015 0.479513
4 0.418109 0.396401 0.42139 0.360576 0.402055 0.354945 0.398774 0.390769 0.381633
4 0.244172 0.759464 0.246462 0.728312 0.229764 0.72441 0.227475 0.755562 0.364019
4 0.16839 0.580277 0.170932 0.548499 0.152674 0.543854 0.150132 0.575632 0.338492
