4 0.39125 0.546561 0.392593 0.519404 0.375589 0.51673 0.374246 0.543886 0.872553
4 0.419243 0.704755 0.420846 0.674315 0.403009 0.671329 0.401407 0.701769 0.714016
4 0.338354 0.576161 0.340194 0.547629 0.32392 0.544291 0.32208 0.572824 0.692451
4 0.39846 0.360483 0.399746 0.331075 0.383647 0.328837 0.382361 0.358245 0.670577
4 0.481947 0.636892 0.48423 0.605024 0.466597 0.601006 0.464314 0.632875 0.593216
0 0.261871 0.408087 0.283024 0.406785 0.282311 0.369948 0.261158 0.371249 0.488694
4 0.270182 0.37668 0.271861 0.348983 0.25658 0.346038 0.254902 0.373735 0.329728
4 0.39125 0.546561 0.392593 0.519404 0.375589 0.51673 0.374246 0.543886 0.872553
4 0.419243 0.704755 0.420846 0.674315 0.403009 0.671329 0.401407 0.701769 0.714016
4 0.338354 0.576161 0.340194 0.547629 0.32392 0.544291 0.32208 0.572824 0.692451
4 0.39846 0.360483 0.399746 0.331075 0.383647 0.328837 0.382361 0.358245 0.670577
4 0.481947 0.636892 0.48423 0.605024 0.466597 0.601006 0.464314 0.632875 0.593216
0 0.261871 0.408087 0.283024 0.406785 0.282311 0.369948 0.261158 0.371249 0.488694
4 0.270182 0.37668 0.271861 0.348983 0.25658 0.346038 0.254902 0.373735 0.329728
