0 0.249103 0.333753 0.250915 0.296868 0.228986 0.293443 0.227174 0.330328 0.898243
4 0.391248 0.546292 0.392497 0.519206 0.3757 0.516743 0.374451 0.543829 0.878117
4 0.338416 0.575654 0.340183 0.547744 0.324082 0.544502 0.322315 0.572413 0.695115
4 0.419362 0.704136 0.420922 0.673853 0.4031 0.670933 0.40154 0.701216 0.692039
4 0.398818 0.360543 0.400071 0.330679 0.383822 0.328511 0.382569 0.358375 0.621442
4 0.481997 0.637216 0.484581 0.604888 0.46677 0.600362 0.464186 0.632689 0.587055
4 0.242958 0.307428 0.245831 0.275533 0.228812 0.270657 0.225938 0.302552 0.410545
0 0.249103 0.333753 0.250915 0.296868 0.228986 0.293443 0.227174 0.330328 0.898243
4 0.391248 0.546292 0.392497 0.519206 0.3757 0.516743 0.374451 0.543829 0.878117
4 0.338416 0.575654 0.340183 0.547744 0.324082 0.544502 0.322315 0.572413 0.695115
4 0.419362 0.704136 0.420922 0.673853 0.4031 0.670933 0.40154 0.701216 0.692039
4 0.398818 0.360543 0.400071 0.330679 0.383822 0.328511 0.382569 0.358375 0.621442
4 0.481997 0.637216 0.484581 0.604888 0.46677 0.600362 0.464186 0.632689 0.587055
4 0.242958 0.307428 0.245831 0.275533 0.228812 0.270657 0.225938 0.302552 0.410545
