4 0.361417 0.497552 0.362901 0.469163 0.34645 0.466427 0.344966 0.494816 0.941251
0 0.406677 0.667463 0.410628 0.626567 0.388607 0.619801 0.384656 0.660696 0.636126
4 0.426355 0.683135 0.42839 0.654758 0.410728 0.65073 0.408693 0.679107 0.575719
4 0.331061 0.497867 0.333291 0.457954 0.310592 0.453919 0.308361 0.493832 0.539436
4 0.336503 0.473492 0.337456 0.444031 0.320984 0.442336 0.32003 0.471797 0.483795
4 0.341203 0.58493 0.34465 0.553639 0.327623 0.547672 0.324175 0.578963 0.343338
4 0.361417 0.497552 0.362901 0.469163 0.34645 0.466427 0.344966 0.494816 0.941251
0 0.406677 0.667463 0.410628 0.626567 0.388607 0.619801 0.384656 0.660696 0.636126
4 0.426355 0.683135 0.42839 0.654758 0.410728 0.65073 0.408693 0.679107 0.575719
4 0.331061 0.497867 0.333291 0.457954 0.310592 0.453919 0.308361 0.493832 0.539436
4 0.336503 0.473492 0.337456 0.444031 0.320984 0.442336 0.32003 0.471797 0.483795
4 0.341203 0.58493 0.34465 0.553639 0.327623 0.547672 0.324175 0.578963 0.343338
