4 0.201822 0.392508 0.203647 0.362418 0.186039 0.359022 0.184214 0.389111 0.920247
4 0.401251 0.434035 0.402724 0.405189 0.386789 0.4026 0.385315 0.431446 0.89033
4 0.303324 0.244932 0.305552 0.213348 0.287874 0.209383 0.285646 0.240966 0.881186
4 0.501151 0.474514 0.502127 0.447332 0.485737 0.445459 0.48476 0.472642 0.867963
0 0.440238 0.446517 0.442436 0.412624 0.421315 0.408268 0.419117 0.44216 0.867784
4 0.435352 0.304873 0.437438 0.275903 0.421214 0.272189 0.419128 0.301158 0.830084
4 0.337644 0.556771 0.340056 0.522838 0.320594 0.518439 0.318182 0.552372 0.816881
4 0.434304 0.393989 0.436801 0.361562 0.419934 0.357432 0.417438 0.38986 0.459535
4 0.361955 0.841548 0.363553 0.813764 0.347846 0.810891 0.346249 0.838676 0.448711
4 0.169022 0.582684 0.171277 0.550452 0.154262 0.546666 0.152006 0.578898 0.397814
4 0.244204 0.759512 0.246548 0.728346 0.229816 0.724344 0.227472 0.75551 0.36369
4 0.201822 0.392508 0.203647 0.362418 0.186039 0.359022 0.184214 0.389111 0.920247
4 0.401251 0.434035 0.402724 0.405189 0.386789 0.4026 0.385315 0.431446 0.89033
4 0.303324 0.244932 0.305552 0.213348 0.287874 0.209383 0.285646 0.240966 0.881186
4 0.501151 0.474514 0.502127 0.447332 0.485737 0.445459 0.48476 0.472642 0.867963
0 0.440238 0.446517 0.442436 0.412624 0.421315 0.408268 0.419117 0.44216 0.867784
4 0.435352 0.304873 0.437438 0.275903 0.421214 0.272189 0.419128 0.301158 0.830084
4 0.337644 0.556771 0.340056 0.522838 0.320594 0.518439 0.318182 0.552372 0.816881
4 0.434304 0.393989 0.436801 0.361562 0.419934 0.357432 0.417438 0.38986 0.459535
4 0.361955 0.841548 0.363553 0.813764 0.347846 0.810891 0.346249 0.838676 0.448711
4 0.169022 0.582684 0.171277 0.550452 0.154262 0.546666 0.152006 0.578898 0.397814
4 0.244204 0.759512 0.246548 0.728346 0.229816 0.724344 0.227472 0.75551 0.36369
