4 0.201752 0.392721 0.203604 0.36249 0.18579 0.35902 0.183938 0.389251 0.926951
4 0.303222 0.244901 0.305327 0.213215 0.287849 0.209522 0.285744 0.241208 0.875827
4 0.501103 0.474506 0.502115 0.447562 0.485935 0.445628 0.484922 0.472572 0.847672
4 0.435099 0.304731 0.437298 0.275536 0.421236 0.271687 0.419036 0.300882 0.838356
4 0.430739 0.609217 0.431867 0.581302 0.414708 0.579097 0.41358 0.607012 0.659663
4 0.36192 0.841448 0.36349 0.813515 0.347751 0.810702 0.346181 0.838635 0.463323
4 0.244084 0.759363 0.246399 0.728267 0.229878 0.724356 0.227563 0.755452 0.384811
4 0.168571 0.580437 0.171011 0.548563 0.153109 0.544205 0.150669 0.576079 0.370205
0 0.427422 0.687017 0.432106 0.654101 0.411975 0.64499 0.407291 0.677905 0.352837
4 0.442983 0.710725 0.444898 0.682041 0.426864 0.678212 0.424949 0.706896 0.335123
4 0.201752 0.392721 0.203604 0.36249 0.18579 0.35902 0.183938 0.389251 0.926951
4 0.303222 0.244901 0.305327 0.213215 0.287849 0.209522 0.285744 0.241208 0.875827
4 0.501103 0.474506 0.502115 0.447562 0.485935 0.445628 0.484922 0.472572 0.847672
4 0.435099 0.304731 0.437298 0.275536 0.421236 0.271687 0.419036 0.300882 0.838356
4 0.430739 0.609217 0.431867 0.581302 0.414708 0.579097 0.41358 0.607012 0.659663
4 0.36192 0.841448 0.36349 0.813515 0.347751 0.810702 0.346181 0.838635 0.463323
4 0.244084 0.759363 0.246399 0.728267 0.229878 0.724356 0.227563 0.755452 0.384811
4 0.168571 0.580437 0.171011 0.548563 0.153109 0.544205 0.150669 0.576079 0.370205
0 0.427422 0.687017 0.432106 0.654101 0.411975 0.64499 0.407291 0.677905 0.352837
4 0.442983 0.710725 0.444898 0.682041 0.426864 0.678212 0.424949 0.706896 0.335123
