4 0.361631 0.497555 0.36305 0.469278 0.346561 0.466644 0.345141 0.494922 0.946279
0 0.402122 0.678048 0.406813 0.640109 0.387334 0.63245 0.382644 0.670389 0.815557
4 0.425978 0.683159 0.428551 0.654743 0.410998 0.649688 0.408425 0.678104 0.538456
4 0.330994 0.497956 0.333194 0.458072 0.31047 0.454086 0.30827 0.49397 0.501511
4 0.336391 0.473334 0.337423 0.444403 0.321122 0.442555 0.320091 0.471486 0.498156
4 0.34139 0.585084 0.344884 0.553498 0.327605 0.547419 0.324111 0.579006 0.34836
4 0.361631 0.497555 0.36305 0.469278 0.346561 0.466644 0.345141 0.494922 0.946279
0 0.402122 0.678048 0.406813 0.640109 0.387334 0.63245 0.382644 0.670389 0.815557
4 0.425978 0.683159 0.428551 0.654743 0.410998 0.649688 0.408425 0.678104 0.538456
4 0.330994 0.497956 0.333194 0.458072 0.31047 0.454086 0.30827 0.49397 0.501511
4 0.336391 0.473334 0.337423 0.444403 0.321122 0.442555 0.320091 0.471486 0.498156
4 0.34139 0.585084 0.344884 0.553498 0.327605 0.547419 0.324111 0.579006 0.34836
