4 0.391242 0.546531 0.392506 0.519391 0.375653 0.516896 0.374389 0.544036 0.874955
0 0.25818 0.337254 0.260393 0.296367 0.238204 0.292548 0.235991 0.333435 0.84119
4 0.419546 0.704385 0.421023 0.674044 0.403367 0.67131 0.40189 0.701651 0.691274
4 0.338506 0.57596 0.34038 0.547757 0.324205 0.544338 0.322331 0.572541 0.674296
4 0.2419 0.306895 0.244375 0.277907 0.226856 0.27315 0.224381 0.302137 0.671835
4 0.398647 0.360618 0.399827 0.331072 0.383756 0.329031 0.382576 0.358577 0.666341
4 0.482 0.636995 0.484581 0.604802 0.466856 0.600283 0.464275 0.632476 0.587351
4 0.391242 0.546531 0.392506 0.519391 0.375653 0.516896 0.374389 0.544036 0.874955
0 0.25818 0.337254 0.260393 0.296367 0.238204 0.292548 0.235991 0.333435 0.84119
4 0.419546 0.704385 0.421023 0.674044 0.403367 0.67131 0.40189 0.701651 0.691274
4 0.338506 0.57596 0.34038 0.547757 0.324205 0.544338 0.322331 0.572541 0.674296
4 0.2419 0.306895 0.244375 0.277907 0.226856 0.27315 0.224381 0.302137 0.671835
4 0.398647 0.360618 0.399827 0.331072 0.383756 0.329031 0.382576 0.358577 0.666341
4 0.482 0.636995 0.484581 0.604802 0.466856 0.600283 0.464275 0.632476 0.587351
