4 0.201792 0.392602 0.203674 0.362422 0.185918 0.358901 0.184036 0.38908 0.927329
4 0.402842 0.433665 0.405276 0.405181 0.387901 0.400459 0.385467 0.428942 0.908908
4 0.501077 0.474678 0.502052 0.447236 0.485364 0.44535 0.484389 0.472792 0.878052
4 0.303356 0.245011 0.30562 0.213391 0.287917 0.209362 0.285654 0.240981 0.868598
4 0.435186 0.30463 0.437383 0.275844 0.421382 0.271961 0.419185 0.300748 0.846136
4 0.337745 0.556984 0.34005 0.522706 0.320458 0.518518 0.318153 0.552795 0.785349
0 0.437293 0.519843 0.458357 0.519795 0.458332 0.485033 0.437268 0.485082 0.557605
4 0.361918 0.841603 0.363454 0.8135 0.347513 0.81073 0.345977 0.838832 0.503684
4 0.244182 0.75931 0.24647 0.728289 0.229755 0.724369 0.227467 0.75539 0.448923
4 0.16861 0.580329 0.171042 0.548465 0.153074 0.544103 0.150642 0.575968 0.354307
4 0.201792 0.392602 0.203674 0.362422 0.185918 0.358901 0.184036 0.38908 0.927329
4 0.402842 0.433665 0.405276 0.405181 0.387901 0.400459 0.385467 0.428942 0.908908
4 0.501077 0.474678 0.502052 0.447236 0.485364 0.44535 0.484389 0.472792 0.878052
4 0.303356 0.245011 0.30562 0.213391 0.287917 0.209362 0.285654 0.240981 0.868598
4 0.435186 0.30463 0.437383 0.275844 0.421382 0.271961 0.419185 0.300748 0.846136
4 0.337745 0.556984 0.34005 0.522706 0.320458 0.518518 0.318153 0.552795 0.785349
0 0.437293 0.519843 0.458357 0.519795 0.458332 0.485033 0.437268 0.485082 0.557605
4 0.361918 0.841603 0.363454 0.8135 0.347513 0.81073 0.345977 0.838832 0.503684
4 0.244182 0.75931 0.24647 0.728289 0.229755 0.724369 0.227467 0.75539 0.448923
4 0.16861 0.580329 0.171042 0.548465 0.153074 0.544103 0.150642 0.575968 0.354307
