4 0.201503 0.392801 0.203346 0.362461 0.185675 0.359048 0.183832 0.389387 0.926233
4 0.401194 0.433169 0.403283 0.404889 0.3873 0.401134 0.385211 0.429414 0.880794
4 0.501263 0.474399 0.502247 0.447374 0.485921 0.445483 0.484936 0.472508 0.880633
4 0.303213 0.245304 0.305516 0.21331 0.287748 0.209241 0.285444 0.241235 0.866965
4 0.435081 0.304452 0.437287 0.275801 0.421319 0.271891 0.419113 0.300542 0.827424
4 0.337508 0.557167 0.33987 0.52282 0.320332 0.518545 0.317969 0.552892 0.807196
0 0.447719 0.449354 0.449553 0.413993 0.430353 0.410825 0.428519 0.446187 0.74876
4 0.361905 0.841422 0.363419 0.813269 0.347497 0.810547 0.345983 0.8387 0.501577
4 0.168964 0.583068 0.171369 0.550786 0.154299 0.546743 0.151894 0.579024 0.363148
4 0.244145 0.759449 0.246472 0.728392 0.229868 0.724436 0.227541 0.755492 0.357008
4 0.201503 0.392801 0.203346 0.362461 0.185675 0.359048 0.183832 0.389387 0.926233
4 0.401194 0.433169 0.403283 0.404889 0.3873 0.401134 0.385211 0.429414 0.880794
4 0.501263 0.474399 0.502247 0.447374 0.485921 0.445483 0.484936 0.472508 0.880633
4 0.303213 0.245304 0.305516 0.21331 0.287748 0.209241 0.285444 0.241235 0.866965
4 0.435081 0.304452 0.437287 0.275801 0.421319 0.271891 0.419113 0.300542 0.827424
4 0.337508 0.557167 0.33987 0.52282 0.320332 0.518545 0.317969 0.552892 0.807196
0 0.447719 0.449354 0.449553 0.413993 0.430353 0.410825 0.428519 0.446187 0.74876
4 0.361905 0.841422 0.363419 0.813269 0.347497 0.810547 0.345983 0.8387 0.501577
4 0.168964 0.583068 0.171369 0.550786 0.154299 0.546743 0.151894 0.579024 0.363148
4 0.244145 0.759449 0.246472 0.728392 0.229868 0.724436 0.227541 0.755492 0.357008
