4 0.391327 0.546605 0.392627 0.519332 0.375689 0.516762 0.374388 0.544035 0.875556
0 0.252283 0.3446 0.254008 0.303708 0.232138 0.300775 0.230414 0.341666 0.822564
4 0.419234 0.704771 0.420877 0.674182 0.402986 0.671125 0.401343 0.701715 0.709326
4 0.398541 0.36074 0.399793 0.331523 0.383922 0.329359 0.382669 0.358576 0.708182
4 0.338407 0.575937 0.340102 0.547899 0.324224 0.544846 0.322529 0.572884 0.682845
4 0.481918 0.637402 0.484489 0.604757 0.466454 0.600238 0.463882 0.632884 0.570338
4 0.241644 0.306934 0.244296 0.28112 0.227842 0.275743 0.22519 0.301558 0.453079
4 0.129452 0.236746 0.131457 0.203747 0.110313 0.199662 0.108308 0.23266 0.318689
4 0.391327 0.546605 0.392627 0.519332 0.375689 0.516762 0.374388 0.544035 0.875556
0 0.252283 0.3446 0.254008 0.303708 0.232138 0.300775 0.230414 0.341666 0.822564
4 0.419234 0.704771 0.420877 0.674182 0.402986 0.671125 0.401343 0.701715 0.709326
4 0.398541 0.36074 0.399793 0.331523 0.383922 0.329359 0.382669 0.358576 0.708182
4 0.338407 0.575937 0.340102 0.547899 0.324224 0.544846 0.322529 0.572884 0.682845
4 0.481918 0.637402 0.484489 0.604757 0.466454 0.600238 0.463882 0.632884 0.570338
4 0.241644 0.306934 0.244296 0.28112 0.227842 0.275743 0.22519 0.301558 0.453079
4 0.129452 0.236746 0.131457 0.203747 0.110313 0.199662 0.108308 0.23266 0.318689
