4 0.36147 0.497774 0.362868 0.469341 0.346415 0.46677 0.345018 0.495202 0.948782
0 0.404298 0.676321 0.408232 0.639269 0.389464 0.63293 0.385529 0.669982 0.700189
4 0.426035 0.682822 0.428412 0.654395 0.41089 0.649735 0.408513 0.678162 0.600978
4 0.330889 0.498108 0.33323 0.457931 0.310417 0.453704 0.308076 0.493882 0.519907
4 0.336298 0.473727 0.337394 0.444061 0.320877 0.442121 0.319781 0.471787 0.456597
4 0.341202 0.584897 0.344691 0.553631 0.327653 0.547584 0.324164 0.57885 0.344516
4 0.36147 0.497774 0.362868 0.469341 0.346415 0.46677 0.345018 0.495202 0.948782
0 0.404298 0.676321 0.408232 0.639269 0.389464 0.63293 0.385529 0.669982 0.700189
4 0.426035 0.682822 0.428412 0.654395 0.41089 0.649735 0.408513 0.678162 0.600978
4 0.330889 0.498108 0.33323 0.457931 0.310417 0.453704 0.308076 0.493882 0.519907
4 0.336298 0.473727 0.337394 0.444061 0.320877 0.442121 0.319781 0.471787 0.456597
4 0.341202 0.584897 0.344691 0.553631 0.327653 0.547584 0.324164 0.57885 0.344516
