4 0.201702 0.392621 0.203575 0.362419 0.185942 0.358941 0.184069 0.389144 0.924364
4 0.501381 0.474417 0.502351 0.447385 0.485928 0.445511 0.484958 0.472544 0.881089
4 0.401291 0.433449 0.40326 0.405261 0.387142 0.401679 0.385172 0.429868 0.875827
4 0.303324 0.244774 0.305445 0.213225 0.287844 0.209463 0.285724 0.241012 0.870696
4 0.435213 0.304408 0.437381 0.275895 0.421462 0.272046 0.419295 0.300559 0.825774
4 0.337743 0.556859 0.34008 0.522593 0.320472 0.51834 0.318135 0.552606 0.790819
0 0.447976 0.449061 0.450294 0.413478 0.430763 0.409433 0.428445 0.445015 0.730775
4 0.362001 0.841696 0.363578 0.813405 0.347613 0.810574 0.346036 0.838866 0.448595
4 0.24414 0.759523 0.246548 0.728281 0.229684 0.724148 0.227277 0.75539 0.363042
4 0.168545 0.580306 0.171083 0.548465 0.153001 0.543882 0.150463 0.575724 0.355675
4 0.155534 0.191553 0.156927 0.160673 0.136532 0.157747 0.135139 0.188627 0.332245
4 0.201702 0.392621 0.203575 0.362419 0.185942 0.358941 0.184069 0.389144 0.924364
4 0.501381 0.474417 0.502351 0.447385 0.485928 0.445511 0.484958 0.472544 0.881089
4 0.401291 0.433449 0.40326 0.405261 0.387142 0.401679 0.385172 0.429868 0.875827
4 0.303324 0.244774 0.305445 0.213225 0.287844 0.209463 0.285724 0.241012 0.870696
4 0.435213 0.304408 0.437381 0.275895 0.421462 0.272046 0.419295 0.300559 0.825774
4 0.337743 0.556859 0.34008 0.522593 0.320472 0.51834 0.318135 0.552606 0.790819
0 0.447976 0.449061 0.450294 0.413478 0.430763 0.409433 0.428445 0.445015 0.730775
4 0.362001 0.841696 0.363578 0.813405 0.347613 0.810574 0.346036 0.838866 0.448595
4 0.24414 0.759523 0.246548 0.728281 0.229684 0.724148 0.227277 0.75539 0.363042
4 0.168545 0.580306 0.171083 0.548465 0.153001 0.543882 0.150463 0.575724 0.355675
4 0.155534 0.191553 0.156927 0.160673 0.136532 0.157747 0.135139 0.188627 0.332245
