4 0.201871 0.392865 0.20375 0.362547 0.185955 0.359041 0.184076 0.389359 0.92312
4 0.303349 0.244847 0.305463 0.213425 0.287942 0.209676 0.285828 0.241097 0.886482
4 0.501188 0.474325 0.502193 0.447364 0.485863 0.445429 0.484858 0.472389 0.856497
4 0.400762 0.433738 0.402781 0.405025 0.38704 0.401505 0.385021 0.430218 0.853651
4 0.43523 0.304475 0.437468 0.275871 0.42157 0.271915 0.419332 0.300519 0.830919
4 0.337608 0.557023 0.339993 0.522667 0.320387 0.518339 0.318002 0.552694 0.802705
0 0.443634 0.438835 0.445335 0.402487 0.425707 0.399566 0.424006 0.435913 0.751876
4 0.361948 0.841539 0.363503 0.813653 0.347704 0.81085 0.346148 0.838736 0.456272
4 0.168946 0.582803 0.171162 0.550627 0.154068 0.546883 0.151852 0.579059 0.403402
4 0.24412 0.759503 0.246401 0.728298 0.229604 0.724393 0.227323 0.755599 0.402233
4 0.201871 0.392865 0.20375 0.362547 0.185955 0.359041 0.184076 0.389359 0.92312
4 0.303349 0.244847 0.305463 0.213425 0.287942 0.209676 0.285828 0.241097 0.886482
4 0.501188 0.474325 0.502193 0.447364 0.485863 0.445429 0.484858 0.472389 0.856497
4 0.400762 0.433738 0.402781 0.405025 0.38704 0.401505 0.385021 0.430218 0.853651
4 0.43523 0.304475 0.437468 0.275871 0.42157 0.271915 0.419332 0.300519 0.830919
4 0.337608 0.557023 0.339993 0.522667 0.320387 0.518339 0.318002 0.552694 0.802705
0 0.443634 0.438835 0.445335 0.402487 0.425707 0.399566 0.424006 0.435913 0.751876
4 0.361948 0.841539 0.363503 0.813653 0.347704 0.81085 0.346148 0.838736 0.456272
4 0.168946 0.582803 0.171162 0.550627 0.154068 0.546883 0.151852 0.579059 0.403402
4 0.24412 0.759503 0.246401 0.728298 0.229604 0.724393 0.227323 0.755599 0.402233
