4 0.201892 0.392682 0.203772 0.362732 0.186126 0.359208 0.184245 0.389158 0.92316
4 0.303096 0.245065 0.305349 0.213326 0.287822 0.209371 0.285569 0.241109 0.87488
4 0.501101 0.474488 0.502109 0.447502 0.485885 0.445574 0.484877 0.472561 0.854734
4 0.435128 0.304866 0.437343 0.275789 0.421311 0.271907 0.419097 0.300983 0.842837
4 0.361994 0.841615 0.363501 0.813607 0.34763 0.810892 0.346124 0.838899 0.473213
0 0.414446 0.66904 0.419232 0.631477 0.400374 0.623835 0.395588 0.661398 0.468113
4 0.244134 0.759392 0.246474 0.728215 0.229749 0.724221 0.227408 0.755398 0.38962
4 0.168603 0.580448 0.171189 0.54855 0.153191 0.543908 0.150604 0.575807 0.345168
4 0.201892 0.392682 0.203772 0.362732 0.186126 0.359208 0.184245 0.389158 0.92316
4 0.303096 0.245065 0.305349 0.213326 0.287822 0.209371 0.285569 0.241109 0.87488
4 0.501101 0.474488 0.502109 0.447502 0.485885 0.445574 0.484877 0.472561 0.854734
4 0.435128 0.304866 0.437343 0.275789 0.421311 0.271907 0.419097 0.300983 0.842837
4 0.361994 0.841615 0.363501 0.813607 0.34763 0.810892 0.346124 0.838899 0.473213
0 0.414446 0.66904 0.419232 0.631477 0.400374 0.623835 0.395588 0.661398 0.468113
4 0.244134 0.759392 0.246474 0.728215 0.229749 0.724221 0.227408 0.755398 0.38962
4 0.168603 0.580448 0.171189 0.54855 0.153191 0.543908 0.150604 0.575807 0.345168
