4 0.201735 0.392645 0.203591 0.362439 0.185835 0.358969 0.183979 0.389175 0.931703
4 0.402573 0.434082 0.405223 0.405082 0.388126 0.400112 0.385475 0.429112 0.926876
4 0.303222 0.24476 0.305464 0.213133 0.287719 0.209132 0.285477 0.24076 0.87444
4 0.501334 0.474326 0.502289 0.447469 0.486043 0.445633 0.485088 0.472491 0.871887
4 0.435313 0.304695 0.437502 0.275751 0.42147 0.271894 0.41928 0.300839 0.846698
4 0.337758 0.556682 0.340028 0.522472 0.320366 0.518324 0.318097 0.552533 0.801792
0 0.446914 0.440472 0.447878 0.405117 0.429134 0.403491 0.42817 0.438846 0.716511
4 0.361987 0.841427 0.363517 0.813504 0.347709 0.81075 0.346179 0.838673 0.476501
4 0.244198 0.759404 0.24649 0.728198 0.229641 0.724262 0.227349 0.755468 0.431253
4 0.168883 0.583008 0.171262 0.550776 0.154142 0.546756 0.151762 0.578988 0.352608
4 0.201735 0.392645 0.203591 0.362439 0.185835 0.358969 0.183979 0.389175 0.931703
4 0.402573 0.434082 0.405223 0.405082 0.388126 0.400112 0.385475 0.429112 0.926876
4 0.303222 0.24476 0.305464 0.213133 0.287719 0.209132 0.285477 0.24076 0.87444
4 0.501334 0.474326 0.502289 0.447469 0.486043 0.445633 0.485088 0.472491 0.871887
4 0.435313 0.304695 0.437502 0.275751 0.42147 0.271894 0.41928 0.300839 0.846698
4 0.337758 0.556682 0.340028 0.522472 0.320366 0.518324 0.318097 0.552533 0.801792
0 0.446914 0.440472 0.447878 0.405117 0.429134 0.403491 0.42817 0.438846 0.716511
4 0.361987 0.841427 0.363517 0.813504 0.347709 0.81075 0.346179 0.838673 0.476501
4 0.244198 0.759404 0.24649 0.728198 0.229641 0.724262 0.227349 0.755468 0.431253
4 0.168883 0.583008 0.171262 0.550776 0.154142 0.546756 0.151762 0.578988 0.352608
