4 0.201869 0.392705 0.203788 0.362383 0.185917 0.358786 0.183998 0.389108 0.922577
4 0.303235 0.244677 0.305349 0.213146 0.287832 0.20941 0.285717 0.240941 0.882279
4 0.501144 0.474372 0.502136 0.44737 0.485872 0.445471 0.48488 0.472472 0.861141
4 0.435134 0.305015 0.437349 0.275721 0.421269 0.271855 0.419054 0.301149 0.849963
4 0.438184 0.707386 0.440196 0.678034 0.423282 0.674346 0.421269 0.703698 0.713778
0 0.422493 0.679206 0.426337 0.642595 0.406523 0.635979 0.402679 0.67259 0.685535
4 0.361945 0.841641 0.363481 0.813615 0.347589 0.810847 0.346054 0.838872 0.480807
4 0.430306 0.609103 0.430952 0.580266 0.415058 0.579134 0.414413 0.607971 0.466046
4 0.244105 0.759318 0.246368 0.728233 0.229675 0.724367 0.227411 0.755452 0.390154
4 0.168571 0.580394 0.171185 0.548468 0.153184 0.543781 0.15057 0.575708 0.348414
4 0.201869 0.392705 0.203788 0.362383 0.185917 0.358786 0.183998 0.389108 0.922577
4 0.303235 0.244677 0.305349 0.213146 0.287832 0.20941 0.285717 0.240941 0.882279
4 0.501144 0.474372 0.502136 0.44737 0.485872 0.445471 0.48488 0.472472 0.861141
4 0.435134 0.305015 0.437349 0.275721 0.421269 0.271855 0.419054 0.301149 0.849963
4 0.438184 0.707386 0.440196 0.678034 0.423282 0.674346 0.421269 0.703698 0.713778
0 0.422493 0.679206 0.426337 0.642595 0.406523 0.635979 0.402679 0.67259 0.685535
4 0.361945 0.841641 0.363481 0.813615 0.347589 0.810847 0.346054 0.838872 0.480807
4 0.430306 0.609103 0.430952 0.580266 0.415058 0.579134 0.414413 0.607971 0.466046
4 0.244105 0.759318 0.246368 0.728233 0.229675 0.724367 0.227411 0.755452 0.390154
4 0.168571 0.580394 0.171185 0.548468 0.153184 0.543781 0.15057 0.575708 0.348414
