4 0.366791 0.565443 0.367633 0.537073 0.350895 0.535494 0.350053 0.563864 0.936736
4 0.337179 0.471507 0.339129 0.443208 0.323407 0.439763 0.321457 0.468062 0.892712
4 0.35849 0.446623 0.360126 0.419232 0.344769 0.416316 0.343134 0.443706 0.75726
4 0.398517 0.360372 0.399814 0.330819 0.38364 0.328562 0.382343 0.358115 0.653592
4 0.477708 0.630502 0.479112 0.596164 0.461789 0.593913 0.460386 0.628251 0.582987
4 0.342643 0.581147 0.343861 0.551192 0.327225 0.549041 0.326007 0.578995 0.562077
0 0.455622 0.625473 0.459423 0.587182 0.438522 0.580586 0.434722 0.618876 0.527643
4 0.366791 0.565443 0.367633 0.537073 0.350895 0.535494 0.350053 0.563864 0.936736
4 0.337179 0.471507 0.339129 0.443208 0.323407 0.439763 0.321457 0.468062 0.892712
4 0.35849 0.446623 0.360126 0.419232 0.344769 0.416316 0.343134 0.443706 0.75726
4 0.398517 0.360372 0.399814 0.330819 0.38364 0.328562 0.382343 0.358115 0.653592
4 0.477708 0.630502 0.479112 0.596164 0.461789 0.593913 0.460386 0.628251 0.582987
4 0.342643 0.581147 0.343861 0.551192 0.327225 0.549041 0.326007 0.578995 0.562077
0 0.455622 0.625473 0.459423 0.587182 0.438522 0.580586 0.434722 0.618876 0.527643
