4 0.202015 0.39276 0.203862 0.362532 0.186032 0.359066 0.184184 0.389294 0.920265
4 0.401845 0.433268 0.403229 0.404798 0.38701 0.402291 0.385626 0.430761 0.900247
4 0.5012 0.474223 0.502083 0.447298 0.485596 0.445579 0.484714 0.472505 0.886237
4 0.303294 0.245015 0.30553 0.213244 0.287823 0.20928 0.285586 0.241051 0.874218
4 0.43532 0.304848 0.437385 0.275779 0.421224 0.272129 0.419159 0.301199 0.838411
4 0.337617 0.556745 0.339946 0.522643 0.320439 0.518406 0.31811 0.552509 0.803613
0 0.442053 0.457661 0.445673 0.421371 0.426276 0.415217 0.422656 0.451507 0.790467
4 0.361906 0.84175 0.363601 0.813511 0.347646 0.810465 0.345951 0.838704 0.47493
4 0.244204 0.759408 0.24648 0.728262 0.229803 0.724385 0.227526 0.75553 0.361554
4 0.168657 0.580428 0.171122 0.548316 0.153185 0.543937 0.15072 0.576049 0.357928
4 0.202015 0.39276 0.203862 0.362532 0.186032 0.359066 0.184184 0.389294 0.920265
4 0.401845 0.433268 0.403229 0.404798 0.38701 0.402291 0.385626 0.430761 0.900247
4 0.5012 0.474223 0.502083 0.447298 0.485596 0.445579 0.484714 0.472505 0.886237
4 0.303294 0.245015 0.30553 0.213244 0.287823 0.20928 0.285586 0.241051 0.874218
4 0.43532 0.304848 0.437385 0.275779 0.421224 0.272129 0.419159 0.301199 0.838411
4 0.337617 0.556745 0.339946 0.522643 0.320439 0.518406 0.31811 0.552509 0.803613
0 0.442053 0.457661 0.445673 0.421371 0.426276 0.415217 0.422656 0.451507 0.790467
4 0.361906 0.84175 0.363601 0.813511 0.347646 0.810465 0.345951 0.838704 0.47493
4 0.244204 0.759408 0.24648 0.728262 0.229803 0.724385 0.227526 0.75553 0.361554
4 0.168657 0.580428 0.171122 0.548316 0.153185 0.543937 0.15072 0.576049 0.357928
