4 0.337445 0.471577 0.33945 0.443152 0.323241 0.439516 0.321235 0.46794 0.929908
4 0.367015 0.564226 0.367891 0.535848 0.351336 0.534222 0.35046 0.562601 0.810754
4 0.358582 0.446952 0.360188 0.419496 0.344771 0.416629 0.343166 0.444085 0.764455
4 0.392157 0.5622 0.394043 0.527775 0.37411 0.524303 0.372224 0.558728 0.72046
4 0.398437 0.36055 0.39977 0.331114 0.383597 0.328783 0.382263 0.35822 0.64331
4 0.380935 0.657498 0.382721 0.625209 0.36407 0.621928 0.362284 0.654217 0.574763
0 0.374085 0.549221 0.376743 0.510579 0.356064 0.506056 0.353406 0.544698 0.50171
4 0.342387 0.581683 0.343873 0.552048 0.327508 0.549437 0.326021 0.579072 0.446063
4 0.337445 0.471577 0.33945 0.443152 0.323241 0.439516 0.321235 0.46794 0.929908
4 0.367015 0.564226 0.367891 0.535848 0.351336 0.534222 0.35046 0.562601 0.810754
4 0.358582 0.446952 0.360188 0.419496 0.344771 0.416629 0.343166 0.444085 0.764455
4 0.392157 0.5622 0.394043 0.527775 0.37411 0.524303 0.372224 0.558728 0.72046
4 0.398437 0.36055 0.39977 0.331114 0.383597 0.328783 0.382263 0.35822 0.64331
4 0.380935 0.657498 0.382721 0.625209 0.36407 0.621928 0.362284 0.654217 0.574763
0 0.374085 0.549221 0.376743 0.510579 0.356064 0.506056 0.353406 0.544698 0.50171
4 0.342387 0.581683 0.343873 0.552048 0.327508 0.549437 0.326021 0.579072 0.446063
