4 0.391487 0.546246 0.392786 0.519065 0.375835 0.516488 0.374536 0.543669 0.877279
0 0.253305 0.343965 0.255726 0.302877 0.233682 0.298746 0.231261 0.339834 0.779291
4 0.338408 0.575698 0.340192 0.54768 0.324075 0.544416 0.322291 0.572435 0.694483
4 0.398614 0.360465 0.399862 0.330879 0.38383 0.328728 0.382582 0.358314 0.682263
4 0.419294 0.704126 0.420868 0.673552 0.403067 0.670637 0.401493 0.701212 0.66627
4 0.481866 0.637081 0.484412 0.604563 0.466496 0.600103 0.463951 0.632621 0.504298
4 0.241428 0.310689 0.244281 0.282556 0.227801 0.27724 0.224948 0.305373 0.414283
4 0.391487 0.546246 0.392786 0.519065 0.375835 0.516488 0.374536 0.543669 0.877279
0 0.253305 0.343965 0.255726 0.302877 0.233682 0.298746 0.231261 0.339834 0.779291
4 0.338408 0.575698 0.340192 0.54768 0.324075 0.544416 0.322291 0.572435 0.694483
4 0.398614 0.360465 0.399862 0.330879 0.38383 0.328728 0.382582 0.358314 0.682263
4 0.419294 0.704126 0.420868 0.673552 0.403067 0.670637 0.401493 0.701212 0.66627
4 0.481866 0.637081 0.484412 0.604563 0.466496 0.600103 0.463951 0.632621 0.504298
4 0.241428 0.310689 0.244281 0.282556 0.227801 0.27724 0.224948 0.305373 0.414283
