0 0.354596 0.531272 0.358494 0.486892 0.335762 0.480541 0.331863 0.524921 0.862628
4 0.337363 0.472161 0.339464 0.444968 0.3237 0.441094 0.321599 0.468288 0.822641
4 0.367138 0.566261 0.3709 0.532359 0.351247 0.525424 0.347485 0.559326 0.820363
4 0.358306 0.446044 0.359886 0.418481 0.344691 0.415711 0.343111 0.443274 0.790755
4 0.397772 0.360503 0.399602 0.330053 0.382878 0.326856 0.381048 0.357306 0.659278
4 0.375065 0.538031 0.377444 0.502168 0.359347 0.49835 0.356968 0.534213 0.603595
4 0.342298 0.581251 0.344104 0.551787 0.327546 0.54856 0.32574 0.578024 0.542316
4 0.38101 0.657544 0.382934 0.625004 0.364199 0.62148 0.362275 0.65402 0.538923
0 0.354596 0.531272 0.358494 0.486892 0.335762 0.480541 0.331863 0.524921 0.862628
4 0.337363 0.472161 0.339464 0.444968 0.3237 0.441094 0.321599 0.468288 0.822641
4 0.367138 0.566261 0.3709 0.532359 0.351247 0.525424 0.347485 0.559326 0.820363
4 0.358306 0.446044 0.359886 0.418481 0.344691 0.415711 0.343111 0.443274 0.790755
4 0.397772 0.360503 0.399602 0.330053 0.382878 0.326856 0.381048 0.357306 0.659278
4 0.375065 0.538031 0.377444 0.502168 0.359347 0.49835 0.356968 0.534213 0.603595
4 0.342298 0.581251 0.344104 0.551787 0.327546 0.54856 0.32574 0.578024 0.542316
4 0.38101 0.657544 0.382934 0.625004 0.364199 0.62148 0.362275 0.65402 0.538923
