4 0.201804 0.392704 0.203672 0.362663 0.186013 0.359171 0.184145 0.389212 0.925848
4 0.402956 0.433885 0.405462 0.405213 0.387956 0.400346 0.38545 0.429018 0.914737
4 0.50095 0.474546 0.501973 0.44705 0.485176 0.445062 0.484153 0.472559 0.880349
4 0.303181 0.244637 0.305333 0.213405 0.287901 0.209585 0.285749 0.240817 0.876817
4 0.435265 0.304645 0.437397 0.27583 0.421423 0.272072 0.419292 0.300886 0.852525
4 0.337624 0.557 0.339995 0.522733 0.320455 0.518434 0.318084 0.552701 0.793913
0 0.453144 0.524339 0.456288 0.486262 0.435783 0.480876 0.432638 0.518953 0.716397
4 0.362082 0.841526 0.363583 0.813509 0.347616 0.810788 0.346114 0.838805 0.49688
4 0.244274 0.75949 0.246623 0.728307 0.229913 0.724305 0.227565 0.755488 0.416694
4 0.168758 0.580514 0.171337 0.54817 0.153192 0.543568 0.150613 0.575912 0.35371
4 0.142102 0.21384 0.143928 0.182453 0.123549 0.178682 0.121722 0.210068 0.320562
4 0.201804 0.392704 0.203672 0.362663 0.186013 0.359171 0.184145 0.389212 0.925848
4 0.402956 0.433885 0.405462 0.405213 0.387956 0.400346 0.38545 0.429018 0.914737
4 0.50095 0.474546 0.501973 0.44705 0.485176 0.445062 0.484153 0.472559 0.880349
4 0.303181 0.244637 0.305333 0.213405 0.287901 0.209585 0.285749 0.240817 0.876817
4 0.435265 0.304645 0.437397 0.27583 0.421423 0.272072 0.419292 0.300886 0.852525
4 0.337624 0.557 0.339995 0.522733 0.320455 0.518434 0.318084 0.552701 0.793913
0 0.453144 0.524339 0.456288 0.486262 0.435783 0.480876 0.432638 0.518953 0.716397
4 0.362082 0.841526 0.363583 0.813509 0.347616 0.810788 0.346114 0.838805 0.49688
4 0.244274 0.75949 0.246623 0.728307 0.229913 0.724305 0.227565 0.755488 0.416694
4 0.168758 0.580514 0.171337 0.54817 0.153192 0.543568 0.150613 0.575912 0.35371
4 0.142102 0.21384 0.143928 0.182453 0.123549 0.178682 0.121722 0.210068 0.320562
