4 0.367055 0.56522 0.36773 0.537067 0.350969 0.535789 0.350294 0.563941 0.925527
4 0.33725 0.471613 0.33928 0.443561 0.323485 0.439926 0.321455 0.467978 0.907193
4 0.358423 0.446576 0.360045 0.419535 0.344913 0.416649 0.343292 0.443691 0.792856
4 0.398597 0.360501 0.399864 0.331391 0.383859 0.329174 0.382591 0.358284 0.696165
4 0.381135 0.659493 0.383354 0.627882 0.367098 0.624253 0.364879 0.655864 0.65025
4 0.477498 0.630099 0.478853 0.595086 0.461671 0.592971 0.460316 0.627984 0.611797
0 0.455548 0.631208 0.459332 0.592789 0.43944 0.586559 0.435656 0.624978 0.540316
4 0.370704 0.617018 0.373677 0.586749 0.355155 0.580964 0.352182 0.611233 0.528682
4 0.343158 0.580626 0.344104 0.550739 0.327457 0.549062 0.32651 0.57895 0.344251
4 0.367055 0.56522 0.36773 0.537067 0.350969 0.535789 0.350294 0.563941 0.925527
4 0.33725 0.471613 0.33928 0.443561 0.323485 0.439926 0.321455 0.467978 0.907193
4 0.358423 0.446576 0.360045 0.419535 0.344913 0.416649 0.343292 0.443691 0.792856
4 0.398597 0.360501 0.399864 0.331391 0.383859 0.329174 0.382591 0.358284 0.696165
4 0.381135 0.659493 0.383354 0.627882 0.367098 0.624253 0.364879 0.655864 0.65025
4 0.477498 0.630099 0.478853 0.595086 0.461671 0.592971 0.460316 0.627984 0.611797
0 0.455548 0.631208 0.459332 0.592789 0.43944 0.586559 0.435656 0.624978 0.540316
4 0.370704 0.617018 0.373677 0.586749 0.355155 0.580964 0.352182 0.611233 0.528682
4 0.343158 0.580626 0.344104 0.550739 0.327457 0.549062 0.32651 0.57895 0.344251
