4 0.202023 0.392624 0.203904 0.362468 0.186154 0.358947 0.184272 0.389102 0.925846
4 0.403031 0.433857 0.40553 0.405074 0.387805 0.400181 0.385307 0.428964 0.917641
4 0.303333 0.245035 0.30562 0.213307 0.28792 0.209248 0.285632 0.240977 0.868445
4 0.501037 0.474397 0.502037 0.447223 0.48547 0.445284 0.48447 0.472458 0.855683
4 0.435186 0.304664 0.437407 0.275721 0.421379 0.27181 0.419158 0.300753 0.845603
4 0.33769 0.556893 0.339987 0.522561 0.320421 0.518398 0.318124 0.55273 0.783959
0 0.456511 0.517856 0.459448 0.48224 0.43975 0.477074 0.436813 0.51269 0.569139
4 0.362056 0.841448 0.363482 0.813687 0.347669 0.811103 0.346242 0.838865 0.478809
4 0.244198 0.759631 0.246569 0.728189 0.229691 0.724142 0.227321 0.755584 0.375355
4 0.168966 0.582669 0.171198 0.550713 0.154437 0.54699 0.152205 0.578946 0.359357
4 0.202023 0.392624 0.203904 0.362468 0.186154 0.358947 0.184272 0.389102 0.925846
4 0.403031 0.433857 0.40553 0.405074 0.387805 0.400181 0.385307 0.428964 0.917641
4 0.303333 0.245035 0.30562 0.213307 0.28792 0.209248 0.285632 0.240977 0.868445
4 0.501037 0.474397 0.502037 0.447223 0.48547 0.445284 0.48447 0.472458 0.855683
4 0.435186 0.304664 0.437407 0.275721 0.421379 0.27181 0.419158 0.300753 0.845603
4 0.33769 0.556893 0.339987 0.522561 0.320421 0.518398 0.318124 0.55273 0.783959
0 0.456511 0.517856 0.459448 0.48224 0.43975 0.477074 0.436813 0.51269 0.569139
4 0.362056 0.841448 0.363482 0.813687 0.347669 0.811103 0.346242 0.838865 0.478809
4 0.244198 0.759631 0.246569 0.728189 0.229691 0.724142 0.227321 0.755584 0.375355
4 0.168966 0.582669 0.171198 0.550713 0.154437 0.54699 0.152205 0.578946 0.359357
