4 0.366811 0.565846 0.367611 0.53737 0.35149 0.535931 0.35069 0.564407 0.902449
4 0.337345 0.471718 0.339384 0.442858 0.323334 0.439252 0.321295 0.468113 0.877951
4 0.358633 0.446768 0.360294 0.419002 0.344772 0.416048 0.343111 0.443814 0.751444
4 0.397839 0.360503 0.399764 0.329682 0.38292 0.326335 0.380994 0.357156 0.663771
4 0.42109 0.586386 0.422351 0.549224 0.399362 0.546744 0.398102 0.583906 0.580773
4 0.342651 0.581195 0.344023 0.551305 0.327507 0.548894 0.326134 0.578783 0.551509
4 0.38099 0.657401 0.382786 0.625447 0.364555 0.622188 0.362759 0.654141 0.534972
4 0.373414 0.64833 0.375491 0.614088 0.358047 0.610724 0.35597 0.644965 0.403328
0 0.399446 0.573793 0.401764 0.534412 0.382636 0.530832 0.380319 0.570213 0.333626
4 0.366811 0.565846 0.367611 0.53737 0.35149 0.535931 0.35069 0.564407 0.902449
4 0.337345 0.471718 0.339384 0.442858 0.323334 0.439252 0.321295 0.468113 0.877951
4 0.358633 0.446768 0.360294 0.419002 0.344772 0.416048 0.343111 0.443814 0.751444
4 0.397839 0.360503 0.399764 0.329682 0.38292 0.326335 0.380994 0.357156 0.663771
4 0.42109 0.586386 0.422351 0.549224 0.399362 0.546744 0.398102 0.583906 0.580773
4 0.342651 0.581195 0.344023 0.551305 0.327507 0.548894 0.326134 0.578783 0.551509
4 0.38099 0.657401 0.382786 0.625447 0.364555 0.622188 0.362759 0.654141 0.534972
4 0.373414 0.64833 0.375491 0.614088 0.358047 0.610724 0.35597 0.644965 0.403328
0 0.399446 0.573793 0.401764 0.534412 0.382636 0.530832 0.380319 0.570213 0.333626
