4 0.201716 0.39261 0.203563 0.362567 0.185998 0.359133 0.184151 0.389176 0.914658
4 0.303126 0.244079 0.304973 0.213357 0.287732 0.21006 0.285884 0.240782 0.877779
4 0.501073 0.474569 0.502128 0.447673 0.485971 0.445657 0.484916 0.472554 0.852019
4 0.435062 0.304654 0.437239 0.275882 0.421347 0.272059 0.41917 0.300831 0.838248
4 0.35415 0.553975 0.356001 0.523397 0.335679 0.519484 0.333828 0.550062 0.759809
4 0.361846 0.841481 0.363508 0.813714 0.347769 0.810717 0.346106 0.838483 0.469696
4 0.168533 0.58025 0.171032 0.548318 0.153188 0.543876 0.150689 0.575809 0.343276
4 0.470037 0.676663 0.471612 0.650029 0.457249 0.647329 0.455675 0.673963 0.337735
4 0.243928 0.75931 0.246163 0.728612 0.229748 0.724812 0.227514 0.755509 0.337403
0 0.336861 0.536195 0.339141 0.497133 0.318077 0.493224 0.315797 0.532286 0.272868
4 0.201716 0.39261 0.203563 0.362567 0.185998 0.359133 0.184151 0.389176 0.914658
4 0.303126 0.244079 0.304973 0.213357 0.287732 0.21006 0.285884 0.240782 0.877779
4 0.501073 0.474569 0.502128 0.447673 0.485971 0.445657 0.484916 0.472554 0.852019
4 0.435062 0.304654 0.437239 0.275882 0.421347 0.272059 0.41917 0.300831 0.838248
4 0.35415 0.553975 0.356001 0.523397 0.335679 0.519484 0.333828 0.550062 0.759809
4 0.361846 0.841481 0.363508 0.813714 0.347769 0.810717 0.346106 0.838483 0.469696
4 0.168533 0.58025 0.171032 0.548318 0.153188 0.543876 0.150689 0.575809 0.343276
4 0.470037 0.676663 0.471612 0.650029 0.457249 0.647329 0.455675 0.673963 0.337735
4 0.243928 0.75931 0.246163 0.728612 0.229748 0.724812 0.227514 0.755509 0.337403
0 0.336861 0.536195 0.339141 0.497133 0.318077 0.493224 0.315797 0.532286 0.272868
