4 0.391279 0.546433 0.392493 0.519349 0.375695 0.516954 0.374482 0.544039 0.88474
0 0.273054 0.342799 0.276998 0.30184 0.255904 0.29538 0.25196 0.33634 0.865147
4 0.242553 0.308073 0.244854 0.277576 0.227443 0.273399 0.225143 0.303896 0.840015
4 0.398616 0.360534 0.399792 0.331633 0.383845 0.32957 0.382669 0.358471 0.736278
4 0.419484 0.70445 0.421003 0.674192 0.403272 0.67136 0.401753 0.701618 0.700682
4 0.338463 0.576038 0.340342 0.548116 0.324384 0.5447 0.322505 0.572622 0.681858
4 0.481984 0.637307 0.484565 0.604962 0.466792 0.600451 0.464211 0.632797 0.583679
4 0.391279 0.546433 0.392493 0.519349 0.375695 0.516954 0.374482 0.544039 0.88474
0 0.273054 0.342799 0.276998 0.30184 0.255904 0.29538 0.25196 0.33634 0.865147
4 0.242553 0.308073 0.244854 0.277576 0.227443 0.273399 0.225143 0.303896 0.840015
4 0.398616 0.360534 0.399792 0.331633 0.383845 0.32957 0.382669 0.358471 0.736278
4 0.419484 0.70445 0.421003 0.674192 0.403272 0.67136 0.401753 0.701618 0.700682
4 0.338463 0.576038 0.340342 0.548116 0.324384 0.5447 0.322505 0.572622 0.681858
4 0.481984 0.637307 0.484565 0.604962 0.466792 0.600451 0.464211 0.632797 0.583679
