4 0.201828 0.392432 0.203691 0.362417 0.186006 0.358927 0.184144 0.388943 0.921397
4 0.303418 0.244332 0.305454 0.213235 0.287957 0.209593 0.285922 0.24069 0.864052
4 0.50114 0.474295 0.502165 0.447483 0.486059 0.445526 0.485035 0.472338 0.843919
4 0.435211 0.304672 0.437337 0.275869 0.421484 0.272147 0.419358 0.300951 0.843731
4 0.375182 0.588444 0.377411 0.557219 0.359293 0.553107 0.357064 0.584332 0.720537
0 0.354077 0.565533 0.358082 0.5261 0.337782 0.519543 0.333777 0.558976 0.640302
4 0.361938 0.841446 0.363548 0.813571 0.347757 0.81067 0.346147 0.838545 0.450595
4 0.168542 0.580139 0.170998 0.548332 0.153175 0.543956 0.150719 0.575763 0.385584
4 0.244085 0.759388 0.246456 0.728349 0.229765 0.724294 0.227394 0.755333 0.377105
4 0.201828 0.392432 0.203691 0.362417 0.186006 0.358927 0.184144 0.388943 0.921397
4 0.303418 0.244332 0.305454 0.213235 0.287957 0.209593 0.285922 0.24069 0.864052
4 0.50114 0.474295 0.502165 0.447483 0.486059 0.445526 0.485035 0.472338 0.843919
4 0.435211 0.304672 0.437337 0.275869 0.421484 0.272147 0.419358 0.300951 0.843731
4 0.375182 0.588444 0.377411 0.557219 0.359293 0.553107 0.357064 0.584332 0.720537
0 0.354077 0.565533 0.358082 0.5261 0.337782 0.519543 0.333777 0.558976 0.640302
4 0.361938 0.841446 0.363548 0.813571 0.347757 0.81067 0.346147 0.838545 0.450595
4 0.168542 0.580139 0.170998 0.548332 0.153175 0.543956 0.150719 0.575763 0.385584
4 0.244085 0.759388 0.246456 0.728349 0.229765 0.724294 0.227394 0.755333 0.377105
