4 0.201593 0.392726 0.203489 0.362359 0.185622 0.35881 0.183725 0.389177 0.920377
4 0.30322 0.244835 0.305112 0.21295 0.287512 0.20963 0.28562 0.241514 0.87947
4 0.500921 0.474617 0.501921 0.447612 0.485816 0.445716 0.484816 0.472721 0.854587
4 0.435172 0.304961 0.437357 0.275852 0.421299 0.272019 0.419114 0.301128 0.844542
0 0.328273 0.525481 0.331622 0.485447 0.311392 0.480064 0.308043 0.520098 0.80844
4 0.355715 0.557571 0.358093 0.527891 0.341945 0.523777 0.339567 0.553457 0.513135
4 0.361806 0.841529 0.363445 0.813599 0.347585 0.810639 0.345946 0.838569 0.459474
4 0.255831 0.243575 0.258279 0.194158 0.232164 0.190045 0.229717 0.239462 0.396515
4 0.168741 0.580448 0.171251 0.548311 0.153379 0.543874 0.15087 0.57601 0.367705
4 0.470076 0.676553 0.47169 0.649848 0.457254 0.647073 0.45564 0.673779 0.332307
4 0.244098 0.759403 0.246471 0.7281 0.229731 0.724064 0.227358 0.755366 0.317036
4 0.201593 0.392726 0.203489 0.362359 0.185622 0.35881 0.183725 0.389177 0.920377
4 0.30322 0.244835 0.305112 0.21295 0.287512 0.20963 0.28562 0.241514 0.87947
4 0.500921 0.474617 0.501921 0.447612 0.485816 0.445716 0.484816 0.472721 0.854587
4 0.435172 0.304961 0.437357 0.275852 0.421299 0.272019 0.419114 0.301128 0.844542
0 0.328273 0.525481 0.331622 0.485447 0.311392 0.480064 0.308043 0.520098 0.80844
4 0.355715 0.557571 0.358093 0.527891 0.341945 0.523777 0.339567 0.553457 0.513135
4 0.361806 0.841529 0.363445 0.813599 0.347585 0.810639 0.345946 0.838569 0.459474
4 0.255831 0.243575 0.258279 0.194158 0.232164 0.190045 0.229717 0.239462 0.396515
4 0.168741 0.580448 0.171251 0.548311 0.153379 0.543874 0.15087 0.57601 0.367705
4 0.470076 0.676553 0.47169 0.649848 0.457254 0.647073 0.45564 0.673779 0.332307
4 0.244098 0.759403 0.246471 0.7281 0.229731 0.724064 0.227358 0.755366 0.317036
