4 0.361422 0.497578 0.3629 0.469156 0.346445 0.466435 0.344967 0.494857 0.940221
0 0.40791 0.662424 0.410758 0.621972 0.388521 0.616993 0.385673 0.657445 0.540699
4 0.331058 0.49797 0.333321 0.458032 0.310556 0.45393 0.308293 0.493867 0.534474
4 0.426167 0.682822 0.428032 0.654812 0.410548 0.651109 0.408682 0.679118 0.525043
4 0.336397 0.473782 0.337505 0.444039 0.320922 0.442074 0.319814 0.471817 0.451
4 0.341213 0.58493 0.344652 0.553731 0.327728 0.547798 0.324289 0.578998 0.339348
4 0.361422 0.497578 0.3629 0.469156 0.346445 0.466435 0.344967 0.494857 0.940221
0 0.40791 0.662424 0.410758 0.621972 0.388521 0.616993 0.385673 0.657445 0.540699
4 0.331058 0.49797 0.333321 0.458032 0.310556 0.45393 0.308293 0.493867 0.534474
4 0.426167 0.682822 0.428032 0.654812 0.410548 0.651109 0.408682 0.679118 0.525043
4 0.336397 0.473782 0.337505 0.444039 0.320922 0.442074 0.319814 0.471817 0.451
4 0.341213 0.58493 0.344652 0.553731 0.327728 0.547798 0.324289 0.578998 0.339348
