4 0.361361 0.498135 0.362839 0.469585 0.346447 0.466884 0.344968 0.495434 0.941092
0 0.403448 0.662238 0.40775 0.621945 0.387818 0.615178 0.383516 0.65547 0.739225
4 0.425535 0.68288 0.427742 0.654801 0.410523 0.650496 0.408315 0.678575 0.514322
4 0.330939 0.498229 0.333303 0.457924 0.310496 0.453671 0.308132 0.493975 0.504007
4 0.336189 0.474328 0.337319 0.44436 0.320678 0.442363 0.319548 0.472331 0.350316
4 0.341223 0.585194 0.34467 0.553816 0.327645 0.547869 0.324199 0.579248 0.329471
4 0.361361 0.498135 0.362839 0.469585 0.346447 0.466884 0.344968 0.495434 0.941092
0 0.403448 0.662238 0.40775 0.621945 0.387818 0.615178 0.383516 0.65547 0.739225
4 0.425535 0.68288 0.427742 0.654801 0.410523 0.650496 0.408315 0.678575 0.514322
4 0.330939 0.498229 0.333303 0.457924 0.310496 0.453671 0.308132 0.493975 0.504007
4 0.336189 0.474328 0.337319 0.44436 0.320678 0.442363 0.319548 0.472331 0.350316
4 0.341223 0.585194 0.34467 0.553816 0.327645 0.547869 0.324199 0.579248 0.329471
