0 0.313428 0.48455 0.315906 0.450578 0.296534 0.446084 0.294056 0.480056 0.919317
4 0.391362 0.546545 0.392667 0.519466 0.375662 0.51686 0.374357 0.543939 0.86523
4 0.303564 0.457957 0.304677 0.430591 0.2881 0.428447 0.286988 0.455814 0.776978
4 0.419443 0.704416 0.420889 0.673964 0.403015 0.671265 0.401569 0.701717 0.723408
4 0.398526 0.360477 0.399765 0.331149 0.383734 0.328994 0.382494 0.358323 0.721291
4 0.338447 0.576356 0.340365 0.54828 0.324245 0.544777 0.322326 0.572852 0.672836
4 0.482008 0.636892 0.484267 0.604836 0.466506 0.600855 0.464247 0.632911 0.591362
0 0.313428 0.48455 0.315906 0.450578 0.296534 0.446084 0.294056 0.480056 0.919317
4 0.391362 0.546545 0.392667 0.519466 0.375662 0.51686 0.374357 0.543939 0.86523
4 0.303564 0.457957 0.304677 0.430591 0.2881 0.428447 0.286988 0.455814 0.776978
4 0.419443 0.704416 0.420889 0.673964 0.403015 0.671265 0.401569 0.701717 0.723408
4 0.398526 0.360477 0.399765 0.331149 0.383734 0.328994 0.382494 0.358323 0.721291
4 0.338447 0.576356 0.340365 0.54828 0.324245 0.544777 0.322326 0.572852 0.672836
4 0.482008 0.636892 0.484267 0.604836 0.466506 0.600855 0.464247 0.632911 0.591362
