4 0.391184 0.546578 0.392386 0.519329 0.375592 0.516974 0.37439 0.544223 0.884308
0 0.248063 0.335328 0.248715 0.298195 0.227983 0.297036 0.22733 0.334169 0.882603
4 0.419336 0.704295 0.42087 0.674025 0.40308 0.671157 0.401546 0.701427 0.707504
4 0.398481 0.360379 0.399657 0.331555 0.383756 0.329492 0.38258 0.358316 0.702436
4 0.338322 0.575737 0.340099 0.548027 0.324161 0.544776 0.322384 0.572487 0.699672
4 0.481966 0.637325 0.48455 0.604939 0.466758 0.600424 0.464174 0.632811 0.601796
4 0.241753 0.306905 0.244594 0.277995 0.228159 0.27286 0.225318 0.301769 0.489671
4 0.391184 0.546578 0.392386 0.519329 0.375592 0.516974 0.37439 0.544223 0.884308
0 0.248063 0.335328 0.248715 0.298195 0.227983 0.297036 0.22733 0.334169 0.882603
4 0.419336 0.704295 0.42087 0.674025 0.40308 0.671157 0.401546 0.701427 0.707504
4 0.398481 0.360379 0.399657 0.331555 0.383756 0.329492 0.38258 0.358316 0.702436
4 0.338322 0.575737 0.340099 0.548027 0.324161 0.544776 0.322384 0.572487 0.699672
4 0.481966 0.637325 0.48455 0.604939 0.466758 0.600424 0.464174 0.632811 0.601796
4 0.241753 0.306905 0.244594 0.277995 0.228159 0.27286 0.225318 0.301769 0.489671
