4 0.201763 0.392482 0.203578 0.362499 0.185951 0.359106 0.184136 0.389089 0.925124
4 0.40231 0.433332 0.403824 0.404543 0.388155 0.401922 0.386641 0.43071 0.887295
4 0.303331 0.245045 0.305547 0.213328 0.287907 0.209408 0.28569 0.241125 0.86728
4 0.501264 0.474786 0.502355 0.447378 0.485788 0.445282 0.484698 0.472689 0.847927
4 0.435256 0.304836 0.437361 0.275962 0.421395 0.27226 0.419289 0.301134 0.841175
0 0.44707 0.451992 0.448643 0.416741 0.43057 0.414176 0.428996 0.449426 0.823307
4 0.337718 0.556737 0.339845 0.522716 0.32038 0.518846 0.318253 0.552867 0.799524
4 0.361962 0.841534 0.36354 0.813494 0.347691 0.810658 0.346113 0.838698 0.496068
4 0.2441 0.759369 0.246374 0.728587 0.229788 0.72469 0.227514 0.755472 0.422247
4 0.168495 0.580239 0.171074 0.548258 0.152994 0.543622 0.150416 0.575603 0.326506
4 0.423077 0.424941 0.424806 0.390636 0.408362 0.388001 0.406633 0.422306 0.257175
4 0.201763 0.392482 0.203578 0.362499 0.185951 0.359106 0.184136 0.389089 0.925124
4 0.40231 0.433332 0.403824 0.404543 0.388155 0.401922 0.386641 0.43071 0.887295
4 0.303331 0.245045 0.305547 0.213328 0.287907 0.209408 0.28569 0.241125 0.86728
4 0.501264 0.474786 0.502355 0.447378 0.485788 0.445282 0.484698 0.472689 0.847927
4 0.435256 0.304836 0.437361 0.275962 0.421395 0.27226 0.419289 0.301134 0.841175
0 0.44707 0.451992 0.448643 0.416741 0.43057 0.414176 0.428996 0.449426 0.823307
4 0.337718 0.556737 0.339845 0.522716 0.32038 0.518846 0.318253 0.552867 0.799524
4 0.361962 0.841534 0.36354 0.813494 0.347691 0.810658 0.346113 0.838698 0.496068
4 0.2441 0.759369 0.246374 0.728587 0.229788 0.72469 0.227514 0.755472 0.422247
4 0.168495 0.580239 0.171074 0.548258 0.152994 0.543622 0.150416 0.575603 0.326506
4 0.423077 0.424941 0.424806 0.390636 0.408362 0.388001 0.406633 0.422306 0.257175
