0 0.264376 0.339918 0.268403 0.301087 0.248285 0.294451 0.244257 0.333282 0.926674
4 0.391291 0.546416 0.392475 0.519428 0.375695 0.517087 0.37451 0.544074 0.889799
4 0.241836 0.307655 0.244092 0.277838 0.227546 0.273857 0.22529 0.303674 0.826393
4 0.398626 0.360511 0.399799 0.331562 0.383793 0.329501 0.382621 0.35845 0.734536
4 0.419466 0.704236 0.420924 0.674136 0.403242 0.671413 0.401784 0.701513 0.699499
4 0.338437 0.575863 0.340238 0.548156 0.324382 0.544878 0.322581 0.572585 0.694937
4 0.481937 0.637389 0.484547 0.60494 0.466812 0.600402 0.464201 0.632852 0.551457
0 0.264376 0.339918 0.268403 0.301087 0.248285 0.294451 0.244257 0.333282 0.926674
4 0.391291 0.546416 0.392475 0.519428 0.375695 0.517087 0.37451 0.544074 0.889799
4 0.241836 0.307655 0.244092 0.277838 0.227546 0.273857 0.22529 0.303674 0.826393
4 0.398626 0.360511 0.399799 0.331562 0.383793 0.329501 0.382621 0.35845 0.734536
4 0.419466 0.704236 0.420924 0.674136 0.403242 0.671413 0.401784 0.701513 0.699499
4 0.338437 0.575863 0.340238 0.548156 0.324382 0.544878 0.322581 0.572585 0.694937
4 0.481937 0.637389 0.484547 0.60494 0.466812 0.600402 0.464201 0.632852 0.551457
