4 0.201856 0.392661 0.203726 0.362416 0.185914 0.358914 0.184045 0.389159 0.923218
4 0.401212 0.433049 0.403227 0.404948 0.387227 0.4013 0.385212 0.429401 0.882105
4 0.303248 0.244954 0.305493 0.213257 0.287926 0.209299 0.28568 0.240995 0.876257
4 0.501285 0.47433 0.502249 0.447365 0.485905 0.445507 0.484942 0.472472 0.873001
4 0.435208 0.304615 0.437374 0.275719 0.421321 0.271892 0.419155 0.300789 0.840172
4 0.337641 0.556844 0.339994 0.522632 0.320444 0.518356 0.318092 0.552568 0.806641
0 0.44804 0.446489 0.450459 0.411088 0.431457 0.406959 0.429038 0.442359 0.668002
4 0.362022 0.841458 0.363544 0.813455 0.347807 0.810735 0.346285 0.838738 0.484583
4 0.16873 0.580276 0.1712 0.548492 0.153262 0.544058 0.150792 0.575842 0.38045
4 0.244159 0.75947 0.246406 0.728471 0.229867 0.724658 0.22762 0.755658 0.3747
4 0.201856 0.392661 0.203726 0.362416 0.185914 0.358914 0.184045 0.389159 0.923218
4 0.401212 0.433049 0.403227 0.404948 0.387227 0.4013 0.385212 0.429401 0.882105
4 0.303248 0.244954 0.305493 0.213257 0.287926 0.209299 0.28568 0.240995 0.876257
4 0.501285 0.47433 0.502249 0.447365 0.485905 0.445507 0.484942 0.472472 0.873001
4 0.435208 0.304615 0.437374 0.275719 0.421321 0.271892 0.419155 0.300789 0.840172
4 0.337641 0.556844 0.339994 0.522632 0.320444 0.518356 0.318092 0.552568 0.806641
0 0.44804 0.446489 0.450459 0.411088 0.431457 0.406959 0.429038 0.442359 0.668002
4 0.362022 0.841458 0.363544 0.813455 0.347807 0.810735 0.346285 0.838738 0.484583
4 0.16873 0.580276 0.1712 0.548492 0.153262 0.544058 0.150792 0.575842 0.38045
4 0.244159 0.75947 0.246406 0.728471 0.229867 0.724658 0.22762 0.755658 0.3747
