0 0.250647 0.341854 0.2513 0.304048 0.230647 0.302915 0.229994 0.34072 0.894933
4 0.391099 0.546585 0.392409 0.519323 0.375593 0.516753 0.374283 0.544014 0.874747
4 0.398636 0.360878 0.399961 0.331798 0.383924 0.329475 0.382599 0.358555 0.734048
4 0.419313 0.704438 0.420857 0.674031 0.403026 0.671151 0.401481 0.701558 0.71082
4 0.338361 0.576033 0.340179 0.548194 0.324135 0.544862 0.322317 0.572701 0.69011
4 0.482074 0.637605 0.48466 0.605154 0.46692 0.600657 0.464333 0.633108 0.554979
4 0.241955 0.303615 0.244493 0.278633 0.228042 0.273317 0.225504 0.2983 0.528077
4 0.476474 0.625673 0.478338 0.590482 0.460825 0.587531 0.458961 0.622723 0.474434
0 0.250647 0.341854 0.2513 0.304048 0.230647 0.302915 0.229994 0.34072 0.894933
4 0.391099 0.546585 0.392409 0.519323 0.375593 0.516753 0.374283 0.544014 0.874747
4 0.398636 0.360878 0.399961 0.331798 0.383924 0.329475 0.382599 0.358555 0.734048
4 0.419313 0.704438 0.420857 0.674031 0.403026 0.671151 0.401481 0.701558 0.71082
4 0.338361 0.576033 0.340179 0.548194 0.324135 0.544862 0.322317 0.572701 0.69011
4 0.482074 0.637605 0.48466 0.605154 0.46692 0.600657 0.464333 0.633108 0.554979
4 0.241955 0.303615 0.244493 0.278633 0.228042 0.273317 0.225504 0.2983 0.528077
4 0.476474 0.625673 0.478338 0.590482 0.460825 0.587531 0.458961 0.622723 0.474434
