0 0.287432 0.420746 0.288858 0.386058 0.269049 0.383469 0.267624 0.418157 0.903305
4 0.391301 0.546498 0.392613 0.519249 0.375501 0.516628 0.374188 0.543877 0.868602
4 0.419341 0.704339 0.420842 0.674074 0.403104 0.671277 0.401603 0.701542 0.713242
4 0.338385 0.576005 0.340172 0.547599 0.323993 0.544363 0.322207 0.572769 0.684808
4 0.398489 0.360317 0.399687 0.331044 0.383748 0.32897 0.38255 0.358243 0.61838
4 0.482055 0.636466 0.484304 0.604949 0.466877 0.600994 0.464628 0.632511 0.575324
4 0.276964 0.395463 0.278898 0.366015 0.262043 0.362494 0.260108 0.391942 0.530383
0 0.287432 0.420746 0.288858 0.386058 0.269049 0.383469 0.267624 0.418157 0.903305
4 0.391301 0.546498 0.392613 0.519249 0.375501 0.516628 0.374188 0.543877 0.868602
4 0.419341 0.704339 0.420842 0.674074 0.403104 0.671277 0.401603 0.701542 0.713242
4 0.338385 0.576005 0.340172 0.547599 0.323993 0.544363 0.322207 0.572769 0.684808
4 0.398489 0.360317 0.399687 0.331044 0.383748 0.32897 0.38255 0.358243 0.61838
4 0.482055 0.636466 0.484304 0.604949 0.466877 0.600994 0.464628 0.632511 0.575324
4 0.276964 0.395463 0.278898 0.366015 0.262043 0.362494 0.260108 0.391942 0.530383
