4 0.201907 0.392641 0.203754 0.362402 0.185965 0.358947 0.184119 0.389186 0.928385
4 0.303125 0.244921 0.305355 0.213215 0.287848 0.209298 0.285618 0.241003 0.863276
4 0.501082 0.474809 0.502102 0.447608 0.48584 0.445668 0.48482 0.472869 0.855035
4 0.435126 0.304872 0.437307 0.275769 0.421324 0.27196 0.419143 0.301062 0.844098
4 0.439033 0.708027 0.441039 0.678594 0.423765 0.674849 0.421759 0.704283 0.713076
0 0.423088 0.681744 0.427109 0.64485 0.407097 0.637914 0.403076 0.674807 0.700264
4 0.430514 0.608815 0.43127 0.580296 0.415397 0.578957 0.414641 0.607477 0.459812
4 0.36203 0.841492 0.363529 0.81355 0.347788 0.810865 0.346289 0.838807 0.442814
4 0.244302 0.759526 0.246598 0.72813 0.229688 0.724196 0.227391 0.755592 0.425279
4 0.168471 0.580215 0.17101 0.548366 0.153012 0.543803 0.150473 0.575651 0.360608
4 0.201907 0.392641 0.203754 0.362402 0.185965 0.358947 0.184119 0.389186 0.928385
4 0.303125 0.244921 0.305355 0.213215 0.287848 0.209298 0.285618 0.241003 0.863276
4 0.501082 0.474809 0.502102 0.447608 0.48584 0.445668 0.48482 0.472869 0.855035
4 0.435126 0.304872 0.437307 0.275769 0.421324 0.27196 0.419143 0.301062 0.844098
4 0.439033 0.708027 0.441039 0.678594 0.423765 0.674849 0.421759 0.704283 0.713076
0 0.423088 0.681744 0.427109 0.64485 0.407097 0.637914 0.403076 0.674807 0.700264
4 0.430514 0.608815 0.43127 0.580296 0.415397 0.578957 0.414641 0.607477 0.459812
4 0.36203 0.841492 0.363529 0.81355 0.347788 0.810865 0.346289 0.838807 0.442814
4 0.244302 0.759526 0.246598 0.72813 0.229688 0.724196 0.227391 0.755592 0.425279
4 0.168471 0.580215 0.17101 0.548366 0.153012 0.543803 0.150473 0.575651 0.360608
