4 0.201743 0.392729 0.203663 0.362458 0.185933 0.358882 0.184013 0.389153 0.923406
4 0.402808 0.433622 0.405251 0.405112 0.387825 0.400363 0.385382 0.428872 0.911479
4 0.303351 0.244919 0.305546 0.21335 0.287875 0.209444 0.285681 0.241013 0.865547
4 0.501285 0.474703 0.502198 0.447339 0.4857 0.445589 0.484787 0.472953 0.864874
0 0.462708 0.523344 0.464564 0.487268 0.44452 0.483989 0.442664 0.520064 0.864447
4 0.435225 0.304632 0.437388 0.275931 0.421427 0.272106 0.419264 0.300808 0.844139
4 0.337695 0.55696 0.340004 0.522731 0.320432 0.518533 0.318124 0.552762 0.782795
4 0.361984 0.841561 0.363519 0.813458 0.347536 0.810681 0.346001 0.838784 0.499656
4 0.244167 0.759256 0.246456 0.728172 0.229657 0.724238 0.227368 0.755322 0.453729
4 0.16864 0.580357 0.171119 0.54851 0.153153 0.544062 0.150674 0.575909 0.367604
4 0.201743 0.392729 0.203663 0.362458 0.185933 0.358882 0.184013 0.389153 0.923406
4 0.402808 0.433622 0.405251 0.405112 0.387825 0.400363 0.385382 0.428872 0.911479
4 0.303351 0.244919 0.305546 0.21335 0.287875 0.209444 0.285681 0.241013 0.865547
4 0.501285 0.474703 0.502198 0.447339 0.4857 0.445589 0.484787 0.472953 0.864874
0 0.462708 0.523344 0.464564 0.487268 0.44452 0.483989 0.442664 0.520064 0.864447
4 0.435225 0.304632 0.437388 0.275931 0.421427 0.272106 0.419264 0.300808 0.844139
4 0.337695 0.55696 0.340004 0.522731 0.320432 0.518533 0.318124 0.552762 0.782795
4 0.361984 0.841561 0.363519 0.813458 0.347536 0.810681 0.346001 0.838784 0.499656
4 0.244167 0.759256 0.246456 0.728172 0.229657 0.724238 0.227368 0.755322 0.453729
4 0.16864 0.580357 0.171119 0.54851 0.153153 0.544062 0.150674 0.575909 0.367604
