4 0.201921 0.392835 0.203775 0.362597 0.185889 0.359108 0.184035 0.389346 0.923557
4 0.303191 0.244442 0.305202 0.213315 0.287977 0.209775 0.285966 0.240901 0.876578
4 0.501096 0.474513 0.502059 0.44759 0.485927 0.445754 0.484963 0.472677 0.865965
4 0.435141 0.304775 0.437231 0.275934 0.421294 0.27226 0.419203 0.301101 0.850073
4 0.439617 0.708434 0.441531 0.678754 0.423688 0.675094 0.421774 0.704774 0.716547
4 0.430283 0.609688 0.431291 0.581318 0.414798 0.579453 0.413789 0.607823 0.635666
0 0.42194 0.684036 0.425666 0.644332 0.406103 0.638493 0.402377 0.678197 0.505087
4 0.362043 0.841546 0.363669 0.813518 0.347852 0.810601 0.346227 0.838629 0.472622
4 0.244287 0.759565 0.246583 0.728023 0.229561 0.724082 0.227265 0.755623 0.448898
4 0.168535 0.580401 0.171102 0.548498 0.153081 0.543886 0.150513 0.575789 0.354608
4 0.441799 0.642472 0.444277 0.611485 0.427981 0.60734 0.425502 0.638326 0.250906
4 0.201921 0.392835 0.203775 0.362597 0.185889 0.359108 0.184035 0.389346 0.923557
4 0.303191 0.244442 0.305202 0.213315 0.287977 0.209775 0.285966 0.240901 0.876578
4 0.501096 0.474513 0.502059 0.44759 0.485927 0.445754 0.484963 0.472677 0.865965
4 0.435141 0.304775 0.437231 0.275934 0.421294 0.27226 0.419203 0.301101 0.850073
4 0.439617 0.708434 0.441531 0.678754 0.423688 0.675094 0.421774 0.704774 0.716547
4 0.430283 0.609688 0.431291 0.581318 0.414798 0.579453 0.413789 0.607823 0.635666
0 0.42194 0.684036 0.425666 0.644332 0.406103 0.638493 0.402377 0.678197 0.505087
4 0.362043 0.841546 0.363669 0.813518 0.347852 0.810601 0.346227 0.838629 0.472622
4 0.244287 0.759565 0.246583 0.728023 0.229561 0.724082 0.227265 0.755623 0.448898
4 0.168535 0.580401 0.171102 0.548498 0.153081 0.543886 0.150513 0.575789 0.354608
4 0.441799 0.642472 0.444277 0.611485 0.427981 0.60734 0.425502 0.638326 0.250906
