0 0.249181 0.33386 0.250926 0.296806 0.228814 0.293494 0.227069 0.330548 0.89467
4 0.391274 0.5465 0.392546 0.519291 0.375685 0.516786 0.374414 0.543995 0.874054
4 0.419398 0.704391 0.420932 0.674021 0.403123 0.671159 0.401588 0.701529 0.71142
4 0.338405 0.575787 0.340192 0.547994 0.324192 0.544721 0.322404 0.572514 0.679017
4 0.398705 0.36085 0.400063 0.330937 0.383766 0.328582 0.382407 0.358496 0.649664
4 0.481951 0.637102 0.484466 0.604879 0.466732 0.600477 0.464217 0.6327 0.583119
4 0.242962 0.307182 0.245824 0.275261 0.22881 0.270409 0.225948 0.302331 0.407847
0 0.249181 0.33386 0.250926 0.296806 0.228814 0.293494 0.227069 0.330548 0.89467
4 0.391274 0.5465 0.392546 0.519291 0.375685 0.516786 0.374414 0.543995 0.874054
4 0.419398 0.704391 0.420932 0.674021 0.403123 0.671159 0.401588 0.701529 0.71142
4 0.338405 0.575787 0.340192 0.547994 0.324192 0.544721 0.322404 0.572514 0.679017
4 0.398705 0.36085 0.400063 0.330937 0.383766 0.328582 0.382407 0.358496 0.649664
4 0.481951 0.637102 0.484466 0.604879 0.466732 0.600477 0.464217 0.6327 0.583119
4 0.242962 0.307182 0.245824 0.275261 0.22881 0.270409 0.225948 0.302331 0.407847
