4 0.36134 0.497956 0.362716 0.469678 0.346376 0.467149 0.345 0.495428 0.948566
0 0.403741 0.678086 0.407629 0.641436 0.389232 0.635228 0.385344 0.671879 0.731479
4 0.425677 0.682524 0.428065 0.654905 0.41103 0.650221 0.408643 0.67784 0.567586
4 0.331252 0.497863 0.333408 0.457984 0.310503 0.454047 0.308348 0.493925 0.513216
4 0.336632 0.473472 0.337595 0.444521 0.3214 0.442808 0.320437 0.471759 0.43158
4 0.341156 0.58511 0.344627 0.553719 0.327545 0.547711 0.324074 0.579102 0.360632
4 0.36134 0.497956 0.362716 0.469678 0.346376 0.467149 0.345 0.495428 0.948566
0 0.403741 0.678086 0.407629 0.641436 0.389232 0.635228 0.385344 0.671879 0.731479
4 0.425677 0.682524 0.428065 0.654905 0.41103 0.650221 0.408643 0.67784 0.567586
4 0.331252 0.497863 0.333408 0.457984 0.310503 0.454047 0.308348 0.493925 0.513216
4 0.336632 0.473472 0.337595 0.444521 0.3214 0.442808 0.320437 0.471759 0.43158
4 0.341156 0.58511 0.344627 0.553719 0.327545 0.547711 0.324074 0.579102 0.360632
