4 0.361404 0.497888 0.362835 0.4694 0.346433 0.466778 0.345002 0.495266 0.948982
0 0.403826 0.678417 0.407867 0.641186 0.389306 0.63478 0.385265 0.672011 0.727786
4 0.425811 0.682474 0.42822 0.654582 0.410976 0.649846 0.408567 0.677738 0.568445
4 0.330947 0.497904 0.333232 0.458112 0.310392 0.453941 0.308107 0.493733 0.535815
4 0.33651 0.473422 0.337525 0.444117 0.321139 0.442312 0.320124 0.471617 0.452014
4 0.341132 0.585017 0.344618 0.553947 0.327761 0.547933 0.324275 0.579002 0.338585
4 0.118608 0.264438 0.121576 0.229413 0.0999409 0.223582 0.0969727 0.258608 0.262906
4 0.361404 0.497888 0.362835 0.4694 0.346433 0.466778 0.345002 0.495266 0.948982
0 0.403826 0.678417 0.407867 0.641186 0.389306 0.63478 0.385265 0.672011 0.727786
4 0.425811 0.682474 0.42822 0.654582 0.410976 0.649846 0.408567 0.677738 0.568445
4 0.330947 0.497904 0.333232 0.458112 0.310392 0.453941 0.308107 0.493733 0.535815
4 0.33651 0.473422 0.337525 0.444117 0.321139 0.442312 0.320124 0.471617 0.452014
4 0.341132 0.585017 0.344618 0.553947 0.327761 0.547933 0.324275 0.579002 0.338585
4 0.118608 0.264438 0.121576 0.229413 0.0999409 0.223582 0.0969727 0.258608 0.262906
