4 0.201901 0.392728 0.203801 0.362517 0.185969 0.358951 0.184069 0.389162 0.924033
4 0.303118 0.244973 0.305348 0.213232 0.287854 0.209323 0.285624 0.241064 0.872512
4 0.501108 0.474482 0.502111 0.44749 0.485899 0.445576 0.484897 0.472568 0.858957
4 0.435128 0.304968 0.437316 0.275813 0.421285 0.271986 0.419097 0.301141 0.849878
4 0.435587 0.70197 0.437762 0.672666 0.421099 0.668734 0.418924 0.698037 0.698776
0 0.41706 0.677499 0.422434 0.638085 0.402729 0.62954 0.397355 0.668954 0.500257
4 0.361969 0.841603 0.363507 0.813591 0.347612 0.810816 0.346074 0.838827 0.472927
4 0.24414 0.759296 0.246441 0.728268 0.229759 0.724333 0.227458 0.755361 0.421018
4 0.168644 0.580458 0.171208 0.54852 0.153234 0.543931 0.15067 0.57587 0.348966
4 0.430292 0.608494 0.430995 0.580351 0.415615 0.579131 0.414913 0.607274 0.30102
4 0.201901 0.392728 0.203801 0.362517 0.185969 0.358951 0.184069 0.389162 0.924033
4 0.303118 0.244973 0.305348 0.213232 0.287854 0.209323 0.285624 0.241064 0.872512
4 0.501108 0.474482 0.502111 0.44749 0.485899 0.445576 0.484897 0.472568 0.858957
4 0.435128 0.304968 0.437316 0.275813 0.421285 0.271986 0.419097 0.301141 0.849878
4 0.435587 0.70197 0.437762 0.672666 0.421099 0.668734 0.418924 0.698037 0.698776
0 0.41706 0.677499 0.422434 0.638085 0.402729 0.62954 0.397355 0.668954 0.500257
4 0.361969 0.841603 0.363507 0.813591 0.347612 0.810816 0.346074 0.838827 0.472927
4 0.24414 0.759296 0.246441 0.728268 0.229759 0.724333 0.227458 0.755361 0.421018
4 0.168644 0.580458 0.171208 0.54852 0.153234 0.543931 0.15067 0.57587 0.348966
4 0.430292 0.608494 0.430995 0.580351 0.415615 0.579131 0.414913 0.607274 0.30102
