4 0.201713 0.392568 0.203534 0.362437 0.18582 0.359033 0.183999 0.389163 0.922347
4 0.401284 0.432162 0.402323 0.404082 0.386869 0.402263 0.38583 0.430343 0.89056
4 0.303148 0.244679 0.305282 0.213295 0.287743 0.209501 0.285609 0.240885 0.87772
4 0.501325 0.474461 0.502293 0.447394 0.485987 0.445541 0.485019 0.472608 0.868711
4 0.435141 0.304925 0.437382 0.275715 0.421268 0.271784 0.419027 0.300994 0.85493
4 0.337653 0.556817 0.340024 0.522704 0.320481 0.518383 0.318109 0.552497 0.787458
0 0.446131 0.437993 0.447163 0.402611 0.42809 0.400841 0.427058 0.436223 0.630963
4 0.361913 0.841519 0.363461 0.813746 0.347699 0.810952 0.346152 0.838726 0.461541
4 0.244112 0.759476 0.246489 0.728453 0.229866 0.724402 0.227489 0.755425 0.332441
4 0.168552 0.580205 0.171075 0.548553 0.153293 0.544045 0.15077 0.575698 0.33038
4 0.201713 0.392568 0.203534 0.362437 0.18582 0.359033 0.183999 0.389163 0.922347
4 0.401284 0.432162 0.402323 0.404082 0.386869 0.402263 0.38583 0.430343 0.89056
4 0.303148 0.244679 0.305282 0.213295 0.287743 0.209501 0.285609 0.240885 0.87772
4 0.501325 0.474461 0.502293 0.447394 0.485987 0.445541 0.485019 0.472608 0.868711
4 0.435141 0.304925 0.437382 0.275715 0.421268 0.271784 0.419027 0.300994 0.85493
4 0.337653 0.556817 0.340024 0.522704 0.320481 0.518383 0.318109 0.552497 0.787458
0 0.446131 0.437993 0.447163 0.402611 0.42809 0.400841 0.427058 0.436223 0.630963
4 0.361913 0.841519 0.363461 0.813746 0.347699 0.810952 0.346152 0.838726 0.461541
4 0.244112 0.759476 0.246489 0.728453 0.229866 0.724402 0.227489 0.755425 0.332441
4 0.168552 0.580205 0.171075 0.548553 0.153293 0.544045 0.15077 0.575698 0.33038
