4 0.201715 0.392488 0.203602 0.362454 0.185956 0.358928 0.184069 0.388962 0.922398
4 0.303351 0.244691 0.305336 0.213349 0.287931 0.209844 0.285947 0.241186 0.875786
4 0.501025 0.474483 0.502057 0.447483 0.48585 0.445514 0.484818 0.472514 0.854231
4 0.435122 0.304859 0.437255 0.276013 0.421348 0.272273 0.419215 0.301119 0.847183
0 0.411721 0.659495 0.416258 0.622043 0.395673 0.614113 0.391136 0.651565 0.821719
4 0.426777 0.686044 0.429526 0.655884 0.411203 0.650573 0.408454 0.680733 0.694233
4 0.361958 0.841662 0.363578 0.813709 0.347693 0.810781 0.346073 0.838735 0.473143
4 0.168785 0.580695 0.171402 0.54847 0.153284 0.543791 0.150667 0.576016 0.384635
4 0.244185 0.759451 0.246574 0.728158 0.229895 0.724108 0.227506 0.755401 0.377892
4 0.201715 0.392488 0.203602 0.362454 0.185956 0.358928 0.184069 0.388962 0.922398
4 0.303351 0.244691 0.305336 0.213349 0.287931 0.209844 0.285947 0.241186 0.875786
4 0.501025 0.474483 0.502057 0.447483 0.48585 0.445514 0.484818 0.472514 0.854231
4 0.435122 0.304859 0.437255 0.276013 0.421348 0.272273 0.419215 0.301119 0.847183
0 0.411721 0.659495 0.416258 0.622043 0.395673 0.614113 0.391136 0.651565 0.821719
4 0.426777 0.686044 0.429526 0.655884 0.411203 0.650573 0.408454 0.680733 0.694233
4 0.361958 0.841662 0.363578 0.813709 0.347693 0.810781 0.346073 0.838735 0.473143
4 0.168785 0.580695 0.171402 0.54847 0.153284 0.543791 0.150667 0.576016 0.384635
4 0.244185 0.759451 0.246574 0.728158 0.229895 0.724108 0.227506 0.755401 0.377892
