4 0.201639 0.392644 0.203525 0.362576 0.185793 0.359038 0.183907 0.389106 0.920561
4 0.303249 0.244997 0.305441 0.213293 0.287862 0.209429 0.285671 0.241132 0.867528
4 0.501123 0.474491 0.502102 0.447596 0.48601 0.445734 0.485031 0.472629 0.856237
4 0.435058 0.304739 0.437233 0.275535 0.421225 0.271743 0.41905 0.300947 0.845433
4 0.430865 0.609036 0.431963 0.581167 0.414744 0.57901 0.413647 0.606879 0.663965
4 0.442724 0.710099 0.445284 0.680819 0.425215 0.675237 0.422655 0.704517 0.59382
4 0.361909 0.841549 0.363468 0.813569 0.347709 0.810777 0.346151 0.838758 0.450803
4 0.244122 0.759451 0.246451 0.728257 0.229721 0.724285 0.227393 0.755479 0.370326
4 0.168566 0.580506 0.171191 0.548427 0.153133 0.543728 0.150508 0.575808 0.368131
0 0.426877 0.692821 0.431668 0.657257 0.410637 0.648247 0.405846 0.683811 0.261726
4 0.201639 0.392644 0.203525 0.362576 0.185793 0.359038 0.183907 0.389106 0.920561
4 0.303249 0.244997 0.305441 0.213293 0.287862 0.209429 0.285671 0.241132 0.867528
4 0.501123 0.474491 0.502102 0.447596 0.48601 0.445734 0.485031 0.472629 0.856237
4 0.435058 0.304739 0.437233 0.275535 0.421225 0.271743 0.41905 0.300947 0.845433
4 0.430865 0.609036 0.431963 0.581167 0.414744 0.57901 0.413647 0.606879 0.663965
4 0.442724 0.710099 0.445284 0.680819 0.425215 0.675237 0.422655 0.704517 0.59382
4 0.361909 0.841549 0.363468 0.813569 0.347709 0.810777 0.346151 0.838758 0.450803
4 0.244122 0.759451 0.246451 0.728257 0.229721 0.724285 0.227393 0.755479 0.370326
4 0.168566 0.580506 0.171191 0.548427 0.153133 0.543728 0.150508 0.575808 0.368131
0 0.426877 0.692821 0.431668 0.657257 0.410637 0.648247 0.405846 0.683811 0.261726
