4 0.201591 0.392564 0.203492 0.362209 0.18576 0.358676 0.183858 0.389031 0.916838
4 0.303138 0.244746 0.305304 0.213402 0.287897 0.209578 0.285732 0.240922 0.871845
4 0.501305 0.474448 0.502292 0.447372 0.485848 0.445466 0.484862 0.472542 0.87177
4 0.435231 0.304811 0.437318 0.275925 0.421372 0.272261 0.419284 0.301146 0.85439
4 0.401966 0.432921 0.403077 0.403911 0.387457 0.402009 0.386346 0.431018 0.840031
4 0.337523 0.557061 0.33994 0.522615 0.320409 0.518258 0.317993 0.552704 0.789218
0 0.447146 0.442127 0.449098 0.405886 0.430493 0.4027 0.428541 0.43894 0.690747
4 0.361999 0.841506 0.363573 0.813745 0.347839 0.810907 0.346264 0.838668 0.484065
4 0.168974 0.582959 0.171374 0.550447 0.154341 0.546448 0.15194 0.578959 0.355169
4 0.244165 0.759618 0.246556 0.728432 0.229813 0.724349 0.227423 0.755535 0.326569
4 0.201591 0.392564 0.203492 0.362209 0.18576 0.358676 0.183858 0.389031 0.916838
4 0.303138 0.244746 0.305304 0.213402 0.287897 0.209578 0.285732 0.240922 0.871845
4 0.501305 0.474448 0.502292 0.447372 0.485848 0.445466 0.484862 0.472542 0.87177
4 0.435231 0.304811 0.437318 0.275925 0.421372 0.272261 0.419284 0.301146 0.85439
4 0.401966 0.432921 0.403077 0.403911 0.387457 0.402009 0.386346 0.431018 0.840031
4 0.337523 0.557061 0.33994 0.522615 0.320409 0.518258 0.317993 0.552704 0.789218
0 0.447146 0.442127 0.449098 0.405886 0.430493 0.4027 0.428541 0.43894 0.690747
4 0.361999 0.841506 0.363573 0.813745 0.347839 0.810907 0.346264 0.838668 0.484065
4 0.168974 0.582959 0.171374 0.550447 0.154341 0.546448 0.15194 0.578959 0.355169
4 0.244165 0.759618 0.246556 0.728432 0.229813 0.724349 0.227423 0.755535 0.326569
