4 0.303474 0.244619 0.305562 0.213116 0.287753 0.209361 0.285665 0.240864 0.855998
4 0.201804 0.392127 0.203625 0.361957 0.185917 0.358557 0.184095 0.388727 0.850668
4 0.435041 0.304666 0.437266 0.275754 0.421171 0.271814 0.418946 0.300726 0.825503
4 0.500867 0.474689 0.502198 0.447478 0.485895 0.444942 0.484564 0.472153 0.794939
4 0.430753 0.609136 0.431708 0.580109 0.414485 0.578308 0.41353 0.607336 0.549538
4 0.361694 0.841186 0.363359 0.813578 0.347826 0.810599 0.346161 0.838207 0.417256
4 0.442179 0.709967 0.444312 0.681704 0.42481 0.677023 0.422677 0.705287 0.39882
4 0.168688 0.580384 0.1712 0.548751 0.153568 0.544298 0.151056 0.575931 0.321351
4 0.244048 0.759339 0.246325 0.728765 0.230174 0.724938 0.227896 0.755513 0.272003
4 0.303474 0.244619 0.305562 0.213116 0.287753 0.209361 0.285665 0.240864 0.855998
4 0.201804 0.392127 0.203625 0.361957 0.185917 0.358557 0.184095 0.388727 0.850668
4 0.435041 0.304666 0.437266 0.275754 0.421171 0.271814 0.418946 0.300726 0.825503
4 0.500867 0.474689 0.502198 0.447478 0.485895 0.444942 0.484564 0.472153 0.794939
4 0.430753 0.609136 0.431708 0.580109 0.414485 0.578308 0.41353 0.607336 0.549538
4 0.361694 0.841186 0.363359 0.813578 0.347826 0.810599 0.346161 0.838207 0.417256
4 0.442179 0.709967 0.444312 0.681704 0.42481 0.677023 0.422677 0.705287 0.39882
4 0.168688 0.580384 0.1712 0.548751 0.153568 0.544298 0.151056 0.575931 0.321351
4 0.244048 0.759339 0.246325 0.728765 0.230174 0.724938 0.227896 0.755513 0.272003
