4 0.367173 0.565316 0.36803 0.537048 0.351323 0.535438 0.350466 0.563706 0.933681
4 0.337259 0.471538 0.339295 0.443772 0.323472 0.440082 0.321436 0.467849 0.916826
4 0.358523 0.446403 0.360035 0.419339 0.344841 0.416638 0.343328 0.443702 0.79085
4 0.398593 0.360463 0.399904 0.331031 0.383759 0.328743 0.382448 0.358176 0.681803
4 0.34273 0.580906 0.34395 0.551269 0.327397 0.549102 0.326177 0.578739 0.594928
4 0.470325 0.629719 0.471601 0.595693 0.450065 0.593123 0.448788 0.627149 0.47975
4 0.373183 0.650999 0.375682 0.615038 0.358032 0.611138 0.355533 0.647098 0.405908
0 0.450726 0.62095 0.454415 0.579706 0.433438 0.573739 0.42975 0.614983 0.286661
4 0.367173 0.565316 0.36803 0.537048 0.351323 0.535438 0.350466 0.563706 0.933681
4 0.337259 0.471538 0.339295 0.443772 0.323472 0.440082 0.321436 0.467849 0.916826
4 0.358523 0.446403 0.360035 0.419339 0.344841 0.416638 0.343328 0.443702 0.79085
4 0.398593 0.360463 0.399904 0.331031 0.383759 0.328743 0.382448 0.358176 0.681803
4 0.34273 0.580906 0.34395 0.551269 0.327397 0.549102 0.326177 0.578739 0.594928
4 0.470325 0.629719 0.471601 0.595693 0.450065 0.593123 0.448788 0.627149 0.47975
4 0.373183 0.650999 0.375682 0.615038 0.358032 0.611138 0.355533 0.647098 0.405908
0 0.450726 0.62095 0.454415 0.579706 0.433438 0.573739 0.42975 0.614983 0.286661
