4 0.201746 0.392586 0.203594 0.362571 0.186026 0.359132 0.184178 0.389147 0.921567
4 0.501349 0.4745 0.502339 0.447404 0.485923 0.445497 0.484933 0.472593 0.878757
4 0.401315 0.433496 0.403272 0.405296 0.387107 0.401729 0.385151 0.429929 0.874627
4 0.303358 0.244742 0.305426 0.213044 0.287774 0.20938 0.285706 0.241079 0.871719
4 0.435217 0.3044 0.437396 0.275876 0.421464 0.272004 0.419284 0.300528 0.826223
4 0.337847 0.556821 0.340077 0.52262 0.320435 0.518547 0.318205 0.552747 0.800025
0 0.447979 0.449185 0.450289 0.413648 0.430737 0.409607 0.428428 0.445144 0.733178
4 0.156142 0.193461 0.157338 0.161429 0.136742 0.158984 0.135546 0.191016 0.533992
4 0.362069 0.841645 0.363614 0.813531 0.347688 0.810748 0.346143 0.838863 0.447057
4 0.244181 0.759386 0.246508 0.72836 0.229799 0.724374 0.227472 0.7554 0.372356
4 0.168548 0.580324 0.17108 0.548438 0.15295 0.543859 0.150418 0.575745 0.351941
4 0.201746 0.392586 0.203594 0.362571 0.186026 0.359132 0.184178 0.389147 0.921567
4 0.501349 0.4745 0.502339 0.447404 0.485923 0.445497 0.484933 0.472593 0.878757
4 0.401315 0.433496 0.403272 0.405296 0.387107 0.401729 0.385151 0.429929 0.874627
4 0.303358 0.244742 0.305426 0.213044 0.287774 0.20938 0.285706 0.241079 0.871719
4 0.435217 0.3044 0.437396 0.275876 0.421464 0.272004 0.419284 0.300528 0.826223
4 0.337847 0.556821 0.340077 0.52262 0.320435 0.518547 0.318205 0.552747 0.800025
0 0.447979 0.449185 0.450289 0.413648 0.430737 0.409607 0.428428 0.445144 0.733178
4 0.156142 0.193461 0.157338 0.161429 0.136742 0.158984 0.135546 0.191016 0.533992
4 0.362069 0.841645 0.363614 0.813531 0.347688 0.810748 0.346143 0.838863 0.447057
4 0.244181 0.759386 0.246508 0.72836 0.229799 0.724374 0.227472 0.7554 0.372356
4 0.168548 0.580324 0.17108 0.548438 0.15295 0.543859 0.150418 0.575745 0.351941
