4 0.361437 0.497805 0.362855 0.469375 0.346447 0.466772 0.345028 0.495202 0.947532
0 0.403804 0.677931 0.407922 0.64072 0.389297 0.634165 0.385179 0.671376 0.737888
4 0.425903 0.682672 0.428311 0.654557 0.41095 0.649826 0.408542 0.677942 0.587567
4 0.330809 0.497992 0.333169 0.458056 0.310399 0.453777 0.308039 0.493714 0.539533
4 0.336546 0.473415 0.337541 0.444107 0.321141 0.442336 0.320146 0.471644 0.465439
4 0.341162 0.584882 0.344645 0.553581 0.32759 0.547546 0.324107 0.578847 0.353448
4 0.11801 0.26428 0.12098 0.229638 0.100087 0.223942 0.0971171 0.258584 0.276846
4 0.361437 0.497805 0.362855 0.469375 0.346447 0.466772 0.345028 0.495202 0.947532
0 0.403804 0.677931 0.407922 0.64072 0.389297 0.634165 0.385179 0.671376 0.737888
4 0.425903 0.682672 0.428311 0.654557 0.41095 0.649826 0.408542 0.677942 0.587567
4 0.330809 0.497992 0.333169 0.458056 0.310399 0.453777 0.308039 0.493714 0.539533
4 0.336546 0.473415 0.337541 0.444107 0.321141 0.442336 0.320146 0.471644 0.465439
4 0.341162 0.584882 0.344645 0.553581 0.32759 0.547546 0.324107 0.578847 0.353448
4 0.11801 0.26428 0.12098 0.229638 0.100087 0.223942 0.0971171 0.258584 0.276846
