4 0.367234 0.565308 0.368018 0.536897 0.351173 0.535419 0.350389 0.563829 0.930103
4 0.337208 0.471504 0.339257 0.442787 0.323308 0.439168 0.321259 0.467885 0.88322
4 0.358383 0.446359 0.359901 0.419086 0.344704 0.416395 0.343185 0.443668 0.783345
4 0.397643 0.360377 0.39951 0.329846 0.38286 0.326609 0.380993 0.35714 0.650951
4 0.342615 0.580983 0.343911 0.551305 0.3273 0.548999 0.326004 0.578676 0.599031
4 0.477819 0.630752 0.479341 0.596261 0.461946 0.59382 0.460424 0.62831 0.55983
0 0.455912 0.625723 0.459699 0.586836 0.438902 0.580395 0.435115 0.619283 0.541372
1 0.37371 0.684779 0.377263 0.647051 0.353472 0.639924 0.349918 0.677652 0.454552
4 0.372714 0.648621 0.374798 0.613798 0.357482 0.610502 0.355399 0.645326 0.430965
4 0.367234 0.565308 0.368018 0.536897 0.351173 0.535419 0.350389 0.563829 0.930103
4 0.337208 0.471504 0.339257 0.442787 0.323308 0.439168 0.321259 0.467885 0.88322
4 0.358383 0.446359 0.359901 0.419086 0.344704 0.416395 0.343185 0.443668 0.783345
4 0.397643 0.360377 0.39951 0.329846 0.38286 0.326609 0.380993 0.35714 0.650951
4 0.342615 0.580983 0.343911 0.551305 0.3273 0.548999 0.326004 0.578676 0.599031
4 0.477819 0.630752 0.479341 0.596261 0.461946 0.59382 0.460424 0.62831 0.55983
0 0.455912 0.625723 0.459699 0.586836 0.438902 0.580395 0.435115 0.619283 0.541372
1 0.37371 0.684779 0.377263 0.647051 0.353472 0.639924 0.349918 0.677652 0.454552
4 0.372714 0.648621 0.374798 0.613798 0.357482 0.610502 0.355399 0.645326 0.430965
