0 0.332471 0.506743 0.336485 0.470203 0.314356 0.462471 0.310341 0.499012 0.933955
4 0.358488 0.446748 0.360259 0.419214 0.344892 0.416071 0.343121 0.443605 0.815885
4 0.398677 0.36069 0.399928 0.331686 0.383836 0.329479 0.382585 0.358483 0.757686
4 0.373784 0.647722 0.375964 0.61409 0.358336 0.610457 0.356156 0.644089 0.589201
4 0.34037 0.586569 0.345139 0.555412 0.326792 0.54648 0.322023 0.577637 0.550999
4 0.338736 0.473333 0.339817 0.442676 0.322612 0.440746 0.321531 0.471404 0.494661
4 0.356443 0.541978 0.359046 0.505738 0.340517 0.501505 0.337914 0.537745 0.387403
4 0.350505 0.520636 0.354643 0.481222 0.334181 0.474389 0.330043 0.513804 0.325632
0 0.332471 0.506743 0.336485 0.470203 0.314356 0.462471 0.310341 0.499012 0.933955
4 0.358488 0.446748 0.360259 0.419214 0.344892 0.416071 0.343121 0.443605 0.815885
4 0.398677 0.36069 0.399928 0.331686 0.383836 0.329479 0.382585 0.358483 0.757686
4 0.373784 0.647722 0.375964 0.61409 0.358336 0.610457 0.356156 0.644089 0.589201
4 0.34037 0.586569 0.345139 0.555412 0.326792 0.54648 0.322023 0.577637 0.550999
4 0.338736 0.473333 0.339817 0.442676 0.322612 0.440746 0.321531 0.471404 0.494661
4 0.356443 0.541978 0.359046 0.505738 0.340517 0.501505 0.337914 0.537745 0.387403
4 0.350505 0.520636 0.354643 0.481222 0.334181 0.474389 0.330043 0.513804 0.325632
