4 0.201857 0.392594 0.203744 0.362288 0.18598 0.35877 0.184093 0.389076 0.919392
4 0.30333 0.244975 0.305616 0.213438 0.28794 0.209364 0.285655 0.240901 0.874308
4 0.501225 0.47456 0.502203 0.447418 0.485941 0.445553 0.484962 0.472696 0.863961
4 0.400703 0.434008 0.402733 0.405076 0.386965 0.401557 0.384935 0.430489 0.842019
4 0.435242 0.304475 0.437405 0.275946 0.421546 0.272121 0.419383 0.300651 0.828809
4 0.337629 0.556726 0.33996 0.522742 0.320444 0.518486 0.318114 0.55247 0.804236
0 0.439006 0.443837 0.441468 0.409491 0.42266 0.405205 0.420199 0.439551 0.78114
4 0.361966 0.841564 0.363444 0.813621 0.347657 0.810965 0.346179 0.838908 0.485041
4 0.169012 0.582706 0.171193 0.550539 0.154176 0.546869 0.151995 0.579037 0.430542
4 0.244166 0.759377 0.246442 0.728104 0.229673 0.724223 0.227397 0.755496 0.416552
4 0.418306 0.38887 0.420424 0.351469 0.401225 0.348011 0.399107 0.385413 0.316779
4 0.201857 0.392594 0.203744 0.362288 0.18598 0.35877 0.184093 0.389076 0.919392
4 0.30333 0.244975 0.305616 0.213438 0.28794 0.209364 0.285655 0.240901 0.874308
4 0.501225 0.47456 0.502203 0.447418 0.485941 0.445553 0.484962 0.472696 0.863961
4 0.400703 0.434008 0.402733 0.405076 0.386965 0.401557 0.384935 0.430489 0.842019
4 0.435242 0.304475 0.437405 0.275946 0.421546 0.272121 0.419383 0.300651 0.828809
4 0.337629 0.556726 0.33996 0.522742 0.320444 0.518486 0.318114 0.55247 0.804236
0 0.439006 0.443837 0.441468 0.409491 0.42266 0.405205 0.420199 0.439551 0.78114
4 0.361966 0.841564 0.363444 0.813621 0.347657 0.810965 0.346179 0.838908 0.485041
4 0.169012 0.582706 0.171193 0.550539 0.154176 0.546869 0.151995 0.579037 0.430542
4 0.244166 0.759377 0.246442 0.728104 0.229673 0.724223 0.227397 0.755496 0.416552
4 0.418306 0.38887 0.420424 0.351469 0.401225 0.348011 0.399107 0.385413 0.316779
