4 0.20172 0.392705 0.20356 0.362371 0.185794 0.358945 0.183954 0.389279 0.924472
4 0.401202 0.433412 0.403518 0.405608 0.387328 0.401319 0.385013 0.429124 0.908951
4 0.303049 0.244904 0.305294 0.213201 0.287677 0.209235 0.285433 0.240937 0.869127
4 0.501335 0.474636 0.502308 0.4474 0.485825 0.445527 0.484851 0.472763 0.868463
4 0.435219 0.304595 0.437372 0.275736 0.421429 0.271954 0.419276 0.300813 0.842583
4 0.337654 0.556922 0.339968 0.522762 0.320378 0.518543 0.318064 0.552703 0.811131
0 0.447856 0.449422 0.450357 0.413285 0.431029 0.409031 0.428528 0.445169 0.698627
4 0.362033 0.84164 0.363588 0.813454 0.347642 0.810654 0.346086 0.838841 0.468445
4 0.244187 0.759457 0.246552 0.72811 0.229766 0.724081 0.227401 0.755429 0.377501
4 0.168565 0.580383 0.171173 0.548392 0.15304 0.54369 0.150432 0.575681 0.346562
4 0.416296 0.400663 0.419506 0.365188 0.400553 0.359734 0.397343 0.395208 0.280973
4 0.20172 0.392705 0.20356 0.362371 0.185794 0.358945 0.183954 0.389279 0.924472
4 0.401202 0.433412 0.403518 0.405608 0.387328 0.401319 0.385013 0.429124 0.908951
4 0.303049 0.244904 0.305294 0.213201 0.287677 0.209235 0.285433 0.240937 0.869127
4 0.501335 0.474636 0.502308 0.4474 0.485825 0.445527 0.484851 0.472763 0.868463
4 0.435219 0.304595 0.437372 0.275736 0.421429 0.271954 0.419276 0.300813 0.842583
4 0.337654 0.556922 0.339968 0.522762 0.320378 0.518543 0.318064 0.552703 0.811131
0 0.447856 0.449422 0.450357 0.413285 0.431029 0.409031 0.428528 0.445169 0.698627
4 0.362033 0.84164 0.363588 0.813454 0.347642 0.810654 0.346086 0.838841 0.468445
4 0.244187 0.759457 0.246552 0.72811 0.229766 0.724081 0.227401 0.755429 0.377501
4 0.168565 0.580383 0.171173 0.548392 0.15304 0.54369 0.150432 0.575681 0.346562
4 0.416296 0.400663 0.419506 0.365188 0.400553 0.359734 0.397343 0.395208 0.280973
