4 0.367297 0.566103 0.368076 0.537205 0.350709 0.535718 0.349931 0.564616 0.926353
4 0.337281 0.471834 0.339367 0.443691 0.323482 0.439948 0.321397 0.468091 0.923314
4 0.358403 0.44662 0.359997 0.419547 0.344867 0.416713 0.343273 0.443786 0.792076
4 0.398514 0.360643 0.399806 0.331638 0.383817 0.329373 0.382524 0.358378 0.755733
4 0.38118 0.659999 0.383246 0.627943 0.366796 0.62457 0.364729 0.656626 0.697808
4 0.477505 0.630427 0.478966 0.595361 0.461886 0.593098 0.460425 0.628165 0.611084
0 0.454731 0.63012 0.458804 0.591912 0.438967 0.585187 0.434894 0.623395 0.576586
4 0.370757 0.616664 0.373276 0.586564 0.35382 0.581387 0.351302 0.611486 0.456327
4 0.343376 0.581133 0.34425 0.550662 0.327408 0.549126 0.326534 0.579597 0.370462
4 0.367297 0.566103 0.368076 0.537205 0.350709 0.535718 0.349931 0.564616 0.926353
4 0.337281 0.471834 0.339367 0.443691 0.323482 0.439948 0.321397 0.468091 0.923314
4 0.358403 0.44662 0.359997 0.419547 0.344867 0.416713 0.343273 0.443786 0.792076
4 0.398514 0.360643 0.399806 0.331638 0.383817 0.329373 0.382524 0.358378 0.755733
4 0.38118 0.659999 0.383246 0.627943 0.366796 0.62457 0.364729 0.656626 0.697808
4 0.477505 0.630427 0.478966 0.595361 0.461886 0.593098 0.460425 0.628165 0.611084
0 0.454731 0.63012 0.458804 0.591912 0.438967 0.585187 0.434894 0.623395 0.576586
4 0.370757 0.616664 0.373276 0.586564 0.35382 0.581387 0.351302 0.611486 0.456327
4 0.343376 0.581133 0.34425 0.550662 0.327408 0.549126 0.326534 0.579597 0.370462
