4 0.391377 0.546424 0.392671 0.519148 0.375607 0.516573 0.374313 0.543849 0.868769
0 0.256481 0.346543 0.257342 0.307855 0.235255 0.306292 0.234394 0.34498 0.7442
4 0.338409 0.575711 0.340158 0.547726 0.324136 0.544542 0.322388 0.572527 0.700503
4 0.419513 0.704339 0.421017 0.67375 0.403292 0.670978 0.401788 0.701567 0.697085
4 0.398638 0.360533 0.399874 0.330929 0.383711 0.328782 0.382474 0.358386 0.688784
4 0.481911 0.637243 0.484406 0.604693 0.466611 0.600356 0.464116 0.632906 0.539167
4 0.391377 0.546424 0.392671 0.519148 0.375607 0.516573 0.374313 0.543849 0.868769
0 0.256481 0.346543 0.257342 0.307855 0.235255 0.306292 0.234394 0.34498 0.7442
4 0.338409 0.575711 0.340158 0.547726 0.324136 0.544542 0.322388 0.572527 0.700503
4 0.419513 0.704339 0.421017 0.67375 0.403292 0.670978 0.401788 0.701567 0.697085
4 0.398638 0.360533 0.399874 0.330929 0.383711 0.328782 0.382474 0.358386 0.688784
4 0.481911 0.637243 0.484406 0.604693 0.466611 0.600356 0.464116 0.632906 0.539167
