0 0.259968 0.338547 0.262692 0.299074 0.242354 0.29461 0.23963 0.334083 0.887656
4 0.39127 0.546664 0.392531 0.519469 0.37564 0.516978 0.374379 0.544173 0.872908
4 0.398554 0.360647 0.399774 0.331163 0.383655 0.329043 0.382435 0.358527 0.717737
4 0.241662 0.307257 0.244069 0.277787 0.226871 0.27332 0.224465 0.302791 0.7151
4 0.419475 0.704614 0.420989 0.674112 0.40325 0.671312 0.401736 0.701814 0.697594
4 0.338555 0.575915 0.340411 0.547756 0.324218 0.544362 0.322362 0.572521 0.680484
4 0.482031 0.637034 0.484614 0.604818 0.466862 0.600291 0.464278 0.632507 0.593634
0 0.259968 0.338547 0.262692 0.299074 0.242354 0.29461 0.23963 0.334083 0.887656
4 0.39127 0.546664 0.392531 0.519469 0.37564 0.516978 0.374379 0.544173 0.872908
4 0.398554 0.360647 0.399774 0.331163 0.383655 0.329043 0.382435 0.358527 0.717737
4 0.241662 0.307257 0.244069 0.277787 0.226871 0.27332 0.224465 0.302791 0.7151
4 0.419475 0.704614 0.420989 0.674112 0.40325 0.671312 0.401736 0.701814 0.697594
4 0.338555 0.575915 0.340411 0.547756 0.324218 0.544362 0.322362 0.572521 0.680484
4 0.482031 0.637034 0.484614 0.604818 0.466862 0.600291 0.464278 0.632507 0.593634
