4 0.201892 0.392849 0.203778 0.362624 0.185973 0.359089 0.184086 0.389314 0.923745
4 0.3031 0.244827 0.305218 0.213226 0.287642 0.209479 0.285524 0.24108 0.878232
4 0.501103 0.474646 0.502083 0.447601 0.4859 0.445737 0.484921 0.472782 0.864988
4 0.435183 0.304855 0.437299 0.275686 0.421334 0.272002 0.419217 0.301171 0.848395
4 0.43903 0.708391 0.441018 0.678644 0.423563 0.674935 0.421575 0.704682 0.734799
0 0.423184 0.681478 0.427126 0.644465 0.407072 0.637672 0.40313 0.674685 0.710271
4 0.361968 0.841594 0.363562 0.813567 0.347657 0.81069 0.346063 0.838717 0.469123
4 0.430317 0.609073 0.43108 0.580215 0.415003 0.578864 0.414241 0.607721 0.456726
4 0.244237 0.7597 0.246597 0.728276 0.229612 0.72422 0.227252 0.755644 0.364788
4 0.168976 0.582896 0.17132 0.55026 0.15425 0.546362 0.151907 0.578997 0.363108
4 0.201892 0.392849 0.203778 0.362624 0.185973 0.359089 0.184086 0.389314 0.923745
4 0.3031 0.244827 0.305218 0.213226 0.287642 0.209479 0.285524 0.24108 0.878232
4 0.501103 0.474646 0.502083 0.447601 0.4859 0.445737 0.484921 0.472782 0.864988
4 0.435183 0.304855 0.437299 0.275686 0.421334 0.272002 0.419217 0.301171 0.848395
4 0.43903 0.708391 0.441018 0.678644 0.423563 0.674935 0.421575 0.704682 0.734799
0 0.423184 0.681478 0.427126 0.644465 0.407072 0.637672 0.40313 0.674685 0.710271
4 0.361968 0.841594 0.363562 0.813567 0.347657 0.81069 0.346063 0.838717 0.469123
4 0.430317 0.609073 0.43108 0.580215 0.415003 0.578864 0.414241 0.607721 0.456726
4 0.244237 0.7597 0.246597 0.728276 0.229612 0.72422 0.227252 0.755644 0.364788
4 0.168976 0.582896 0.17132 0.55026 0.15425 0.546362 0.151907 0.578997 0.363108
