4 0.361306 0.498349 0.36278 0.469766 0.346399 0.46708 0.344925 0.495663 0.943587
4 0.425438 0.682407 0.427442 0.654246 0.410111 0.650323 0.408107 0.678484 0.610513
0 0.401795 0.663432 0.405849 0.621629 0.386515 0.615666 0.382461 0.657469 0.556647
4 0.330943 0.49854 0.333348 0.457996 0.310385 0.453664 0.30798 0.494208 0.493491
4 0.341218 0.58507 0.344655 0.553723 0.3275 0.547743 0.324063 0.57909 0.35591
4 0.336313 0.474411 0.337429 0.444371 0.320719 0.442397 0.319603 0.472437 0.349413
4 0.361306 0.498349 0.36278 0.469766 0.346399 0.46708 0.344925 0.495663 0.943587
4 0.425438 0.682407 0.427442 0.654246 0.410111 0.650323 0.408107 0.678484 0.610513
0 0.401795 0.663432 0.405849 0.621629 0.386515 0.615666 0.382461 0.657469 0.556647
4 0.330943 0.49854 0.333348 0.457996 0.310385 0.453664 0.30798 0.494208 0.493491
4 0.341218 0.58507 0.344655 0.553723 0.3275 0.547743 0.324063 0.57909 0.35591
4 0.336313 0.474411 0.337429 0.444371 0.320719 0.442397 0.319603 0.472437 0.349413
