4 0.367213 0.565396 0.368108 0.537315 0.351408 0.535622 0.350513 0.563703 0.929678
4 0.33731 0.471433 0.339316 0.443632 0.323524 0.440008 0.321518 0.46781 0.914447
4 0.358631 0.446541 0.360099 0.419507 0.344843 0.416873 0.343375 0.443908 0.812793
4 0.398615 0.360428 0.399896 0.331538 0.383955 0.329289 0.382674 0.358179 0.744156
0 0.443152 0.614582 0.447453 0.574726 0.427075 0.567732 0.422774 0.607588 0.653826
4 0.342704 0.580974 0.34399 0.55135 0.327509 0.549075 0.326224 0.5787 0.573492
4 0.380275 0.657035 0.382412 0.625679 0.364021 0.621692 0.361883 0.653047 0.417765
4 0.46705 0.62491 0.470311 0.590199 0.448303 0.583623 0.445041 0.618334 0.291309
4 0.367213 0.565396 0.368108 0.537315 0.351408 0.535622 0.350513 0.563703 0.929678
4 0.33731 0.471433 0.339316 0.443632 0.323524 0.440008 0.321518 0.46781 0.914447
4 0.358631 0.446541 0.360099 0.419507 0.344843 0.416873 0.343375 0.443908 0.812793
4 0.398615 0.360428 0.399896 0.331538 0.383955 0.329289 0.382674 0.358179 0.744156
0 0.443152 0.614582 0.447453 0.574726 0.427075 0.567732 0.422774 0.607588 0.653826
4 0.342704 0.580974 0.34399 0.55135 0.327509 0.549075 0.326224 0.5787 0.573492
4 0.380275 0.657035 0.382412 0.625679 0.364021 0.621692 0.361883 0.653047 0.417765
4 0.46705 0.62491 0.470311 0.590199 0.448303 0.583623 0.445041 0.618334 0.291309
