4 0.402486 0.434034 0.405052 0.404994 0.387963 0.400191 0.385397 0.42923 0.927949
4 0.201704 0.392831 0.203549 0.362592 0.18588 0.359164 0.184035 0.389403 0.927418
4 0.303226 0.244681 0.305445 0.213128 0.287741 0.209168 0.285522 0.240721 0.868762
4 0.501347 0.474492 0.502308 0.447514 0.486038 0.445672 0.485078 0.472649 0.865297
4 0.435256 0.30453 0.437436 0.275675 0.421403 0.271823 0.419222 0.300678 0.849602
4 0.337735 0.556672 0.339934 0.522519 0.320288 0.518495 0.318089 0.552649 0.817445
0 0.445989 0.438833 0.446642 0.403957 0.428256 0.402861 0.427602 0.437737 0.735233
4 0.361969 0.841436 0.36349 0.81347 0.347708 0.81074 0.346187 0.838706 0.488945
4 0.244225 0.759375 0.246519 0.728206 0.229725 0.724274 0.227431 0.755443 0.433034
4 0.168518 0.580293 0.171011 0.548182 0.152829 0.543692 0.150335 0.575803 0.355413
4 0.402486 0.434034 0.405052 0.404994 0.387963 0.400191 0.385397 0.42923 0.927949
4 0.201704 0.392831 0.203549 0.362592 0.18588 0.359164 0.184035 0.389403 0.927418
4 0.303226 0.244681 0.305445 0.213128 0.287741 0.209168 0.285522 0.240721 0.868762
4 0.501347 0.474492 0.502308 0.447514 0.486038 0.445672 0.485078 0.472649 0.865297
4 0.435256 0.30453 0.437436 0.275675 0.421403 0.271823 0.419222 0.300678 0.849602
4 0.337735 0.556672 0.339934 0.522519 0.320288 0.518495 0.318089 0.552649 0.817445
0 0.445989 0.438833 0.446642 0.403957 0.428256 0.402861 0.427602 0.437737 0.735233
4 0.361969 0.841436 0.36349 0.81347 0.347708 0.81074 0.346187 0.838706 0.488945
4 0.244225 0.759375 0.246519 0.728206 0.229725 0.724274 0.227431 0.755443 0.433034
4 0.168518 0.580293 0.171011 0.548182 0.152829 0.543692 0.150335 0.575803 0.355413
