4 0.201732 0.392497 0.203612 0.362436 0.185932 0.358921 0.184053 0.388981 0.921623
4 0.303307 0.244804 0.30532 0.213459 0.287908 0.209902 0.285894 0.241247 0.879465
4 0.500995 0.474557 0.501987 0.44751 0.485832 0.445626 0.48484 0.472673 0.86285
4 0.435138 0.304807 0.437246 0.276102 0.421418 0.272407 0.419311 0.301112 0.844357
0 0.406282 0.652868 0.409972 0.61579 0.390507 0.60963 0.386818 0.646708 0.69752
4 0.423981 0.681967 0.426783 0.651567 0.409161 0.6464 0.406358 0.676799 0.600622
4 0.361896 0.84169 0.36354 0.813847 0.34773 0.810878 0.346086 0.838722 0.467891
4 0.244362 0.759499 0.246659 0.728131 0.2298 0.724205 0.227503 0.755572 0.403193
4 0.168687 0.580444 0.171254 0.548475 0.153278 0.543884 0.150711 0.575853 0.383976
4 0.201732 0.392497 0.203612 0.362436 0.185932 0.358921 0.184053 0.388981 0.921623
4 0.303307 0.244804 0.30532 0.213459 0.287908 0.209902 0.285894 0.241247 0.879465
4 0.500995 0.474557 0.501987 0.44751 0.485832 0.445626 0.48484 0.472673 0.86285
4 0.435138 0.304807 0.437246 0.276102 0.421418 0.272407 0.419311 0.301112 0.844357
0 0.406282 0.652868 0.409972 0.61579 0.390507 0.60963 0.386818 0.646708 0.69752
4 0.423981 0.681967 0.426783 0.651567 0.409161 0.6464 0.406358 0.676799 0.600622
4 0.361896 0.84169 0.36354 0.813847 0.34773 0.810878 0.346086 0.838722 0.467891
4 0.244362 0.759499 0.246659 0.728131 0.2298 0.724205 0.227503 0.755572 0.403193
4 0.168687 0.580444 0.171254 0.548475 0.153278 0.543884 0.150711 0.575853 0.383976
