4 0.361357 0.498251 0.362837 0.469702 0.346435 0.466999 0.344956 0.495548 0.941421
0 0.402973 0.66259 0.407686 0.621679 0.387666 0.614345 0.382953 0.655257 0.8111
4 0.425535 0.682896 0.42777 0.65451 0.410344 0.650146 0.408109 0.678532 0.51542
4 0.330969 0.498322 0.333332 0.457938 0.310501 0.453689 0.308138 0.494073 0.498276
4 0.336267 0.474452 0.337389 0.444467 0.320747 0.442487 0.319626 0.472472 0.329643
4 0.341229 0.585242 0.344697 0.553762 0.327599 0.547773 0.324132 0.579253 0.328907
4 0.361357 0.498251 0.362837 0.469702 0.346435 0.466999 0.344956 0.495548 0.941421
0 0.402973 0.66259 0.407686 0.621679 0.387666 0.614345 0.382953 0.655257 0.8111
4 0.425535 0.682896 0.42777 0.65451 0.410344 0.650146 0.408109 0.678532 0.51542
4 0.330969 0.498322 0.333332 0.457938 0.310501 0.453689 0.308138 0.494073 0.498276
4 0.336267 0.474452 0.337389 0.444467 0.320747 0.442487 0.319626 0.472472 0.329643
4 0.341229 0.585242 0.344697 0.553762 0.327599 0.547773 0.324132 0.579253 0.328907
