4 0.201753 0.392806 0.203573 0.362648 0.185977 0.35927 0.184156 0.389427 0.916913
4 0.401406 0.43355 0.403795 0.405577 0.387376 0.401119 0.384988 0.429092 0.915882
4 0.501328 0.474416 0.502329 0.447412 0.485901 0.445477 0.484901 0.472481 0.880123
4 0.303176 0.245022 0.305363 0.213565 0.287867 0.209696 0.285681 0.241153 0.872209
4 0.435116 0.304697 0.437348 0.275922 0.421377 0.271981 0.419145 0.300757 0.845896
4 0.337697 0.556824 0.339974 0.522703 0.320439 0.518557 0.318161 0.552678 0.799654
0 0.447938 0.449505 0.450484 0.413442 0.431238 0.409121 0.428692 0.445183 0.705071
4 0.361978 0.841667 0.363558 0.81327 0.347457 0.810421 0.345877 0.838818 0.494244
4 0.168595 0.580325 0.17108 0.548344 0.153014 0.543879 0.150529 0.57586 0.357777
4 0.244063 0.759472 0.246474 0.728307 0.229794 0.724203 0.227383 0.755368 0.338271
4 0.201753 0.392806 0.203573 0.362648 0.185977 0.35927 0.184156 0.389427 0.916913
4 0.401406 0.43355 0.403795 0.405577 0.387376 0.401119 0.384988 0.429092 0.915882
4 0.501328 0.474416 0.502329 0.447412 0.485901 0.445477 0.484901 0.472481 0.880123
4 0.303176 0.245022 0.305363 0.213565 0.287867 0.209696 0.285681 0.241153 0.872209
4 0.435116 0.304697 0.437348 0.275922 0.421377 0.271981 0.419145 0.300757 0.845896
4 0.337697 0.556824 0.339974 0.522703 0.320439 0.518557 0.318161 0.552678 0.799654
0 0.447938 0.449505 0.450484 0.413442 0.431238 0.409121 0.428692 0.445183 0.705071
4 0.361978 0.841667 0.363558 0.81327 0.347457 0.810421 0.345877 0.838818 0.494244
4 0.168595 0.580325 0.17108 0.548344 0.153014 0.543879 0.150529 0.57586 0.357777
4 0.244063 0.759472 0.246474 0.728307 0.229794 0.724203 0.227383 0.755368 0.338271
