4 0.337283 0.471511 0.339349 0.443401 0.323601 0.439721 0.321536 0.467831 0.911577
4 0.367093 0.564184 0.367636 0.53685 0.351381 0.535823 0.350838 0.563157 0.896563
4 0.358316 0.446473 0.359983 0.419448 0.344887 0.416486 0.34322 0.443511 0.791587
4 0.478134 0.625041 0.479435 0.591765 0.462664 0.58968 0.461363 0.622956 0.700123
4 0.398627 0.36045 0.399906 0.331243 0.383825 0.329003 0.382545 0.35821 0.698786
4 0.371259 0.616738 0.374275 0.588451 0.357568 0.582787 0.354553 0.611074 0.583166
0 0.456753 0.631753 0.460075 0.594017 0.441052 0.588692 0.437731 0.626428 0.56204
4 0.381092 0.659332 0.383519 0.628902 0.367457 0.624829 0.36503 0.655259 0.558452
4 0.342804 0.579662 0.343815 0.550305 0.327559 0.548526 0.326549 0.577882 0.380681
4 0.337283 0.471511 0.339349 0.443401 0.323601 0.439721 0.321536 0.467831 0.911577
4 0.367093 0.564184 0.367636 0.53685 0.351381 0.535823 0.350838 0.563157 0.896563
4 0.358316 0.446473 0.359983 0.419448 0.344887 0.416486 0.34322 0.443511 0.791587
4 0.478134 0.625041 0.479435 0.591765 0.462664 0.58968 0.461363 0.622956 0.700123
4 0.398627 0.36045 0.399906 0.331243 0.383825 0.329003 0.382545 0.35821 0.698786
4 0.371259 0.616738 0.374275 0.588451 0.357568 0.582787 0.354553 0.611074 0.583166
0 0.456753 0.631753 0.460075 0.594017 0.441052 0.588692 0.437731 0.626428 0.56204
4 0.381092 0.659332 0.383519 0.628902 0.367457 0.624829 0.36503 0.655259 0.558452
4 0.342804 0.579662 0.343815 0.550305 0.327559 0.548526 0.326549 0.577882 0.380681
