4 0.367445 0.564921 0.368096 0.53721 0.351557 0.535974 0.350906 0.563685 0.930278
4 0.33741 0.471841 0.339549 0.443449 0.323604 0.439629 0.321465 0.468021 0.89568
4 0.358509 0.44645 0.360105 0.419081 0.344793 0.416241 0.343196 0.44361 0.801637
0 0.431926 0.60476 0.435863 0.566131 0.414933 0.559347 0.410996 0.597975 0.758008
4 0.398482 0.360418 0.399693 0.331367 0.383796 0.329259 0.382585 0.358311 0.74698
4 0.452977 0.611085 0.455158 0.575374 0.436518 0.571755 0.434337 0.607466 0.596558
4 0.342771 0.58102 0.344 0.551369 0.32741 0.549183 0.326182 0.578835 0.566665
4 0.380629 0.657864 0.382621 0.62565 0.363891 0.621967 0.361899 0.654181 0.537019
4 0.367445 0.564921 0.368096 0.53721 0.351557 0.535974 0.350906 0.563685 0.930278
4 0.33741 0.471841 0.339549 0.443449 0.323604 0.439629 0.321465 0.468021 0.89568
4 0.358509 0.44645 0.360105 0.419081 0.344793 0.416241 0.343196 0.44361 0.801637
0 0.431926 0.60476 0.435863 0.566131 0.414933 0.559347 0.410996 0.597975 0.758008
4 0.398482 0.360418 0.399693 0.331367 0.383796 0.329259 0.382585 0.358311 0.74698
4 0.452977 0.611085 0.455158 0.575374 0.436518 0.571755 0.434337 0.607466 0.596558
4 0.342771 0.58102 0.344 0.551369 0.32741 0.549183 0.326182 0.578835 0.566665
4 0.380629 0.657864 0.382621 0.62565 0.363891 0.621967 0.361899 0.654181 0.537019
