4 0.401653 0.433369 0.402874 0.404448 0.386836 0.402295 0.385615 0.431215 0.938422
4 0.201718 0.392856 0.203541 0.362477 0.18576 0.359085 0.183937 0.389464 0.922135
4 0.30313 0.244758 0.305361 0.21339 0.287728 0.209402 0.285497 0.240769 0.863719
4 0.501253 0.474699 0.502264 0.447499 0.485993 0.445576 0.484982 0.472775 0.856506
4 0.435185 0.304913 0.437392 0.275954 0.421347 0.272066 0.419141 0.301024 0.846022
4 0.337595 0.556715 0.339826 0.522717 0.320391 0.518662 0.31816 0.552659 0.790589
0 0.446537 0.439369 0.447576 0.403393 0.428218 0.401615 0.427179 0.437592 0.726398
4 0.362057 0.841453 0.363444 0.813617 0.347711 0.811124 0.346324 0.83896 0.46862
4 0.244186 0.759504 0.246435 0.728385 0.229795 0.724561 0.227547 0.75568 0.356078
4 0.168605 0.580458 0.171201 0.548597 0.153278 0.543953 0.150682 0.575814 0.350694
1 0.431538 0.463988 0.434187 0.423812 0.412768 0.419319 0.410118 0.459495 0.319274
4 0.401653 0.433369 0.402874 0.404448 0.386836 0.402295 0.385615 0.431215 0.938422
4 0.201718 0.392856 0.203541 0.362477 0.18576 0.359085 0.183937 0.389464 0.922135
4 0.30313 0.244758 0.305361 0.21339 0.287728 0.209402 0.285497 0.240769 0.863719
4 0.501253 0.474699 0.502264 0.447499 0.485993 0.445576 0.484982 0.472775 0.856506
4 0.435185 0.304913 0.437392 0.275954 0.421347 0.272066 0.419141 0.301024 0.846022
4 0.337595 0.556715 0.339826 0.522717 0.320391 0.518662 0.31816 0.552659 0.790589
0 0.446537 0.439369 0.447576 0.403393 0.428218 0.401615 0.427179 0.437592 0.726398
4 0.362057 0.841453 0.363444 0.813617 0.347711 0.811124 0.346324 0.83896 0.46862
4 0.244186 0.759504 0.246435 0.728385 0.229795 0.724561 0.227547 0.75568 0.356078
4 0.168605 0.580458 0.171201 0.548597 0.153278 0.543953 0.150682 0.575814 0.350694
1 0.431538 0.463988 0.434187 0.423812 0.412768 0.419319 0.410118 0.459495 0.319274
