4 0.20193 0.392773 0.203817 0.362527 0.185996 0.358991 0.184109 0.389237 0.924008
4 0.501211 0.474617 0.502209 0.447642 0.48585 0.445717 0.484853 0.472693 0.882375
4 0.303289 0.245043 0.305479 0.21328 0.287895 0.209426 0.285706 0.241189 0.872876
4 0.401182 0.433112 0.403199 0.40477 0.387157 0.401141 0.385141 0.429483 0.859064
4 0.435235 0.304425 0.437392 0.2759 0.42148 0.272073 0.419323 0.300598 0.825384
4 0.337808 0.556891 0.340051 0.522586 0.320381 0.518497 0.318138 0.552802 0.791176
0 0.446011 0.451473 0.447124 0.41662 0.428408 0.41472 0.427296 0.449573 0.629017
4 0.362026 0.841238 0.363357 0.81337 0.347522 0.810964 0.34619 0.838832 0.457204
4 0.168533 0.580455 0.171187 0.547903 0.153036 0.543196 0.150382 0.575748 0.392393
4 0.244179 0.759836 0.246559 0.728087 0.229664 0.724058 0.227284 0.755807 0.328493
4 0.20193 0.392773 0.203817 0.362527 0.185996 0.358991 0.184109 0.389237 0.924008
4 0.501211 0.474617 0.502209 0.447642 0.48585 0.445717 0.484853 0.472693 0.882375
4 0.303289 0.245043 0.305479 0.21328 0.287895 0.209426 0.285706 0.241189 0.872876
4 0.401182 0.433112 0.403199 0.40477 0.387157 0.401141 0.385141 0.429483 0.859064
4 0.435235 0.304425 0.437392 0.2759 0.42148 0.272073 0.419323 0.300598 0.825384
4 0.337808 0.556891 0.340051 0.522586 0.320381 0.518497 0.318138 0.552802 0.791176
0 0.446011 0.451473 0.447124 0.41662 0.428408 0.41472 0.427296 0.449573 0.629017
4 0.362026 0.841238 0.363357 0.81337 0.347522 0.810964 0.34619 0.838832 0.457204
4 0.168533 0.580455 0.171187 0.547903 0.153036 0.543196 0.150382 0.575748 0.392393
4 0.244179 0.759836 0.246559 0.728087 0.229664 0.724058 0.227284 0.755807 0.328493
