4 0.201729 0.392635 0.203572 0.362548 0.185901 0.359105 0.184058 0.389192 0.926397
4 0.401429 0.434329 0.402471 0.404869 0.386803 0.403106 0.385761 0.432566 0.916278
0 0.437503 0.440749 0.440016 0.399819 0.419716 0.395856 0.417203 0.436786 0.876608
4 0.303151 0.244307 0.305117 0.213419 0.287774 0.209909 0.285809 0.240797 0.863897
4 0.501133 0.4747 0.502092 0.447602 0.486051 0.445795 0.485091 0.472893 0.863848
4 0.435259 0.3049 0.437359 0.276014 0.421477 0.272342 0.419377 0.301229 0.841039
4 0.337702 0.556931 0.339999 0.522615 0.32045 0.518453 0.318153 0.552768 0.791402
4 0.362086 0.841506 0.363518 0.813494 0.347623 0.810909 0.346191 0.838921 0.458617
4 0.244144 0.759533 0.246388 0.728584 0.229795 0.724758 0.227552 0.755708 0.39116
4 0.168975 0.583113 0.171449 0.550345 0.154285 0.546225 0.151812 0.578993 0.34343
4 0.201729 0.392635 0.203572 0.362548 0.185901 0.359105 0.184058 0.389192 0.926397
4 0.401429 0.434329 0.402471 0.404869 0.386803 0.403106 0.385761 0.432566 0.916278
0 0.437503 0.440749 0.440016 0.399819 0.419716 0.395856 0.417203 0.436786 0.876608
4 0.303151 0.244307 0.305117 0.213419 0.287774 0.209909 0.285809 0.240797 0.863897
4 0.501133 0.4747 0.502092 0.447602 0.486051 0.445795 0.485091 0.472893 0.863848
4 0.435259 0.3049 0.437359 0.276014 0.421477 0.272342 0.419377 0.301229 0.841039
4 0.337702 0.556931 0.339999 0.522615 0.32045 0.518453 0.318153 0.552768 0.791402
4 0.362086 0.841506 0.363518 0.813494 0.347623 0.810909 0.346191 0.838921 0.458617
4 0.244144 0.759533 0.246388 0.728584 0.229795 0.724758 0.227552 0.755708 0.39116
4 0.168975 0.583113 0.171449 0.550345 0.154285 0.546225 0.151812 0.578993 0.34343
