4 0.391405 0.5464 0.392757 0.519087 0.375768 0.51641 0.374415 0.543724 0.872591
0 0.252754 0.344584 0.254867 0.303655 0.233004 0.300065 0.230891 0.340993 0.804213
4 0.3384 0.575568 0.340033 0.547714 0.324151 0.544752 0.322518 0.572606 0.694791
4 0.398574 0.360446 0.399784 0.330939 0.383815 0.328856 0.382604 0.358363 0.686782
4 0.419387 0.704263 0.420895 0.67374 0.403022 0.670931 0.401514 0.701454 0.680619
4 0.481941 0.637339 0.484462 0.604887 0.466571 0.600467 0.46405 0.632919 0.553855
4 0.241683 0.308051 0.244347 0.2817 0.228009 0.276446 0.225345 0.302797 0.449418
4 0.391405 0.5464 0.392757 0.519087 0.375768 0.51641 0.374415 0.543724 0.872591
0 0.252754 0.344584 0.254867 0.303655 0.233004 0.300065 0.230891 0.340993 0.804213
4 0.3384 0.575568 0.340033 0.547714 0.324151 0.544752 0.322518 0.572606 0.694791
4 0.398574 0.360446 0.399784 0.330939 0.383815 0.328856 0.382604 0.358363 0.686782
4 0.419387 0.704263 0.420895 0.67374 0.403022 0.670931 0.401514 0.701454 0.680619
4 0.481941 0.637339 0.484462 0.604887 0.466571 0.600467 0.46405 0.632919 0.553855
4 0.241683 0.308051 0.244347 0.2817 0.228009 0.276446 0.225345 0.302797 0.449418
