4 0.40154 0.433811 0.402671 0.40453 0.386874 0.402589 0.385743 0.43187 0.928174
4 0.2019 0.39267 0.203752 0.362421 0.185883 0.358941 0.184031 0.38919 0.924885
4 0.303235 0.244148 0.305267 0.212821 0.287705 0.209199 0.285674 0.240526 0.877233
4 0.501215 0.474533 0.502246 0.447421 0.485989 0.445453 0.484957 0.472566 0.852119
4 0.435264 0.304884 0.437393 0.276029 0.421477 0.272296 0.419348 0.301151 0.837813
4 0.337622 0.556966 0.339937 0.522679 0.320361 0.518477 0.318047 0.552763 0.785199
4 0.361953 0.84165 0.36351 0.813458 0.347554 0.810654 0.345997 0.838847 0.4682
4 0.244208 0.759318 0.246417 0.728594 0.22989 0.724816 0.227682 0.75554 0.43853
0 0.439847 0.445152 0.442892 0.401546 0.421857 0.396875 0.418812 0.44048 0.390587
4 0.168578 0.580378 0.17119 0.548241 0.153223 0.543597 0.150611 0.575734 0.34122
4 0.40154 0.433811 0.402671 0.40453 0.386874 0.402589 0.385743 0.43187 0.928174
4 0.2019 0.39267 0.203752 0.362421 0.185883 0.358941 0.184031 0.38919 0.924885
4 0.303235 0.244148 0.305267 0.212821 0.287705 0.209199 0.285674 0.240526 0.877233
4 0.501215 0.474533 0.502246 0.447421 0.485989 0.445453 0.484957 0.472566 0.852119
4 0.435264 0.304884 0.437393 0.276029 0.421477 0.272296 0.419348 0.301151 0.837813
4 0.337622 0.556966 0.339937 0.522679 0.320361 0.518477 0.318047 0.552763 0.785199
4 0.361953 0.84165 0.36351 0.813458 0.347554 0.810654 0.345997 0.838847 0.4682
4 0.244208 0.759318 0.246417 0.728594 0.22989 0.724816 0.227682 0.75554 0.43853
0 0.439847 0.445152 0.442892 0.401546 0.421857 0.396875 0.418812 0.44048 0.390587
4 0.168578 0.580378 0.17119 0.548241 0.153223 0.543597 0.150611 0.575734 0.34122
