4 0.201856 0.392481 0.203695 0.362331 0.185861 0.358872 0.184023 0.389023 0.931698
4 0.403582 0.433602 0.405884 0.404214 0.388403 0.39986 0.386101 0.429247 0.930896
4 0.30323 0.244683 0.305484 0.213086 0.287659 0.209044 0.285406 0.240641 0.868121
4 0.50142 0.474546 0.502416 0.447444 0.485999 0.445525 0.485004 0.472627 0.866983
4 0.435278 0.304608 0.437467 0.275867 0.421533 0.272006 0.419343 0.300747 0.829188
4 0.337872 0.557035 0.340192 0.522623 0.320494 0.518399 0.318174 0.552812 0.787578
0 0.448599 0.450215 0.450805 0.413272 0.431128 0.409536 0.428922 0.446478 0.777774
4 0.361947 0.841549 0.363528 0.813636 0.347693 0.810783 0.346111 0.838696 0.48947
4 0.244059 0.759469 0.246421 0.728271 0.229586 0.724217 0.227223 0.755414 0.396518
4 0.168657 0.580204 0.171139 0.548442 0.153108 0.54396 0.150626 0.575722 0.359499
4 0.414568 0.423239 0.417726 0.385987 0.396516 0.380269 0.393358 0.417521 0.267562
4 0.201856 0.392481 0.203695 0.362331 0.185861 0.358872 0.184023 0.389023 0.931698
4 0.403582 0.433602 0.405884 0.404214 0.388403 0.39986 0.386101 0.429247 0.930896
4 0.30323 0.244683 0.305484 0.213086 0.287659 0.209044 0.285406 0.240641 0.868121
4 0.50142 0.474546 0.502416 0.447444 0.485999 0.445525 0.485004 0.472627 0.866983
4 0.435278 0.304608 0.437467 0.275867 0.421533 0.272006 0.419343 0.300747 0.829188
4 0.337872 0.557035 0.340192 0.522623 0.320494 0.518399 0.318174 0.552812 0.787578
0 0.448599 0.450215 0.450805 0.413272 0.431128 0.409536 0.428922 0.446478 0.777774
4 0.361947 0.841549 0.363528 0.813636 0.347693 0.810783 0.346111 0.838696 0.48947
4 0.244059 0.759469 0.246421 0.728271 0.229586 0.724217 0.227223 0.755414 0.396518
4 0.168657 0.580204 0.171139 0.548442 0.153108 0.54396 0.150626 0.575722 0.359499
4 0.414568 0.423239 0.417726 0.385987 0.396516 0.380269 0.393358 0.417521 0.267562
