4 0.2019 0.392477 0.203721 0.362439 0.186052 0.359032 0.18423 0.389069 0.923055
4 0.401897 0.433031 0.403199 0.404394 0.387099 0.402067 0.385797 0.430704 0.894915
4 0.303353 0.244926 0.305479 0.213296 0.287879 0.209534 0.285753 0.241164 0.87988
4 0.50116 0.474493 0.50207 0.44734 0.485563 0.44558 0.484653 0.472733 0.878661
4 0.435305 0.304919 0.437407 0.275896 0.421306 0.272186 0.419203 0.30121 0.840132
4 0.337661 0.556702 0.339877 0.522679 0.320394 0.518643 0.318178 0.552666 0.795662
0 0.442135 0.456542 0.445402 0.421078 0.425939 0.415375 0.422672 0.450839 0.763801
4 0.361938 0.841539 0.36353 0.813464 0.347644 0.810601 0.346053 0.838676 0.481607
4 0.244277 0.759475 0.246619 0.728353 0.22998 0.724371 0.227638 0.755494 0.389741
4 0.168596 0.580453 0.171302 0.548298 0.153088 0.543425 0.150383 0.57558 0.337567
4 0.2019 0.392477 0.203721 0.362439 0.186052 0.359032 0.18423 0.389069 0.923055
4 0.401897 0.433031 0.403199 0.404394 0.387099 0.402067 0.385797 0.430704 0.894915
4 0.303353 0.244926 0.305479 0.213296 0.287879 0.209534 0.285753 0.241164 0.87988
4 0.50116 0.474493 0.50207 0.44734 0.485563 0.44558 0.484653 0.472733 0.878661
4 0.435305 0.304919 0.437407 0.275896 0.421306 0.272186 0.419203 0.30121 0.840132
4 0.337661 0.556702 0.339877 0.522679 0.320394 0.518643 0.318178 0.552666 0.795662
0 0.442135 0.456542 0.445402 0.421078 0.425939 0.415375 0.422672 0.450839 0.763801
4 0.361938 0.841539 0.36353 0.813464 0.347644 0.810601 0.346053 0.838676 0.481607
4 0.244277 0.759475 0.246619 0.728353 0.22998 0.724371 0.227638 0.755494 0.389741
4 0.168596 0.580453 0.171302 0.548298 0.153088 0.543425 0.150383 0.57558 0.337567
