4 0.337733 0.471509 0.339579 0.443275 0.323453 0.43992 0.321607 0.468155 0.919863
0 0.364579 0.541057 0.3686 0.500677 0.348317 0.494254 0.344296 0.534634 0.784822
4 0.358323 0.44667 0.359933 0.419377 0.344795 0.416537 0.343185 0.44383 0.761766
4 0.398473 0.360929 0.399773 0.33138 0.383596 0.329117 0.382296 0.358665 0.706465
4 0.367942 0.563496 0.369405 0.536387 0.351822 0.533368 0.350358 0.560477 0.659366
4 0.3419 0.582119 0.34397 0.553 0.327471 0.549271 0.325402 0.57839 0.56651
4 0.38088 0.65779 0.382764 0.625583 0.364188 0.622127 0.362304 0.654334 0.538349
4 0.373351 0.64862 0.375479 0.614131 0.358016 0.610703 0.355887 0.645192 0.512183
4 0.388041 0.553272 0.390926 0.520784 0.372543 0.515593 0.369658 0.54808 0.282173
4 0.337733 0.471509 0.339579 0.443275 0.323453 0.43992 0.321607 0.468155 0.919863
0 0.364579 0.541057 0.3686 0.500677 0.348317 0.494254 0.344296 0.534634 0.784822
4 0.358323 0.44667 0.359933 0.419377 0.344795 0.416537 0.343185 0.44383 0.761766
4 0.398473 0.360929 0.399773 0.33138 0.383596 0.329117 0.382296 0.358665 0.706465
4 0.367942 0.563496 0.369405 0.536387 0.351822 0.533368 0.350358 0.560477 0.659366
4 0.3419 0.582119 0.34397 0.553 0.327471 0.549271 0.325402 0.57839 0.56651
4 0.38088 0.65779 0.382764 0.625583 0.364188 0.622127 0.362304 0.654334 0.538349
4 0.373351 0.64862 0.375479 0.614131 0.358016 0.610703 0.355887 0.645192 0.512183
4 0.388041 0.553272 0.390926 0.520784 0.372543 0.515593 0.369658 0.54808 0.282173
