4 0.201816 0.392622 0.20367 0.362395 0.185941 0.358937 0.184087 0.389164 0.907672
4 0.303353 0.245087 0.305536 0.21333 0.28789 0.209473 0.285708 0.24123 0.868651
4 0.500965 0.474459 0.502002 0.447547 0.485942 0.44558 0.484906 0.472492 0.854152
4 0.435117 0.304704 0.437319 0.275857 0.421432 0.272 0.41923 0.300846 0.84196
4 0.389109 0.610342 0.391123 0.579294 0.372724 0.575498 0.37071 0.606546 0.730276
0 0.368214 0.5861 0.371821 0.547998 0.351676 0.541933 0.348068 0.580035 0.685561
4 0.361928 0.841443 0.363502 0.813711 0.347809 0.810878 0.346235 0.83861 0.441886
4 0.244103 0.759345 0.246417 0.728381 0.229741 0.724417 0.227427 0.755381 0.397003
4 0.461032 0.661693 0.462955 0.63416 0.447518 0.630731 0.445595 0.658264 0.389423
4 0.168583 0.580222 0.17106 0.548344 0.153283 0.543951 0.150806 0.575829 0.387727
4 0.201816 0.392622 0.20367 0.362395 0.185941 0.358937 0.184087 0.389164 0.907672
4 0.303353 0.245087 0.305536 0.21333 0.28789 0.209473 0.285708 0.24123 0.868651
4 0.500965 0.474459 0.502002 0.447547 0.485942 0.44558 0.484906 0.472492 0.854152
4 0.435117 0.304704 0.437319 0.275857 0.421432 0.272 0.41923 0.300846 0.84196
4 0.389109 0.610342 0.391123 0.579294 0.372724 0.575498 0.37071 0.606546 0.730276
0 0.368214 0.5861 0.371821 0.547998 0.351676 0.541933 0.348068 0.580035 0.685561
4 0.361928 0.841443 0.363502 0.813711 0.347809 0.810878 0.346235 0.83861 0.441886
4 0.244103 0.759345 0.246417 0.728381 0.229741 0.724417 0.227427 0.755381 0.397003
4 0.461032 0.661693 0.462955 0.63416 0.447518 0.630731 0.445595 0.658264 0.389423
4 0.168583 0.580222 0.17106 0.548344 0.153283 0.543951 0.150806 0.575829 0.387727
