4 0.201873 0.392634 0.203678 0.36252 0.185858 0.359123 0.184053 0.389237 0.92664
4 0.303191 0.244307 0.305151 0.21318 0.287956 0.209736 0.285996 0.240863 0.87578
4 0.50114 0.474301 0.502078 0.447509 0.485992 0.445716 0.485053 0.472509 0.857467
4 0.435172 0.304898 0.437313 0.276061 0.421398 0.272303 0.419257 0.30114 0.834495
4 0.44081 0.708551 0.442851 0.678716 0.423917 0.674597 0.421876 0.704432 0.71008
4 0.430749 0.609655 0.431798 0.581602 0.414981 0.579603 0.413932 0.607655 0.594478
4 0.362016 0.841425 0.363541 0.813599 0.347787 0.810853 0.346262 0.838679 0.466274
4 0.24421 0.759427 0.246556 0.728246 0.229716 0.724218 0.22737 0.755399 0.425619
4 0.168627 0.580426 0.17121 0.548505 0.153229 0.543877 0.150646 0.575797 0.346075
4 0.14102 0.215956 0.142861 0.183632 0.12214 0.179878 0.120299 0.212202 0.286447
4 0.201873 0.392634 0.203678 0.36252 0.185858 0.359123 0.184053 0.389237 0.92664
4 0.303191 0.244307 0.305151 0.21318 0.287956 0.209736 0.285996 0.240863 0.87578
4 0.50114 0.474301 0.502078 0.447509 0.485992 0.445716 0.485053 0.472509 0.857467
4 0.435172 0.304898 0.437313 0.276061 0.421398 0.272303 0.419257 0.30114 0.834495
4 0.44081 0.708551 0.442851 0.678716 0.423917 0.674597 0.421876 0.704432 0.71008
4 0.430749 0.609655 0.431798 0.581602 0.414981 0.579603 0.413932 0.607655 0.594478
4 0.362016 0.841425 0.363541 0.813599 0.347787 0.810853 0.346262 0.838679 0.466274
4 0.24421 0.759427 0.246556 0.728246 0.229716 0.724218 0.22737 0.755399 0.425619
4 0.168627 0.580426 0.17121 0.548505 0.153229 0.543877 0.150646 0.575797 0.346075
4 0.14102 0.215956 0.142861 0.183632 0.12214 0.179878 0.120299 0.212202 0.286447
