4 0.201731 0.392627 0.20368 0.362304 0.18583 0.358655 0.183881 0.388979 0.923954
4 0.401606 0.434055 0.402723 0.404432 0.387231 0.402574 0.386113 0.432197 0.891589
4 0.303102 0.244584 0.305269 0.213333 0.28785 0.209492 0.285684 0.240743 0.868971
4 0.500989 0.474787 0.502004 0.447573 0.486004 0.445676 0.484989 0.47289 0.857814
4 0.435237 0.304912 0.437382 0.276047 0.421483 0.272289 0.419337 0.301154 0.843272
4 0.337653 0.556829 0.340047 0.522688 0.320508 0.518331 0.318114 0.552472 0.789871
0 0.43252 0.436867 0.435635 0.396625 0.413863 0.391265 0.410747 0.431506 0.472185
4 0.362025 0.841621 0.363608 0.813481 0.347645 0.810627 0.346063 0.838767 0.470288
4 0.244133 0.759424 0.24639 0.728604 0.229777 0.724734 0.227519 0.755555 0.411116
4 0.169117 0.582847 0.171375 0.55029 0.154264 0.546516 0.152007 0.579073 0.340221
4 0.201731 0.392627 0.20368 0.362304 0.18583 0.358655 0.183881 0.388979 0.923954
4 0.401606 0.434055 0.402723 0.404432 0.387231 0.402574 0.386113 0.432197 0.891589
4 0.303102 0.244584 0.305269 0.213333 0.28785 0.209492 0.285684 0.240743 0.868971
4 0.500989 0.474787 0.502004 0.447573 0.486004 0.445676 0.484989 0.47289 0.857814
4 0.435237 0.304912 0.437382 0.276047 0.421483 0.272289 0.419337 0.301154 0.843272
4 0.337653 0.556829 0.340047 0.522688 0.320508 0.518331 0.318114 0.552472 0.789871
0 0.43252 0.436867 0.435635 0.396625 0.413863 0.391265 0.410747 0.431506 0.472185
4 0.362025 0.841621 0.363608 0.813481 0.347645 0.810627 0.346063 0.838767 0.470288
4 0.244133 0.759424 0.24639 0.728604 0.229777 0.724734 0.227519 0.755555 0.411116
4 0.169117 0.582847 0.171375 0.55029 0.154264 0.546516 0.152007 0.579073 0.340221
