4 0.337459 0.471652 0.339525 0.44292 0.323284 0.439204 0.321217 0.467936 0.931319
4 0.358526 0.446949 0.360191 0.419222 0.344727 0.416269 0.343062 0.443996 0.744165
4 0.390716 0.556165 0.392945 0.522043 0.372814 0.517861 0.370585 0.551984 0.729436
4 0.398432 0.360935 0.399796 0.331194 0.383526 0.32882 0.382161 0.35856 0.680695
0 0.368775 0.542662 0.371804 0.504116 0.353123 0.499447 0.350094 0.537993 0.607305
4 0.367826 0.56263 0.369088 0.535331 0.350811 0.532644 0.349549 0.559943 0.567471
4 0.380911 0.65762 0.382677 0.625491 0.364193 0.622259 0.362426 0.654388 0.557866
4 0.373063 0.648525 0.375292 0.614343 0.358029 0.610763 0.3558 0.644945 0.516057
4 0.342212 0.581701 0.343949 0.552406 0.327692 0.549341 0.325955 0.578636 0.489663
4 0.337459 0.471652 0.339525 0.44292 0.323284 0.439204 0.321217 0.467936 0.931319
4 0.358526 0.446949 0.360191 0.419222 0.344727 0.416269 0.343062 0.443996 0.744165
4 0.390716 0.556165 0.392945 0.522043 0.372814 0.517861 0.370585 0.551984 0.729436
4 0.398432 0.360935 0.399796 0.331194 0.383526 0.32882 0.382161 0.35856 0.680695
0 0.368775 0.542662 0.371804 0.504116 0.353123 0.499447 0.350094 0.537993 0.607305
4 0.367826 0.56263 0.369088 0.535331 0.350811 0.532644 0.349549 0.559943 0.567471
4 0.380911 0.65762 0.382677 0.625491 0.364193 0.622259 0.362426 0.654388 0.557866
4 0.373063 0.648525 0.375292 0.614343 0.358029 0.610763 0.3558 0.644945 0.516057
4 0.342212 0.581701 0.343949 0.552406 0.327692 0.549341 0.325955 0.578636 0.489663
