4 0.201841 0.392498 0.203692 0.362293 0.185999 0.358846 0.184149 0.389052 0.926337
4 0.401567 0.434136 0.402589 0.404792 0.387241 0.403092 0.386219 0.432436 0.90247
4 0.30322 0.244532 0.305351 0.213521 0.287946 0.209717 0.285815 0.240728 0.867997
4 0.500976 0.474783 0.501989 0.447561 0.486005 0.445671 0.484993 0.472892 0.860867
4 0.435166 0.304923 0.437328 0.275917 0.421358 0.272131 0.419196 0.301137 0.842994
4 0.337604 0.556809 0.339993 0.52267 0.320493 0.518332 0.318105 0.55247 0.79709
0 0.433943 0.435352 0.435229 0.395232 0.41442 0.393109 0.413133 0.433229 0.522116
4 0.362017 0.841619 0.363577 0.813471 0.347643 0.810662 0.346083 0.83881 0.471969
4 0.24406 0.759411 0.246359 0.728527 0.22972 0.724589 0.227421 0.755472 0.419483
4 0.168518 0.58037 0.171138 0.548274 0.153008 0.543567 0.150388 0.575664 0.339994
4 0.201841 0.392498 0.203692 0.362293 0.185999 0.358846 0.184149 0.389052 0.926337
4 0.401567 0.434136 0.402589 0.404792 0.387241 0.403092 0.386219 0.432436 0.90247
4 0.30322 0.244532 0.305351 0.213521 0.287946 0.209717 0.285815 0.240728 0.867997
4 0.500976 0.474783 0.501989 0.447561 0.486005 0.445671 0.484993 0.472892 0.860867
4 0.435166 0.304923 0.437328 0.275917 0.421358 0.272131 0.419196 0.301137 0.842994
4 0.337604 0.556809 0.339993 0.52267 0.320493 0.518332 0.318105 0.55247 0.79709
0 0.433943 0.435352 0.435229 0.395232 0.41442 0.393109 0.413133 0.433229 0.522116
4 0.362017 0.841619 0.363577 0.813471 0.347643 0.810662 0.346083 0.83881 0.471969
4 0.24406 0.759411 0.246359 0.728527 0.22972 0.724589 0.227421 0.755472 0.419483
4 0.168518 0.58037 0.171138 0.548274 0.153008 0.543567 0.150388 0.575664 0.339994
