4 0.201777 0.39262 0.203662 0.362368 0.185896 0.358848 0.184011 0.3891 0.927571
4 0.402832 0.433682 0.405249 0.405261 0.387923 0.400574 0.385505 0.428995 0.906994
4 0.30339 0.244827 0.30559 0.213366 0.28792 0.209437 0.285721 0.240898 0.870357
4 0.501249 0.474649 0.502181 0.447335 0.485664 0.445543 0.484733 0.472858 0.866456
4 0.435222 0.304641 0.437394 0.27593 0.42144 0.272092 0.419268 0.300803 0.841091
0 0.46205 0.521991 0.463567 0.487159 0.443865 0.48443 0.442348 0.519262 0.830011
4 0.337727 0.557033 0.340057 0.522731 0.320462 0.518497 0.318132 0.552799 0.774623
4 0.361899 0.841476 0.363444 0.813541 0.347542 0.810744 0.345997 0.838678 0.50784
4 0.244157 0.759305 0.24648 0.728302 0.22979 0.724324 0.227467 0.755327 0.424164
4 0.168651 0.580375 0.171108 0.548551 0.153132 0.544136 0.150674 0.57596 0.367561
4 0.201777 0.39262 0.203662 0.362368 0.185896 0.358848 0.184011 0.3891 0.927571
4 0.402832 0.433682 0.405249 0.405261 0.387923 0.400574 0.385505 0.428995 0.906994
4 0.30339 0.244827 0.30559 0.213366 0.28792 0.209437 0.285721 0.240898 0.870357
4 0.501249 0.474649 0.502181 0.447335 0.485664 0.445543 0.484733 0.472858 0.866456
4 0.435222 0.304641 0.437394 0.27593 0.42144 0.272092 0.419268 0.300803 0.841091
0 0.46205 0.521991 0.463567 0.487159 0.443865 0.48443 0.442348 0.519262 0.830011
4 0.337727 0.557033 0.340057 0.522731 0.320462 0.518497 0.318132 0.552799 0.774623
4 0.361899 0.841476 0.363444 0.813541 0.347542 0.810744 0.345997 0.838678 0.50784
4 0.244157 0.759305 0.24648 0.728302 0.22979 0.724324 0.227467 0.755327 0.424164
4 0.168651 0.580375 0.171108 0.548551 0.153132 0.544136 0.150674 0.57596 0.367561
