4 0.201682 0.392621 0.203542 0.362463 0.18593 0.359009 0.18407 0.389166 0.92596
4 0.402955 0.433675 0.40538 0.405218 0.387931 0.40049 0.385506 0.428946 0.915201
4 0.303087 0.244565 0.305169 0.213205 0.28767 0.209509 0.285587 0.24087 0.873704
4 0.501279 0.475101 0.502333 0.447291 0.485673 0.445285 0.484619 0.473094 0.868088
4 0.435283 0.304617 0.437384 0.27579 0.421433 0.272092 0.419332 0.300919 0.849131
4 0.337575 0.557179 0.340012 0.522665 0.320446 0.518272 0.318009 0.552786 0.778189
0 0.462847 0.534348 0.465439 0.498229 0.444545 0.49346 0.441953 0.529579 0.721414
4 0.362018 0.841526 0.36361 0.813475 0.347691 0.810602 0.346099 0.838654 0.455302
4 0.24433 0.759564 0.246598 0.728258 0.229694 0.724365 0.227427 0.75567 0.432636
4 0.168661 0.580598 0.171284 0.548264 0.153061 0.543563 0.150439 0.575898 0.384356
4 0.201682 0.392621 0.203542 0.362463 0.18593 0.359009 0.18407 0.389166 0.92596
4 0.402955 0.433675 0.40538 0.405218 0.387931 0.40049 0.385506 0.428946 0.915201
4 0.303087 0.244565 0.305169 0.213205 0.28767 0.209509 0.285587 0.24087 0.873704
4 0.501279 0.475101 0.502333 0.447291 0.485673 0.445285 0.484619 0.473094 0.868088
4 0.435283 0.304617 0.437384 0.27579 0.421433 0.272092 0.419332 0.300919 0.849131
4 0.337575 0.557179 0.340012 0.522665 0.320446 0.518272 0.318009 0.552786 0.778189
0 0.462847 0.534348 0.465439 0.498229 0.444545 0.49346 0.441953 0.529579 0.721414
4 0.362018 0.841526 0.36361 0.813475 0.347691 0.810602 0.346099 0.838654 0.455302
4 0.24433 0.759564 0.246598 0.728258 0.229694 0.724365 0.227427 0.75567 0.432636
4 0.168661 0.580598 0.171284 0.548264 0.153061 0.543563 0.150439 0.575898 0.384356
