4 0.20173 0.392626 0.20355 0.362465 0.185923 0.359083 0.184103 0.389243 0.926226
4 0.401356 0.433382 0.403648 0.405394 0.387423 0.401168 0.385131 0.429156 0.884737
4 0.501348 0.47453 0.502328 0.447498 0.485911 0.445605 0.484931 0.472638 0.874166
4 0.303159 0.245046 0.305407 0.21351 0.28781 0.209522 0.285562 0.241058 0.872469
4 0.435145 0.304487 0.437278 0.275953 0.421403 0.27218 0.419271 0.300715 0.839957
4 0.337681 0.557168 0.340028 0.522833 0.32048 0.518584 0.318134 0.552919 0.799473
0 0.447856 0.449235 0.450484 0.413529 0.431308 0.409042 0.428681 0.444747 0.724082
4 0.362087 0.841549 0.363567 0.813304 0.347445 0.810618 0.345966 0.838863 0.468475
4 0.24408 0.759296 0.246473 0.728183 0.229679 0.724074 0.227285 0.755187 0.383041
4 0.417009 0.396875 0.420203 0.361365 0.401059 0.355888 0.397864 0.391398 0.366937
4 0.169054 0.583057 0.17139 0.550794 0.154336 0.546866 0.151999 0.579129 0.355867
4 0.20173 0.392626 0.20355 0.362465 0.185923 0.359083 0.184103 0.389243 0.926226
4 0.401356 0.433382 0.403648 0.405394 0.387423 0.401168 0.385131 0.429156 0.884737
4 0.501348 0.47453 0.502328 0.447498 0.485911 0.445605 0.484931 0.472638 0.874166
4 0.303159 0.245046 0.305407 0.21351 0.28781 0.209522 0.285562 0.241058 0.872469
4 0.435145 0.304487 0.437278 0.275953 0.421403 0.27218 0.419271 0.300715 0.839957
4 0.337681 0.557168 0.340028 0.522833 0.32048 0.518584 0.318134 0.552919 0.799473
0 0.447856 0.449235 0.450484 0.413529 0.431308 0.409042 0.428681 0.444747 0.724082
4 0.362087 0.841549 0.363567 0.813304 0.347445 0.810618 0.345966 0.838863 0.468475
4 0.24408 0.759296 0.246473 0.728183 0.229679 0.724074 0.227285 0.755187 0.383041
4 0.417009 0.396875 0.420203 0.361365 0.401059 0.355888 0.397864 0.391398 0.366937
4 0.169054 0.583057 0.17139 0.550794 0.154336 0.546866 0.151999 0.579129 0.355867
