4 0.201775 0.392588 0.203636 0.362383 0.185851 0.358898 0.18399 0.389103 0.928659
4 0.402563 0.433912 0.405097 0.405388 0.388072 0.400579 0.385539 0.429103 0.92636
4 0.303266 0.244752 0.305506 0.213216 0.287855 0.209229 0.285616 0.240766 0.877867
4 0.501302 0.474186 0.502255 0.447498 0.486027 0.445657 0.485075 0.472345 0.872781
4 0.435278 0.304646 0.437485 0.275715 0.421445 0.271824 0.419238 0.300755 0.841144
4 0.33785 0.556773 0.340117 0.52256 0.320442 0.518413 0.318175 0.552626 0.793491
0 0.448133 0.445645 0.45019 0.409422 0.431358 0.406021 0.429301 0.442244 0.653003
4 0.362004 0.84156 0.363543 0.813565 0.347709 0.810797 0.346171 0.838793 0.473105
4 0.244162 0.759373 0.246518 0.728197 0.229636 0.724139 0.22728 0.755316 0.430243
4 0.169006 0.582925 0.171307 0.550677 0.154226 0.546801 0.151925 0.579049 0.394195
4 0.201775 0.392588 0.203636 0.362383 0.185851 0.358898 0.18399 0.389103 0.928659
4 0.402563 0.433912 0.405097 0.405388 0.388072 0.400579 0.385539 0.429103 0.92636
4 0.303266 0.244752 0.305506 0.213216 0.287855 0.209229 0.285616 0.240766 0.877867
4 0.501302 0.474186 0.502255 0.447498 0.486027 0.445657 0.485075 0.472345 0.872781
4 0.435278 0.304646 0.437485 0.275715 0.421445 0.271824 0.419238 0.300755 0.841144
4 0.33785 0.556773 0.340117 0.52256 0.320442 0.518413 0.318175 0.552626 0.793491
0 0.448133 0.445645 0.45019 0.409422 0.431358 0.406021 0.429301 0.442244 0.653003
4 0.362004 0.84156 0.363543 0.813565 0.347709 0.810797 0.346171 0.838793 0.473105
4 0.244162 0.759373 0.246518 0.728197 0.229636 0.724139 0.22728 0.755316 0.430243
4 0.169006 0.582925 0.171307 0.550677 0.154226 0.546801 0.151925 0.579049 0.394195
