4 0.391469 0.546436 0.392773 0.519253 0.37573 0.516651 0.374425 0.543834 0.873826
0 0.257871 0.352376 0.25904 0.314389 0.238844 0.312411 0.237674 0.350398 0.745757
4 0.338476 0.575917 0.340231 0.54759 0.324002 0.544392 0.322246 0.572719 0.706198
4 0.419473 0.704419 0.420985 0.673943 0.403237 0.671141 0.401724 0.701617 0.694965
4 0.398673 0.36059 0.39992 0.331052 0.38378 0.328884 0.382533 0.358422 0.685393
4 0.48197 0.637274 0.48445 0.604683 0.46654 0.600348 0.464059 0.632939 0.538227
4 0.248651 0.327466 0.251336 0.295967 0.234217 0.291325 0.231532 0.322825 0.330734
4 0.391469 0.546436 0.392773 0.519253 0.37573 0.516651 0.374425 0.543834 0.873826
0 0.257871 0.352376 0.25904 0.314389 0.238844 0.312411 0.237674 0.350398 0.745757
4 0.338476 0.575917 0.340231 0.54759 0.324002 0.544392 0.322246 0.572719 0.706198
4 0.419473 0.704419 0.420985 0.673943 0.403237 0.671141 0.401724 0.701617 0.694965
4 0.398673 0.36059 0.39992 0.331052 0.38378 0.328884 0.382533 0.358422 0.685393
4 0.48197 0.637274 0.48445 0.604683 0.46654 0.600348 0.464059 0.632939 0.538227
4 0.248651 0.327466 0.251336 0.295967 0.234217 0.291325 0.231532 0.322825 0.330734
