4 0.361345 0.498282 0.362828 0.469723 0.346431 0.467017 0.344948 0.495576 0.942773
0 0.40178 0.66398 0.406328 0.621859 0.38653 0.615062 0.381982 0.657183 0.772106
4 0.42541 0.682518 0.427657 0.654582 0.410469 0.650188 0.408223 0.678124 0.553916
4 0.33098 0.498253 0.333339 0.457898 0.310508 0.453653 0.308149 0.494008 0.496188
4 0.41592 0.596821 0.419333 0.56064 0.399445 0.554673 0.396032 0.590855 0.345706
4 0.336255 0.4745 0.337377 0.444498 0.320741 0.442521 0.319619 0.472523 0.330026
4 0.341207 0.585258 0.344691 0.553804 0.327585 0.547779 0.324101 0.579233 0.326183
4 0.361345 0.498282 0.362828 0.469723 0.346431 0.467017 0.344948 0.495576 0.942773
0 0.40178 0.66398 0.406328 0.621859 0.38653 0.615062 0.381982 0.657183 0.772106
4 0.42541 0.682518 0.427657 0.654582 0.410469 0.650188 0.408223 0.678124 0.553916
4 0.33098 0.498253 0.333339 0.457898 0.310508 0.453653 0.308149 0.494008 0.496188
4 0.41592 0.596821 0.419333 0.56064 0.399445 0.554673 0.396032 0.590855 0.345706
4 0.336255 0.4745 0.337377 0.444498 0.320741 0.442521 0.319619 0.472523 0.330026
4 0.341207 0.585258 0.344691 0.553804 0.327585 0.547779 0.324101 0.579233 0.326183
