4 0.201826 0.392549 0.2037 0.362474 0.186024 0.358972 0.184151 0.389048 0.918218
4 0.30334 0.244455 0.305424 0.213035 0.287801 0.209317 0.285717 0.240737 0.867484
4 0.501171 0.474322 0.502164 0.447629 0.48614 0.445734 0.485147 0.472427 0.847861
4 0.435161 0.304698 0.437309 0.275913 0.421445 0.27215 0.419298 0.300935 0.840385
4 0.37388 0.586356 0.375834 0.555943 0.358483 0.552398 0.356529 0.582811 0.775037
0 0.352743 0.562636 0.356573 0.5232 0.336115 0.516881 0.332285 0.556317 0.488351
4 0.361887 0.841378 0.363539 0.81358 0.347743 0.810595 0.346092 0.838393 0.461731
4 0.168591 0.580146 0.171055 0.548342 0.153269 0.543961 0.150806 0.575765 0.390689
4 0.243999 0.759232 0.246388 0.728387 0.229851 0.724315 0.227463 0.75516 0.357567
4 0.201826 0.392549 0.2037 0.362474 0.186024 0.358972 0.184151 0.389048 0.918218
4 0.30334 0.244455 0.305424 0.213035 0.287801 0.209317 0.285717 0.240737 0.867484
4 0.501171 0.474322 0.502164 0.447629 0.48614 0.445734 0.485147 0.472427 0.847861
4 0.435161 0.304698 0.437309 0.275913 0.421445 0.27215 0.419298 0.300935 0.840385
4 0.37388 0.586356 0.375834 0.555943 0.358483 0.552398 0.356529 0.582811 0.775037
0 0.352743 0.562636 0.356573 0.5232 0.336115 0.516881 0.332285 0.556317 0.488351
4 0.361887 0.841378 0.363539 0.81358 0.347743 0.810595 0.346092 0.838393 0.461731
4 0.168591 0.580146 0.171055 0.548342 0.153269 0.543961 0.150806 0.575765 0.390689
4 0.243999 0.759232 0.246388 0.728387 0.229851 0.724315 0.227463 0.75516 0.357567
