4 0.337239 0.471538 0.339352 0.443093 0.323486 0.439347 0.321374 0.467792 0.899423
4 0.367187 0.56421 0.367727 0.536535 0.351174 0.535508 0.350634 0.563182 0.863363
4 0.358344 0.446526 0.360029 0.419269 0.344817 0.416279 0.343132 0.443536 0.796029
4 0.477983 0.62311 0.479268 0.59137 0.462506 0.589211 0.461221 0.620951 0.765839
4 0.398652 0.360398 0.399909 0.331029 0.383822 0.32884 0.382566 0.358209 0.665193
4 0.381102 0.659496 0.383525 0.629099 0.367595 0.62506 0.365172 0.655457 0.5732
4 0.37119 0.616625 0.37414 0.588755 0.357764 0.583242 0.354813 0.611112 0.539993
4 0.342861 0.58013 0.343963 0.550268 0.327463 0.548332 0.326361 0.578194 0.38941
4 0.337239 0.471538 0.339352 0.443093 0.323486 0.439347 0.321374 0.467792 0.899423
4 0.367187 0.56421 0.367727 0.536535 0.351174 0.535508 0.350634 0.563182 0.863363
4 0.358344 0.446526 0.360029 0.419269 0.344817 0.416279 0.343132 0.443536 0.796029
4 0.477983 0.62311 0.479268 0.59137 0.462506 0.589211 0.461221 0.620951 0.765839
4 0.398652 0.360398 0.399909 0.331029 0.383822 0.32884 0.382566 0.358209 0.665193
4 0.381102 0.659496 0.383525 0.629099 0.367595 0.62506 0.365172 0.655457 0.5732
4 0.37119 0.616625 0.37414 0.588755 0.357764 0.583242 0.354813 0.611112 0.539993
4 0.342861 0.58013 0.343963 0.550268 0.327463 0.548332 0.326361 0.578194 0.38941
