4 0.201996 0.392574 0.203886 0.362474 0.186033 0.358908 0.184143 0.389008 0.916189
4 0.303378 0.244522 0.305465 0.21322 0.287904 0.209496 0.285817 0.240798 0.867222
4 0.501092 0.474642 0.502123 0.447618 0.48596 0.445657 0.484928 0.47268 0.853527
4 0.435207 0.304791 0.43738 0.275873 0.421475 0.272073 0.419302 0.300991 0.840872
4 0.380764 0.595657 0.382468 0.562818 0.362235 0.55948 0.360532 0.592319 0.83815
0 0.362147 0.570087 0.363698 0.533724 0.3434 0.53097 0.341848 0.567333 0.499283
4 0.361914 0.841521 0.363538 0.813657 0.34775 0.81073 0.346126 0.838595 0.45114
4 0.168573 0.580218 0.171062 0.548314 0.153179 0.543877 0.150689 0.57578 0.383426
4 0.244042 0.759357 0.246396 0.728267 0.229682 0.724243 0.227329 0.755333 0.373525
4 0.201996 0.392574 0.203886 0.362474 0.186033 0.358908 0.184143 0.389008 0.916189
4 0.303378 0.244522 0.305465 0.21322 0.287904 0.209496 0.285817 0.240798 0.867222
4 0.501092 0.474642 0.502123 0.447618 0.48596 0.445657 0.484928 0.47268 0.853527
4 0.435207 0.304791 0.43738 0.275873 0.421475 0.272073 0.419302 0.300991 0.840872
4 0.380764 0.595657 0.382468 0.562818 0.362235 0.55948 0.360532 0.592319 0.83815
0 0.362147 0.570087 0.363698 0.533724 0.3434 0.53097 0.341848 0.567333 0.499283
4 0.361914 0.841521 0.363538 0.813657 0.34775 0.81073 0.346126 0.838595 0.45114
4 0.168573 0.580218 0.171062 0.548314 0.153179 0.543877 0.150689 0.57578 0.383426
4 0.244042 0.759357 0.246396 0.728267 0.229682 0.724243 0.227329 0.755333 0.373525
