4 0.201836 0.392423 0.203695 0.362415 0.185992 0.358927 0.184134 0.388935 0.921377
4 0.3034 0.244359 0.305446 0.213189 0.287916 0.209529 0.28587 0.240699 0.869658
4 0.50111 0.474357 0.502134 0.447568 0.486083 0.445617 0.485059 0.472405 0.847356
4 0.435228 0.304689 0.437358 0.27587 0.42149 0.272141 0.419361 0.300961 0.845614
4 0.37608 0.590096 0.378243 0.55833 0.359741 0.554325 0.357579 0.586091 0.753352
0 0.355455 0.565575 0.358757 0.527864 0.339211 0.522421 0.335909 0.560132 0.73069
4 0.361914 0.841527 0.363536 0.813677 0.347773 0.810757 0.346151 0.838607 0.427345
4 0.244089 0.759412 0.246468 0.728335 0.229721 0.724258 0.227342 0.755335 0.38206
4 0.168539 0.58016 0.171019 0.548283 0.153137 0.543859 0.150658 0.575736 0.382044
4 0.201836 0.392423 0.203695 0.362415 0.185992 0.358927 0.184134 0.388935 0.921377
4 0.3034 0.244359 0.305446 0.213189 0.287916 0.209529 0.28587 0.240699 0.869658
4 0.50111 0.474357 0.502134 0.447568 0.486083 0.445617 0.485059 0.472405 0.847356
4 0.435228 0.304689 0.437358 0.27587 0.42149 0.272141 0.419361 0.300961 0.845614
4 0.37608 0.590096 0.378243 0.55833 0.359741 0.554325 0.357579 0.586091 0.753352
0 0.355455 0.565575 0.358757 0.527864 0.339211 0.522421 0.335909 0.560132 0.73069
4 0.361914 0.841527 0.363536 0.813677 0.347773 0.810757 0.346151 0.838607 0.427345
4 0.244089 0.759412 0.246468 0.728335 0.229721 0.724258 0.227342 0.755335 0.38206
4 0.168539 0.58016 0.171019 0.548283 0.153137 0.543859 0.150658 0.575736 0.382044
