4 0.20194 0.392727 0.203831 0.362512 0.18598 0.358959 0.184089 0.389174 0.923096
4 0.501245 0.474697 0.502222 0.447619 0.485792 0.445734 0.484815 0.472812 0.886268
4 0.303309 0.244958 0.305511 0.213091 0.287806 0.209201 0.285604 0.241068 0.87553
4 0.401152 0.43318 0.403137 0.404714 0.387086 0.401154 0.385101 0.42962 0.859197
4 0.435228 0.304413 0.437391 0.275829 0.421438 0.27199 0.419275 0.300575 0.829247
4 0.337879 0.556856 0.339994 0.522597 0.32037 0.518744 0.318255 0.553003 0.788979
0 0.443954 0.456055 0.447221 0.418571 0.428253 0.413314 0.424986 0.450797 0.664854
4 0.361983 0.841313 0.363362 0.813379 0.347517 0.810893 0.346139 0.838827 0.467875
4 0.168423 0.580361 0.170989 0.548187 0.153037 0.543633 0.15047 0.575807 0.375046
4 0.244243 0.759878 0.246653 0.728197 0.229713 0.7241 0.227304 0.755781 0.337963
4 0.20194 0.392727 0.203831 0.362512 0.18598 0.358959 0.184089 0.389174 0.923096
4 0.501245 0.474697 0.502222 0.447619 0.485792 0.445734 0.484815 0.472812 0.886268
4 0.303309 0.244958 0.305511 0.213091 0.287806 0.209201 0.285604 0.241068 0.87553
4 0.401152 0.43318 0.403137 0.404714 0.387086 0.401154 0.385101 0.42962 0.859197
4 0.435228 0.304413 0.437391 0.275829 0.421438 0.27199 0.419275 0.300575 0.829247
4 0.337879 0.556856 0.339994 0.522597 0.32037 0.518744 0.318255 0.553003 0.788979
0 0.443954 0.456055 0.447221 0.418571 0.428253 0.413314 0.424986 0.450797 0.664854
4 0.361983 0.841313 0.363362 0.813379 0.347517 0.810893 0.346139 0.838827 0.467875
4 0.168423 0.580361 0.170989 0.548187 0.153037 0.543633 0.15047 0.575807 0.375046
4 0.244243 0.759878 0.246653 0.728197 0.229713 0.7241 0.227304 0.755781 0.337963
