4 0.201797 0.392807 0.203677 0.362513 0.185983 0.359019 0.184103 0.389313 0.923067
4 0.40301 0.433773 0.405392 0.405329 0.388054 0.400713 0.385672 0.429157 0.916112
4 0.303188 0.244907 0.30535 0.213461 0.287906 0.209646 0.285743 0.241091 0.877727
4 0.501272 0.475048 0.502331 0.447326 0.48571 0.445307 0.484652 0.47303 0.873453
4 0.435277 0.304738 0.437395 0.275825 0.421388 0.272094 0.419269 0.301008 0.854084
4 0.337472 0.557319 0.339949 0.522705 0.320376 0.518251 0.317899 0.552866 0.785257
0 0.462835 0.534437 0.465475 0.498434 0.444714 0.493593 0.442074 0.529596 0.728065
4 0.361985 0.841575 0.363623 0.813434 0.347687 0.810484 0.34605 0.838625 0.463209
4 0.244249 0.759711 0.246629 0.728293 0.229737 0.724223 0.227357 0.755641 0.393215
4 0.168697 0.580549 0.171297 0.548257 0.153128 0.543604 0.150528 0.575897 0.377309
4 0.201797 0.392807 0.203677 0.362513 0.185983 0.359019 0.184103 0.389313 0.923067
4 0.40301 0.433773 0.405392 0.405329 0.388054 0.400713 0.385672 0.429157 0.916112
4 0.303188 0.244907 0.30535 0.213461 0.287906 0.209646 0.285743 0.241091 0.877727
4 0.501272 0.475048 0.502331 0.447326 0.48571 0.445307 0.484652 0.47303 0.873453
4 0.435277 0.304738 0.437395 0.275825 0.421388 0.272094 0.419269 0.301008 0.854084
4 0.337472 0.557319 0.339949 0.522705 0.320376 0.518251 0.317899 0.552866 0.785257
0 0.462835 0.534437 0.465475 0.498434 0.444714 0.493593 0.442074 0.529596 0.728065
4 0.361985 0.841575 0.363623 0.813434 0.347687 0.810484 0.34605 0.838625 0.463209
4 0.244249 0.759711 0.246629 0.728293 0.229737 0.724223 0.227357 0.755641 0.393215
4 0.168697 0.580549 0.171297 0.548257 0.153128 0.543604 0.150528 0.575897 0.377309
