4 0.401842 0.433309 0.402942 0.404499 0.386972 0.402559 0.385872 0.431369 0.945101
4 0.201714 0.39273 0.203506 0.36243 0.185768 0.359092 0.183975 0.389392 0.923211
4 0.303205 0.244621 0.305318 0.213402 0.287757 0.209622 0.285644 0.240841 0.87779
4 0.501287 0.474532 0.502253 0.447437 0.485941 0.445587 0.484975 0.472683 0.859372
4 0.435192 0.304922 0.437411 0.275992 0.421375 0.272079 0.419155 0.301009 0.853009
4 0.337704 0.556816 0.340064 0.522746 0.320503 0.518436 0.318142 0.552506 0.786213
0 0.446547 0.439274 0.447647 0.403411 0.428366 0.401531 0.427266 0.437394 0.709266
4 0.361947 0.841569 0.363448 0.813668 0.347716 0.810978 0.346216 0.838879 0.460419
4 0.244196 0.75948 0.246512 0.728296 0.229784 0.724345 0.227468 0.755529 0.361684
1 0.431132 0.4629 0.433826 0.422877 0.412579 0.418329 0.409885 0.458352 0.33385
4 0.168584 0.58034 0.171189 0.548454 0.153279 0.5438 0.150674 0.575687 0.326992
4 0.401842 0.433309 0.402942 0.404499 0.386972 0.402559 0.385872 0.431369 0.945101
4 0.201714 0.39273 0.203506 0.36243 0.185768 0.359092 0.183975 0.389392 0.923211
4 0.303205 0.244621 0.305318 0.213402 0.287757 0.209622 0.285644 0.240841 0.87779
4 0.501287 0.474532 0.502253 0.447437 0.485941 0.445587 0.484975 0.472683 0.859372
4 0.435192 0.304922 0.437411 0.275992 0.421375 0.272079 0.419155 0.301009 0.853009
4 0.337704 0.556816 0.340064 0.522746 0.320503 0.518436 0.318142 0.552506 0.786213
0 0.446547 0.439274 0.447647 0.403411 0.428366 0.401531 0.427266 0.437394 0.709266
4 0.361947 0.841569 0.363448 0.813668 0.347716 0.810978 0.346216 0.838879 0.460419
4 0.244196 0.75948 0.246512 0.728296 0.229784 0.724345 0.227468 0.755529 0.361684
1 0.431132 0.4629 0.433826 0.422877 0.412579 0.418329 0.409885 0.458352 0.33385
4 0.168584 0.58034 0.171189 0.548454 0.153279 0.5438 0.150674 0.575687 0.326992
