0 0.278699 0.344723 0.283969 0.304277 0.262912 0.295553 0.257643 0.335998 0.917315
4 0.39124 0.546371 0.392468 0.519339 0.375727 0.516921 0.374499 0.543952 0.88459
4 0.242694 0.308281 0.245182 0.276999 0.22781 0.272605 0.225322 0.303888 0.810401
4 0.398554 0.360583 0.399739 0.331619 0.383769 0.329542 0.382584 0.358507 0.739489
4 0.419411 0.704498 0.420929 0.674357 0.403183 0.671514 0.401665 0.701656 0.717628
4 0.338435 0.576039 0.340329 0.548084 0.324338 0.54464 0.322445 0.572595 0.681794
4 0.481979 0.637146 0.484511 0.605017 0.466912 0.600608 0.464381 0.632736 0.574217
4 0.476577 0.624967 0.478276 0.590334 0.460945 0.58763 0.459246 0.622263 0.514303
0 0.278699 0.344723 0.283969 0.304277 0.262912 0.295553 0.257643 0.335998 0.917315
4 0.39124 0.546371 0.392468 0.519339 0.375727 0.516921 0.374499 0.543952 0.88459
4 0.242694 0.308281 0.245182 0.276999 0.22781 0.272605 0.225322 0.303888 0.810401
4 0.398554 0.360583 0.399739 0.331619 0.383769 0.329542 0.382584 0.358507 0.739489
4 0.419411 0.704498 0.420929 0.674357 0.403183 0.671514 0.401665 0.701656 0.717628
4 0.338435 0.576039 0.340329 0.548084 0.324338 0.54464 0.322445 0.572595 0.681794
4 0.481979 0.637146 0.484511 0.605017 0.466912 0.600608 0.464381 0.632736 0.574217
4 0.476577 0.624967 0.478276 0.590334 0.460945 0.58763 0.459246 0.622263 0.514303
