4 0.201683 0.392826 0.203546 0.362604 0.185885 0.35914 0.184022 0.389363 0.928204
4 0.402394 0.43395 0.404945 0.404961 0.387947 0.400204 0.385396 0.429194 0.925076
4 0.501326 0.474529 0.502275 0.447577 0.486057 0.445761 0.485108 0.472713 0.869632
4 0.303242 0.244617 0.305476 0.213183 0.287808 0.20919 0.285574 0.240623 0.866303
4 0.435272 0.304512 0.437422 0.275719 0.421414 0.271917 0.419263 0.30071 0.847556
4 0.337682 0.55674 0.339977 0.522536 0.320338 0.518345 0.318043 0.552549 0.806579
0 0.445321 0.43779 0.445849 0.403078 0.427238 0.402178 0.42671 0.43689 0.719678
4 0.361981 0.841462 0.363492 0.813579 0.347713 0.81086 0.346203 0.838744 0.490443
4 0.24423 0.759425 0.246544 0.728201 0.229712 0.724234 0.227398 0.755458 0.430158
4 0.168548 0.580309 0.171081 0.548133 0.152844 0.543566 0.15031 0.575742 0.35905
4 0.201683 0.392826 0.203546 0.362604 0.185885 0.35914 0.184022 0.389363 0.928204
4 0.402394 0.43395 0.404945 0.404961 0.387947 0.400204 0.385396 0.429194 0.925076
4 0.501326 0.474529 0.502275 0.447577 0.486057 0.445761 0.485108 0.472713 0.869632
4 0.303242 0.244617 0.305476 0.213183 0.287808 0.20919 0.285574 0.240623 0.866303
4 0.435272 0.304512 0.437422 0.275719 0.421414 0.271917 0.419263 0.30071 0.847556
4 0.337682 0.55674 0.339977 0.522536 0.320338 0.518345 0.318043 0.552549 0.806579
0 0.445321 0.43779 0.445849 0.403078 0.427238 0.402178 0.42671 0.43689 0.719678
4 0.361981 0.841462 0.363492 0.813579 0.347713 0.81086 0.346203 0.838744 0.490443
4 0.24423 0.759425 0.246544 0.728201 0.229712 0.724234 0.227398 0.755458 0.430158
4 0.168548 0.580309 0.171081 0.548133 0.152844 0.543566 0.15031 0.575742 0.35905
