4 0.20169 0.392726 0.203591 0.362318 0.185685 0.358757 0.183784 0.389166 0.921453
4 0.501243 0.474661 0.502265 0.447328 0.485721 0.445361 0.484699 0.472694 0.870643
4 0.303247 0.245204 0.3055 0.213353 0.287836 0.209379 0.285583 0.24123 0.866591
4 0.435241 0.304728 0.437321 0.276072 0.421525 0.272426 0.419445 0.301081 0.849187
4 0.402205 0.432566 0.403173 0.403949 0.387597 0.402274 0.386629 0.430891 0.846344
4 0.337552 0.557077 0.340027 0.522719 0.320442 0.518232 0.317967 0.55259 0.795018
0 0.447868 0.45092 0.450353 0.41548 0.431408 0.411255 0.428923 0.446695 0.743908
4 0.361931 0.841423 0.363457 0.813668 0.34778 0.810928 0.346255 0.838682 0.500271
4 0.244351 0.759627 0.246688 0.728285 0.229846 0.724292 0.227509 0.755634 0.387687
4 0.169046 0.582838 0.171372 0.550557 0.154382 0.546664 0.152056 0.578945 0.372225
4 0.0934607 0.35498 0.0978016 0.32309 0.076714 0.313961 0.0723731 0.345851 0.297546
4 0.20169 0.392726 0.203591 0.362318 0.185685 0.358757 0.183784 0.389166 0.921453
4 0.501243 0.474661 0.502265 0.447328 0.485721 0.445361 0.484699 0.472694 0.870643
4 0.303247 0.245204 0.3055 0.213353 0.287836 0.209379 0.285583 0.24123 0.866591
4 0.435241 0.304728 0.437321 0.276072 0.421525 0.272426 0.419445 0.301081 0.849187
4 0.402205 0.432566 0.403173 0.403949 0.387597 0.402274 0.386629 0.430891 0.846344
4 0.337552 0.557077 0.340027 0.522719 0.320442 0.518232 0.317967 0.55259 0.795018
0 0.447868 0.45092 0.450353 0.41548 0.431408 0.411255 0.428923 0.446695 0.743908
4 0.361931 0.841423 0.363457 0.813668 0.34778 0.810928 0.346255 0.838682 0.500271
4 0.244351 0.759627 0.246688 0.728285 0.229846 0.724292 0.227509 0.755634 0.387687
4 0.169046 0.582838 0.171372 0.550557 0.154382 0.546664 0.152056 0.578945 0.372225
4 0.0934607 0.35498 0.0978016 0.32309 0.076714 0.313961 0.0723731 0.345851 0.297546
