4 0.391363 0.546378 0.39263 0.519197 0.375668 0.516684 0.374401 0.543865 0.878349
0 0.259566 0.356673 0.260455 0.318992 0.240691 0.31751 0.239802 0.355191 0.842127
4 0.398552 0.360597 0.39976 0.331242 0.383763 0.329148 0.382555 0.358503 0.697216
4 0.338565 0.576454 0.340407 0.547798 0.324055 0.544455 0.322213 0.573111 0.691932
4 0.41951 0.704606 0.421095 0.673911 0.403228 0.670977 0.401643 0.701671 0.67558
4 0.481946 0.637224 0.484407 0.604656 0.466543 0.600364 0.464082 0.632932 0.587158
4 0.249831 0.325512 0.251978 0.297384 0.23461 0.29317 0.232464 0.321298 0.485703
4 0.391363 0.546378 0.39263 0.519197 0.375668 0.516684 0.374401 0.543865 0.878349
0 0.259566 0.356673 0.260455 0.318992 0.240691 0.31751 0.239802 0.355191 0.842127
4 0.398552 0.360597 0.39976 0.331242 0.383763 0.329148 0.382555 0.358503 0.697216
4 0.338565 0.576454 0.340407 0.547798 0.324055 0.544455 0.322213 0.573111 0.691932
4 0.41951 0.704606 0.421095 0.673911 0.403228 0.670977 0.401643 0.701671 0.67558
4 0.481946 0.637224 0.484407 0.604656 0.466543 0.600364 0.464082 0.632932 0.587158
4 0.249831 0.325512 0.251978 0.297384 0.23461 0.29317 0.232464 0.321298 0.485703
