4 0.201561 0.392622 0.203464 0.362262 0.185684 0.358717 0.18378 0.389077 0.916651
4 0.303138 0.244769 0.305294 0.213305 0.287792 0.209491 0.285636 0.240955 0.872813
4 0.501352 0.474488 0.502346 0.447325 0.485819 0.445401 0.484825 0.472565 0.871229
4 0.435301 0.304809 0.437429 0.27588 0.421475 0.272147 0.419347 0.301075 0.843852
4 0.402295 0.432655 0.403229 0.403662 0.38738 0.402037 0.386445 0.43103 0.82703
4 0.337525 0.556999 0.340019 0.522731 0.320468 0.518207 0.317975 0.552475 0.792532
0 0.44822 0.445089 0.450783 0.409381 0.432445 0.405195 0.429882 0.440904 0.594523
4 0.361959 0.84156 0.36359 0.813655 0.347799 0.810721 0.346169 0.838626 0.494662
4 0.24429 0.759531 0.2466 0.728351 0.229861 0.724407 0.227551 0.755587 0.381397
4 0.169005 0.582998 0.171437 0.550558 0.154334 0.546481 0.151902 0.578921 0.379069
4 0.201561 0.392622 0.203464 0.362262 0.185684 0.358717 0.18378 0.389077 0.916651
4 0.303138 0.244769 0.305294 0.213305 0.287792 0.209491 0.285636 0.240955 0.872813
4 0.501352 0.474488 0.502346 0.447325 0.485819 0.445401 0.484825 0.472565 0.871229
4 0.435301 0.304809 0.437429 0.27588 0.421475 0.272147 0.419347 0.301075 0.843852
4 0.402295 0.432655 0.403229 0.403662 0.38738 0.402037 0.386445 0.43103 0.82703
4 0.337525 0.556999 0.340019 0.522731 0.320468 0.518207 0.317975 0.552475 0.792532
0 0.44822 0.445089 0.450783 0.409381 0.432445 0.405195 0.429882 0.440904 0.594523
4 0.361959 0.84156 0.36359 0.813655 0.347799 0.810721 0.346169 0.838626 0.494662
4 0.24429 0.759531 0.2466 0.728351 0.229861 0.724407 0.227551 0.755587 0.381397
4 0.169005 0.582998 0.171437 0.550558 0.154334 0.546481 0.151902 0.578921 0.379069
