0 0.304794 0.461898 0.306388 0.427245 0.286041 0.424268 0.284447 0.458922 0.918235
4 0.391243 0.546419 0.392513 0.519335 0.375545 0.516804 0.374275 0.543888 0.874297
4 0.419453 0.704381 0.420944 0.673927 0.403146 0.671157 0.401656 0.701612 0.717742
4 0.338388 0.576056 0.340264 0.547892 0.324011 0.544448 0.322135 0.572612 0.692983
4 0.398609 0.360296 0.39978 0.330894 0.38366 0.328851 0.382488 0.358253 0.672105
4 0.482053 0.6368 0.484314 0.604857 0.466545 0.600856 0.464283 0.632799 0.578666
4 0.294375 0.434372 0.295801 0.404939 0.279524 0.402432 0.278099 0.431865 0.410885
4 0.456858 0.558957 0.459653 0.521362 0.440442 0.516821 0.437648 0.554416 0.290927
0 0.304794 0.461898 0.306388 0.427245 0.286041 0.424268 0.284447 0.458922 0.918235
4 0.391243 0.546419 0.392513 0.519335 0.375545 0.516804 0.374275 0.543888 0.874297
4 0.419453 0.704381 0.420944 0.673927 0.403146 0.671157 0.401656 0.701612 0.717742
4 0.338388 0.576056 0.340264 0.547892 0.324011 0.544448 0.322135 0.572612 0.692983
4 0.398609 0.360296 0.39978 0.330894 0.38366 0.328851 0.382488 0.358253 0.672105
4 0.482053 0.6368 0.484314 0.604857 0.466545 0.600856 0.464283 0.632799 0.578666
4 0.294375 0.434372 0.295801 0.404939 0.279524 0.402432 0.278099 0.431865 0.410885
4 0.456858 0.558957 0.459653 0.521362 0.440442 0.516821 0.437648 0.554416 0.290927
