0 0.302944 0.457558 0.304217 0.423225 0.284117 0.420856 0.282844 0.455189 0.935755
4 0.391205 0.546443 0.392509 0.51933 0.37561 0.516744 0.374305 0.543857 0.877307
4 0.419442 0.704286 0.42092 0.674072 0.403208 0.671316 0.40173 0.70153 0.707997
4 0.338339 0.575892 0.340168 0.547862 0.323993 0.544506 0.322165 0.572537 0.702615
4 0.398627 0.360213 0.39983 0.33067 0.383724 0.328585 0.382521 0.358128 0.634913
4 0.48209 0.636839 0.484397 0.604944 0.466739 0.600882 0.464432 0.632778 0.590108
4 0.456957 0.55876 0.459724 0.521255 0.440378 0.516717 0.437612 0.554222 0.259009
0 0.302944 0.457558 0.304217 0.423225 0.284117 0.420856 0.282844 0.455189 0.935755
4 0.391205 0.546443 0.392509 0.51933 0.37561 0.516744 0.374305 0.543857 0.877307
4 0.419442 0.704286 0.42092 0.674072 0.403208 0.671316 0.40173 0.70153 0.707997
4 0.338339 0.575892 0.340168 0.547862 0.323993 0.544506 0.322165 0.572537 0.702615
4 0.398627 0.360213 0.39983 0.33067 0.383724 0.328585 0.382521 0.358128 0.634913
4 0.48209 0.636839 0.484397 0.604944 0.466739 0.600882 0.464432 0.632778 0.590108
4 0.456957 0.55876 0.459724 0.521255 0.440378 0.516717 0.437612 0.554222 0.259009
