4 0.391277 0.546227 0.39254 0.519228 0.37566 0.516717 0.374397 0.543716 0.879015
0 0.297362 0.443652 0.297789 0.407403 0.278671 0.406685 0.278243 0.442934 0.876815
4 0.419322 0.704213 0.420844 0.673983 0.403157 0.671152 0.401635 0.701381 0.723026
4 0.338413 0.57603 0.340221 0.547876 0.324101 0.544583 0.322293 0.572738 0.693281
4 0.398547 0.360226 0.399775 0.330571 0.383682 0.32845 0.382453 0.358105 0.645719
4 0.482104 0.636701 0.484363 0.6048 0.466643 0.60081 0.464384 0.632711 0.60832
4 0.286702 0.412804 0.28849 0.387241 0.272706 0.383728 0.270917 0.409292 0.577663
4 0.456817 0.55865 0.459613 0.521145 0.440266 0.516558 0.43747 0.554064 0.29504
4 0.391277 0.546227 0.39254 0.519228 0.37566 0.516717 0.374397 0.543716 0.879015
0 0.297362 0.443652 0.297789 0.407403 0.278671 0.406685 0.278243 0.442934 0.876815
4 0.419322 0.704213 0.420844 0.673983 0.403157 0.671152 0.401635 0.701381 0.723026
4 0.338413 0.57603 0.340221 0.547876 0.324101 0.544583 0.322293 0.572738 0.693281
4 0.398547 0.360226 0.399775 0.330571 0.383682 0.32845 0.382453 0.358105 0.645719
4 0.482104 0.636701 0.484363 0.6048 0.466643 0.60081 0.464384 0.632711 0.60832
4 0.286702 0.412804 0.28849 0.387241 0.272706 0.383728 0.270917 0.409292 0.577663
4 0.456817 0.55865 0.459613 0.521145 0.440266 0.516558 0.43747 0.554064 0.29504
