4 0.201697 0.392582 0.203559 0.362468 0.185954 0.359006 0.184092 0.38912 0.926923
4 0.403023 0.43357 0.405407 0.405089 0.387827 0.400408 0.385443 0.42889 0.912102
4 0.303117 0.244348 0.305207 0.213012 0.287759 0.209311 0.285669 0.240648 0.877908
4 0.501352 0.475026 0.502383 0.447364 0.485831 0.445402 0.4848 0.473064 0.871895
4 0.435266 0.304692 0.437425 0.275834 0.421472 0.272039 0.419314 0.300897 0.845448
4 0.337589 0.557116 0.339981 0.522628 0.320418 0.518313 0.318026 0.5528 0.782087
0 0.462949 0.534583 0.465539 0.498378 0.444604 0.493615 0.442014 0.52982 0.719501
4 0.362014 0.841753 0.363708 0.813289 0.347619 0.810244 0.345925 0.838708 0.487052
4 0.244292 0.759597 0.246577 0.728191 0.229584 0.724259 0.227299 0.755665 0.430178
4 0.168701 0.580537 0.171233 0.548197 0.153088 0.543679 0.150556 0.576019 0.378859
4 0.201697 0.392582 0.203559 0.362468 0.185954 0.359006 0.184092 0.38912 0.926923
4 0.403023 0.43357 0.405407 0.405089 0.387827 0.400408 0.385443 0.42889 0.912102
4 0.303117 0.244348 0.305207 0.213012 0.287759 0.209311 0.285669 0.240648 0.877908
4 0.501352 0.475026 0.502383 0.447364 0.485831 0.445402 0.4848 0.473064 0.871895
4 0.435266 0.304692 0.437425 0.275834 0.421472 0.272039 0.419314 0.300897 0.845448
4 0.337589 0.557116 0.339981 0.522628 0.320418 0.518313 0.318026 0.5528 0.782087
0 0.462949 0.534583 0.465539 0.498378 0.444604 0.493615 0.442014 0.52982 0.719501
4 0.362014 0.841753 0.363708 0.813289 0.347619 0.810244 0.345925 0.838708 0.487052
4 0.244292 0.759597 0.246577 0.728191 0.229584 0.724259 0.227299 0.755665 0.430178
4 0.168701 0.580537 0.171233 0.548197 0.153088 0.543679 0.150556 0.576019 0.378859
