4 0.201621 0.392315 0.203517 0.362046 0.185733 0.358503 0.183837 0.388772 0.887378
4 0.303448 0.24465 0.305498 0.213154 0.287895 0.209509 0.285845 0.241006 0.872343
4 0.435106 0.304723 0.437254 0.275968 0.421276 0.272173 0.419129 0.300928 0.839886
4 0.500922 0.474508 0.502063 0.447679 0.485978 0.445502 0.484837 0.47233 0.826874
4 0.43079 0.609283 0.43172 0.580772 0.414498 0.578985 0.413568 0.607496 0.634561
4 0.442611 0.709473 0.444234 0.680629 0.425097 0.677204 0.423474 0.706048 0.514963
4 0.361868 0.841264 0.36338 0.813524 0.347746 0.810814 0.346234 0.838554 0.427338
4 0.168574 0.580092 0.171077 0.548365 0.153324 0.543911 0.150821 0.575638 0.36237
4 0.244117 0.759486 0.246448 0.728422 0.22988 0.724468 0.227549 0.755532 0.32524
4 0.201621 0.392315 0.203517 0.362046 0.185733 0.358503 0.183837 0.388772 0.887378
4 0.303448 0.24465 0.305498 0.213154 0.287895 0.209509 0.285845 0.241006 0.872343
4 0.435106 0.304723 0.437254 0.275968 0.421276 0.272173 0.419129 0.300928 0.839886
4 0.500922 0.474508 0.502063 0.447679 0.485978 0.445502 0.484837 0.47233 0.826874
4 0.43079 0.609283 0.43172 0.580772 0.414498 0.578985 0.413568 0.607496 0.634561
4 0.442611 0.709473 0.444234 0.680629 0.425097 0.677204 0.423474 0.706048 0.514963
4 0.361868 0.841264 0.36338 0.813524 0.347746 0.810814 0.346234 0.838554 0.427338
4 0.168574 0.580092 0.171077 0.548365 0.153324 0.543911 0.150821 0.575638 0.36237
4 0.244117 0.759486 0.246448 0.728422 0.22988 0.724468 0.227549 0.755532 0.32524
