0 0.249059 0.338315 0.249338 0.30102 0.229265 0.300544 0.228987 0.337839 0.89644
4 0.391249 0.546635 0.392491 0.519276 0.375602 0.516838 0.37436 0.544197 0.879992
4 0.419349 0.704311 0.420872 0.673957 0.403144 0.671128 0.401621 0.701482 0.71423
4 0.338308 0.575722 0.340026 0.547911 0.324066 0.544776 0.322349 0.572587 0.710757
4 0.398608 0.360491 0.399851 0.331523 0.383985 0.329357 0.382742 0.358326 0.697776
4 0.482066 0.637343 0.484623 0.604822 0.466775 0.600359 0.464217 0.63288 0.634793
4 0.241678 0.305241 0.244472 0.278743 0.227924 0.273194 0.22513 0.299691 0.525176
0 0.249059 0.338315 0.249338 0.30102 0.229265 0.300544 0.228987 0.337839 0.89644
4 0.391249 0.546635 0.392491 0.519276 0.375602 0.516838 0.37436 0.544197 0.879992
4 0.419349 0.704311 0.420872 0.673957 0.403144 0.671128 0.401621 0.701482 0.71423
4 0.338308 0.575722 0.340026 0.547911 0.324066 0.544776 0.322349 0.572587 0.710757
4 0.398608 0.360491 0.399851 0.331523 0.383985 0.329357 0.382742 0.358326 0.697776
4 0.482066 0.637343 0.484623 0.604822 0.466775 0.600359 0.464217 0.63288 0.634793
4 0.241678 0.305241 0.244472 0.278743 0.227924 0.273194 0.22513 0.299691 0.525176
