4 0.367572 0.565501 0.368321 0.53682 0.350665 0.535353 0.349915 0.564034 0.94386
4 0.337358 0.471662 0.339441 0.443523 0.323495 0.439768 0.321412 0.467907 0.900798
4 0.358625 0.446836 0.360271 0.41921 0.344729 0.416264 0.343082 0.44389 0.801096
4 0.380761 0.658751 0.383103 0.627354 0.365296 0.623129 0.362953 0.654526 0.772564
4 0.398575 0.360453 0.399808 0.331177 0.383656 0.329013 0.382423 0.358289 0.715076
0 0.455481 0.626358 0.45943 0.587582 0.438574 0.580827 0.434625 0.619603 0.568881
4 0.342796 0.581318 0.34399 0.551347 0.327243 0.549225 0.326049 0.579196 0.568001
4 0.477741 0.630911 0.479163 0.596208 0.461917 0.593961 0.460495 0.628663 0.556798
4 0.370928 0.615357 0.373366 0.587286 0.355915 0.582467 0.353477 0.610537 0.46884
4 0.367572 0.565501 0.368321 0.53682 0.350665 0.535353 0.349915 0.564034 0.94386
4 0.337358 0.471662 0.339441 0.443523 0.323495 0.439768 0.321412 0.467907 0.900798
4 0.358625 0.446836 0.360271 0.41921 0.344729 0.416264 0.343082 0.44389 0.801096
4 0.380761 0.658751 0.383103 0.627354 0.365296 0.623129 0.362953 0.654526 0.772564
4 0.398575 0.360453 0.399808 0.331177 0.383656 0.329013 0.382423 0.358289 0.715076
0 0.455481 0.626358 0.45943 0.587582 0.438574 0.580827 0.434625 0.619603 0.568881
4 0.342796 0.581318 0.34399 0.551347 0.327243 0.549225 0.326049 0.579196 0.568001
4 0.477741 0.630911 0.479163 0.596208 0.461917 0.593961 0.460495 0.628663 0.556798
4 0.370928 0.615357 0.373366 0.587286 0.355915 0.582467 0.353477 0.610537 0.46884
