4 0.201607 0.392647 0.203509 0.362548 0.185849 0.358999 0.183947 0.389098 0.922116
4 0.303252 0.244659 0.305407 0.21321 0.287904 0.209395 0.285749 0.240844 0.872863
4 0.501129 0.474264 0.502112 0.447476 0.486008 0.445596 0.485024 0.472384 0.854076
4 0.435074 0.304774 0.437246 0.275623 0.42125 0.271834 0.419079 0.300985 0.849925
4 0.441031 0.70865 0.443556 0.679314 0.423976 0.673953 0.42145 0.703289 0.672392
4 0.430931 0.609255 0.431956 0.581317 0.414951 0.579334 0.413926 0.607271 0.600486
4 0.361926 0.841485 0.363439 0.813614 0.347691 0.810896 0.346179 0.838767 0.451783
4 0.244201 0.759502 0.246547 0.728221 0.229726 0.724209 0.22738 0.755491 0.400791
4 0.168623 0.580475 0.171228 0.548468 0.153197 0.543801 0.150592 0.575808 0.374474
4 0.139443 0.214235 0.14121 0.184444 0.122127 0.180844 0.120359 0.210634 0.273896
4 0.201607 0.392647 0.203509 0.362548 0.185849 0.358999 0.183947 0.389098 0.922116
4 0.303252 0.244659 0.305407 0.21321 0.287904 0.209395 0.285749 0.240844 0.872863
4 0.501129 0.474264 0.502112 0.447476 0.486008 0.445596 0.485024 0.472384 0.854076
4 0.435074 0.304774 0.437246 0.275623 0.42125 0.271834 0.419079 0.300985 0.849925
4 0.441031 0.70865 0.443556 0.679314 0.423976 0.673953 0.42145 0.703289 0.672392
4 0.430931 0.609255 0.431956 0.581317 0.414951 0.579334 0.413926 0.607271 0.600486
4 0.361926 0.841485 0.363439 0.813614 0.347691 0.810896 0.346179 0.838767 0.451783
4 0.244201 0.759502 0.246547 0.728221 0.229726 0.724209 0.22738 0.755491 0.400791
4 0.168623 0.580475 0.171228 0.548468 0.153197 0.543801 0.150592 0.575808 0.374474
4 0.139443 0.214235 0.14121 0.184444 0.122127 0.180844 0.120359 0.210634 0.273896
