4 0.337699 0.471693 0.339537 0.443338 0.323496 0.440032 0.321658 0.468386 0.889113
4 0.358404 0.446661 0.359986 0.419422 0.344817 0.416621 0.343236 0.44386 0.783622
4 0.367873 0.563857 0.36954 0.536988 0.352366 0.533598 0.350698 0.560468 0.750629
4 0.398563 0.360613 0.399812 0.331148 0.383643 0.328968 0.382393 0.358433 0.667686
4 0.380905 0.657586 0.382792 0.625354 0.364239 0.6219 0.362352 0.654131 0.552498
0 0.362906 0.53529 0.365447 0.495737 0.344765 0.491511 0.342224 0.531064 0.543606
4 0.342052 0.581774 0.343966 0.552763 0.327538 0.549315 0.325623 0.578327 0.52482
4 0.385123 0.552267 0.388553 0.518621 0.368712 0.512187 0.365281 0.545833 0.498406
4 0.337699 0.471693 0.339537 0.443338 0.323496 0.440032 0.321658 0.468386 0.889113
4 0.358404 0.446661 0.359986 0.419422 0.344817 0.416621 0.343236 0.44386 0.783622
4 0.367873 0.563857 0.36954 0.536988 0.352366 0.533598 0.350698 0.560468 0.750629
4 0.398563 0.360613 0.399812 0.331148 0.383643 0.328968 0.382393 0.358433 0.667686
4 0.380905 0.657586 0.382792 0.625354 0.364239 0.6219 0.362352 0.654131 0.552498
0 0.362906 0.53529 0.365447 0.495737 0.344765 0.491511 0.342224 0.531064 0.543606
4 0.342052 0.581774 0.343966 0.552763 0.327538 0.549315 0.325623 0.578327 0.52482
4 0.385123 0.552267 0.388553 0.518621 0.368712 0.512187 0.365281 0.545833 0.498406
