4 0.367512 0.564961 0.368196 0.53668 0.351449 0.535392 0.350764 0.563673 0.936308
4 0.337356 0.47157 0.339384 0.443159 0.323503 0.439553 0.321474 0.467964 0.893424
4 0.358579 0.446485 0.360184 0.419189 0.344869 0.416325 0.343264 0.443621 0.765814
4 0.398617 0.36059 0.399917 0.330916 0.38365 0.32865 0.38235 0.358323 0.652566
4 0.342665 0.58115 0.343952 0.551287 0.327359 0.549014 0.326072 0.578877 0.52217
4 0.380901 0.656939 0.382677 0.624995 0.364547 0.621789 0.362771 0.653733 0.504048
4 0.433752 0.595462 0.437307 0.561805 0.415999 0.554646 0.412444 0.588304 0.489863
4 0.373149 0.648702 0.375578 0.614495 0.358043 0.610534 0.355614 0.644741 0.425312
4 0.367512 0.564961 0.368196 0.53668 0.351449 0.535392 0.350764 0.563673 0.936308
4 0.337356 0.47157 0.339384 0.443159 0.323503 0.439553 0.321474 0.467964 0.893424
4 0.358579 0.446485 0.360184 0.419189 0.344869 0.416325 0.343264 0.443621 0.765814
4 0.398617 0.36059 0.399917 0.330916 0.38365 0.32865 0.38235 0.358323 0.652566
4 0.342665 0.58115 0.343952 0.551287 0.327359 0.549014 0.326072 0.578877 0.52217
4 0.380901 0.656939 0.382677 0.624995 0.364547 0.621789 0.362771 0.653733 0.504048
4 0.433752 0.595462 0.437307 0.561805 0.415999 0.554646 0.412444 0.588304 0.489863
4 0.373149 0.648702 0.375578 0.614495 0.358043 0.610534 0.355614 0.644741 0.425312
