4 0.358451 0.446717 0.360235 0.418629 0.344796 0.415509 0.343011 0.443597 0.80772
4 0.398544 0.360371 0.399763 0.331433 0.383742 0.329285 0.382522 0.358223 0.762098
4 0.340726 0.585198 0.344931 0.555335 0.327347 0.547461 0.323142 0.577323 0.621857
4 0.338094 0.470697 0.338885 0.443066 0.323127 0.441631 0.322336 0.469262 0.612877
4 0.373856 0.647338 0.375922 0.614131 0.358384 0.610661 0.356318 0.643868 0.604166
0 0.337758 0.512322 0.340516 0.472663 0.318016 0.467688 0.315259 0.507347 0.59162
4 0.356871 0.537687 0.360989 0.495595 0.339676 0.488963 0.335558 0.531055 0.339612
4 0.358451 0.446717 0.360235 0.418629 0.344796 0.415509 0.343011 0.443597 0.80772
4 0.398544 0.360371 0.399763 0.331433 0.383742 0.329285 0.382522 0.358223 0.762098
4 0.340726 0.585198 0.344931 0.555335 0.327347 0.547461 0.323142 0.577323 0.621857
4 0.338094 0.470697 0.338885 0.443066 0.323127 0.441631 0.322336 0.469262 0.612877
4 0.373856 0.647338 0.375922 0.614131 0.358384 0.610661 0.356318 0.643868 0.604166
0 0.337758 0.512322 0.340516 0.472663 0.318016 0.467688 0.315259 0.507347 0.59162
4 0.356871 0.537687 0.360989 0.495595 0.339676 0.488963 0.335558 0.531055 0.339612
