4 0.436269 0.305732 0.437999 0.275647 0.421106 0.272557 0.419375 0.302642 0.938076
4 0.20171 0.392673 0.202638 0.362704 0.185407 0.361006 0.184479 0.390975 0.929663
4 0.401771 0.432389 0.403577 0.403207 0.387642 0.400071 0.385837 0.429253 0.887787
4 0.301799 0.245667 0.303711 0.213054 0.285857 0.209725 0.283945 0.242338 0.867718
4 0.338215 0.557603 0.341152 0.523358 0.321221 0.517921 0.318283 0.552166 0.865463
4 0.362012 0.841867 0.364055 0.813486 0.347885 0.809783 0.345842 0.838165 0.704857
4 0.0837895 0.441406 0.0869166 0.40087 0.0612889 0.394583 0.0581618 0.435119 0.697417
4 0.500208 0.474749 0.501696 0.446784 0.485617 0.444063 0.484129 0.472029 0.681829
0 0.442759 0.44218 0.445234 0.406206 0.425811 0.401956 0.423335 0.43793 0.670952
4 0.24899 0.269997 0.25188 0.22014 0.224312 0.215057 0.221422 0.264914 0.604251
4 0.242067 0.716671 0.246864 0.67593 0.222122 0.666667 0.217326 0.707408 0.5912
4 0.162626 0.512892 0.166094 0.468603 0.139625 0.462011 0.136157 0.5063 0.587195
4 0.171138 0.468504 0.172842 0.42677 0.149656 0.423759 0.147952 0.465492 0.575644
4 0.294212 0.260429 0.297095 0.226636 0.279558 0.221878 0.276675 0.255671 0.558413
4 0.363672 0.530322 0.364771 0.495403 0.346633 0.493588 0.345535 0.528508 0.533612
4 0.15395 0.221475 0.156774 0.180786 0.133085 0.175557 0.130261 0.216246 0.516648
4 0.454301 0.18104 0.45645 0.138149 0.433443 0.134483 0.431294 0.177374 0.489475
4 0.166689 0.492099 0.169918 0.446268 0.14414 0.440492 0.140911 0.486322 0.477066
4 0.249016 0.685868 0.251427 0.641571 0.226376 0.637235 0.223965 0.681532 0.458355
4 0.452948 0.338155 0.455757 0.292229 0.430108 0.287241 0.4273 0.333166 0.405399
4 0.244567 0.760287 0.247322 0.726881 0.228578 0.721965 0.225823 0.75537 0.376503
4 0.170522 0.585952 0.174272 0.550624 0.154686 0.544011 0.150935 0.579338 0.361823
4 0.390722 0.219927 0.391866 0.183478 0.373031 0.181598 0.371887 0.218047 0.353004
4 0.169808 0.178406 0.170841 0.142113 0.148625 0.140102 0.147592 0.176395 0.352915
4 0.248474 0.0927528 0.249522 0.0513318 0.223662 0.0492499 0.222614 0.090671 0.333726
4 0.330208 0.815451 0.331837 0.782458 0.313753 0.779619 0.312125 0.812612 0.322255
4 0.0895226 0.55628 0.0923155 0.512486 0.0666755 0.507286 0.0638826 0.55108 0.318363
4 0.130801 0.259969 0.133045 0.224095 0.11152 0.219812 0.109275 0.255686 0.315493
4 0.24482 0.160326 0.248842 0.11085 0.222038 0.10392 0.218016 0.153396 0.308946
4 0.365637 0.0905718 0.366858 0.0524619 0.345267 0.0502623 0.344047 0.0883721 0.299944
4 0.4415 0.646827 0.445597 0.610049 0.423292 0.602148 0.419196 0.638925 0.289905
4 0.153641 0.79664 0.155873 0.761778 0.134172 0.757361 0.131941 0.792223 0.288494
4 0.0843335 0.580782 0.087223 0.538631 0.060608 0.532829 0.0577184 0.57498 0.276964
4 0.502225 0.309115 0.503979 0.274335 0.484091 0.271145 0.482337 0.305925 0.267723
4 0.441797 0.151981 0.443239 0.116677 0.422834 0.114026 0.421391 0.14933 0.258484
4 0.56928 0.573019 0.573501 0.532228 0.548468 0.52399 0.544247 0.564782 0.250101
4 0.436269 0.305732 0.437999 0.275647 0.421106 0.272557 0.419375 0.302642 0.938076
4 0.20171 0.392673 0.202638 0.362704 0.185407 0.361006 0.184479 0.390975 0.929663
4 0.401771 0.432389 0.403577 0.403207 0.387642 0.400071 0.385837 0.429253 0.887787
4 0.301799 0.245667 0.303711 0.213054 0.285857 0.209725 0.283945 0.242338 0.867718
4 0.338215 0.557603 0.341152 0.523358 0.321221 0.517921 0.318283 0.552166 0.865463
4 0.362012 0.841867 0.364055 0.813486 0.347885 0.809783 0.345842 0.838165 0.704857
4 0.0837895 0.441406 0.0869166 0.40087 0.0612889 0.394583 0.0581618 0.435119 0.697417
4 0.500208 0.474749 0.501696 0.446784 0.485617 0.444063 0.484129 0.472029 0.681829
0 0.442759 0.44218 0.445234 0.406206 0.425811 0.401956 0.423335 0.43793 0.670952
4 0.24899 0.269997 0.25188 0.22014 0.224312 0.215057 0.221422 0.264914 0.604251
4 0.242067 0.716671 0.246864 0.67593 0.222122 0.666667 0.217326 0.707408 0.5912
4 0.162626 0.512892 0.166094 0.468603 0.139625 0.462011 0.136157 0.5063 0.587195
4 0.171138 0.468504 0.172842 0.42677 0.149656 0.423759 0.147952 0.465492 0.575644
4 0.294212 0.260429 0.297095 0.226636 0.279558 0.221878 0.276675 0.255671 0.558413
4 0.363672 0.530322 0.364771 0.495403 0.346633 0.493588 0.345535 0.528508 0.533612
4 0.15395 0.221475 0.156774 0.180786 0.133085 0.175557 0.130261 0.216246 0.516648
4 0.454301 0.18104 0.45645 0.138149 0.433443 0.134483 0.431294 0.177374 0.489475
4 0.166689 0.492099 0.169918 0.446268 0.14414 0.440492 0.140911 0.486322 0.477066
4 0.249016 0.685868 0.251427 0.641571 0.226376 0.637235 0.223965 0.681532 0.458355
4 0.452948 0.338155 0.455757 0.292229 0.430108 0.287241 0.4273 0.333166 0.405399
4 0.244567 0.760287 0.247322 0.726881 0.228578 0.721965 0.225823 0.75537 0.376503
4 0.170522 0.585952 0.174272 0.550624 0.154686 0.544011 0.150935 0.579338 0.361823
4 0.390722 0.219927 0.391866 0.183478 0.373031 0.181598 0.371887 0.218047 0.353004
4 0.169808 0.178406 0.170841 0.142113 0.148625 0.140102 0.147592 0.176395 0.352915
4 0.248474 0.0927528 0.249522 0.0513318 0.223662 0.0492499 0.222614 0.090671 0.333726
4 0.330208 0.815451 0.331837 0.782458 0.313753 0.779619 0.312125 0.812612 0.322255
4 0.0895226 0.55628 0.0923155 0.512486 0.0666755 0.507286 0.0638826 0.55108 0.318363
4 0.130801 0.259969 0.133045 0.224095 0.11152 0.219812 0.109275 0.255686 0.315493
4 0.24482 0.160326 0.248842 0.11085 0.222038 0.10392 0.218016 0.153396 0.308946
4 0.365637 0.0905718 0.366858 0.0524619 0.345267 0.0502623 0.344047 0.0883721 0.299944
4 0.4415 0.646827 0.445597 0.610049 0.423292 0.602148 0.419196 0.638925 0.289905
4 0.153641 0.79664 0.155873 0.761778 0.134172 0.757361 0.131941 0.792223 0.288494
4 0.0843335 0.580782 0.087223 0.538631 0.060608 0.532829 0.0577184 0.57498 0.276964
4 0.502225 0.309115 0.503979 0.274335 0.484091 0.271145 0.482337 0.305925 0.267723
4 0.441797 0.151981 0.443239 0.116677 0.422834 0.114026 0.421391 0.14933 0.258484
4 0.56928 0.573019 0.573501 0.532228 0.548468 0.52399 0.544247 0.564782 0.250101
