4 0.20167 0.392506 0.203485 0.362249 0.185695 0.358857 0.18388 0.389114 0.920944
4 0.501393 0.474514 0.502379 0.447378 0.485938 0.445477 0.484951 0.472613 0.874177
4 0.303074 0.244861 0.305314 0.213243 0.287851 0.209308 0.28561 0.240926 0.873215
4 0.43525 0.304717 0.437391 0.275827 0.421415 0.272061 0.419274 0.300951 0.853935
4 0.40195 0.432697 0.402917 0.403729 0.387452 0.402088 0.386485 0.431056 0.819777
4 0.337462 0.556735 0.339844 0.522652 0.320448 0.518341 0.318066 0.552423 0.794981
0 0.446107 0.438872 0.447284 0.402847 0.428231 0.400868 0.427054 0.436893 0.699909
4 0.361993 0.841485 0.363501 0.813637 0.347765 0.810926 0.346256 0.838774 0.50676
4 0.16901 0.583051 0.171457 0.550482 0.154302 0.546383 0.151855 0.578952 0.373073
4 0.244208 0.75966 0.246563 0.728445 0.229828 0.724429 0.227473 0.755644 0.3367
4 0.20167 0.392506 0.203485 0.362249 0.185695 0.358857 0.18388 0.389114 0.920944
4 0.501393 0.474514 0.502379 0.447378 0.485938 0.445477 0.484951 0.472613 0.874177
4 0.303074 0.244861 0.305314 0.213243 0.287851 0.209308 0.28561 0.240926 0.873215
4 0.43525 0.304717 0.437391 0.275827 0.421415 0.272061 0.419274 0.300951 0.853935
4 0.40195 0.432697 0.402917 0.403729 0.387452 0.402088 0.386485 0.431056 0.819777
4 0.337462 0.556735 0.339844 0.522652 0.320448 0.518341 0.318066 0.552423 0.794981
0 0.446107 0.438872 0.447284 0.402847 0.428231 0.400868 0.427054 0.436893 0.699909
4 0.361993 0.841485 0.363501 0.813637 0.347765 0.810926 0.346256 0.838774 0.50676
4 0.16901 0.583051 0.171457 0.550482 0.154302 0.546383 0.151855 0.578952 0.373073
4 0.244208 0.75966 0.246563 0.728445 0.229828 0.724429 0.227473 0.755644 0.3367
