4 0.201732 0.392587 0.203563 0.362437 0.185828 0.359011 0.183997 0.389161 0.920237
4 0.303124 0.244716 0.305276 0.213225 0.287739 0.209413 0.285586 0.240904 0.87825
4 0.501332 0.474449 0.502299 0.447404 0.485986 0.445549 0.485019 0.472595 0.871767
4 0.401085 0.431886 0.401954 0.4041 0.38674 0.402586 0.385871 0.430372 0.867912
4 0.43512 0.304888 0.43738 0.275646 0.421284 0.271691 0.419024 0.300932 0.854925
4 0.337672 0.556798 0.340023 0.522712 0.32048 0.518427 0.31813 0.552513 0.78782
0 0.446188 0.438137 0.447321 0.402796 0.42855 0.400883 0.427418 0.436224 0.662037
4 0.361893 0.841585 0.363471 0.81369 0.347709 0.810853 0.34613 0.838748 0.464696
4 0.244094 0.75946 0.246469 0.728457 0.22987 0.724414 0.227496 0.755416 0.334885
4 0.168591 0.580226 0.171067 0.548515 0.153269 0.544095 0.150793 0.575806 0.333588
4 0.201732 0.392587 0.203563 0.362437 0.185828 0.359011 0.183997 0.389161 0.920237
4 0.303124 0.244716 0.305276 0.213225 0.287739 0.209413 0.285586 0.240904 0.87825
4 0.501332 0.474449 0.502299 0.447404 0.485986 0.445549 0.485019 0.472595 0.871767
4 0.401085 0.431886 0.401954 0.4041 0.38674 0.402586 0.385871 0.430372 0.867912
4 0.43512 0.304888 0.43738 0.275646 0.421284 0.271691 0.419024 0.300932 0.854925
4 0.337672 0.556798 0.340023 0.522712 0.32048 0.518427 0.31813 0.552513 0.78782
0 0.446188 0.438137 0.447321 0.402796 0.42855 0.400883 0.427418 0.436224 0.662037
4 0.361893 0.841585 0.363471 0.81369 0.347709 0.810853 0.34613 0.838748 0.464696
4 0.244094 0.75946 0.246469 0.728457 0.22987 0.724414 0.227496 0.755416 0.334885
4 0.168591 0.580226 0.171067 0.548515 0.153269 0.544095 0.150793 0.575806 0.333588
