4 0.201846 0.392452 0.203669 0.362333 0.185858 0.358903 0.184035 0.389022 0.929944
4 0.403535 0.43354 0.405825 0.404344 0.388434 0.400004 0.386143 0.4292 0.926339
4 0.303239 0.244671 0.30549 0.213092 0.287681 0.209055 0.28543 0.240634 0.868201
4 0.501426 0.47453 0.502427 0.447452 0.486006 0.445522 0.485006 0.4726 0.866856
4 0.435257 0.304708 0.437454 0.275894 0.421491 0.272023 0.419294 0.300837 0.830584
4 0.337858 0.557037 0.340188 0.522614 0.320482 0.518372 0.318152 0.552795 0.783456
0 0.448592 0.450218 0.450808 0.413346 0.431169 0.409593 0.428953 0.446465 0.775968
4 0.361936 0.841542 0.363524 0.813664 0.347716 0.8108 0.346128 0.838678 0.486768
4 0.244066 0.759389 0.246417 0.728299 0.229659 0.724269 0.227308 0.75536 0.401943
4 0.169042 0.582805 0.171341 0.550764 0.154334 0.546882 0.152034 0.578924 0.363324
4 0.414782 0.42332 0.417931 0.386028 0.396703 0.380327 0.393554 0.417619 0.29929
4 0.201846 0.392452 0.203669 0.362333 0.185858 0.358903 0.184035 0.389022 0.929944
4 0.403535 0.43354 0.405825 0.404344 0.388434 0.400004 0.386143 0.4292 0.926339
4 0.303239 0.244671 0.30549 0.213092 0.287681 0.209055 0.28543 0.240634 0.868201
4 0.501426 0.47453 0.502427 0.447452 0.486006 0.445522 0.485006 0.4726 0.866856
4 0.435257 0.304708 0.437454 0.275894 0.421491 0.272023 0.419294 0.300837 0.830584
4 0.337858 0.557037 0.340188 0.522614 0.320482 0.518372 0.318152 0.552795 0.783456
0 0.448592 0.450218 0.450808 0.413346 0.431169 0.409593 0.428953 0.446465 0.775968
4 0.361936 0.841542 0.363524 0.813664 0.347716 0.8108 0.346128 0.838678 0.486768
4 0.244066 0.759389 0.246417 0.728299 0.229659 0.724269 0.227308 0.75536 0.401943
4 0.169042 0.582805 0.171341 0.550764 0.154334 0.546882 0.152034 0.578924 0.363324
4 0.414782 0.42332 0.417931 0.386028 0.396703 0.380327 0.393554 0.417619 0.29929
