4 0.201759 0.392658 0.203656 0.362418 0.185916 0.35888 0.184019 0.38912 0.925029
4 0.402867 0.433787 0.405337 0.405226 0.387863 0.40042 0.385393 0.428982 0.910299
4 0.303321 0.245015 0.305553 0.213226 0.287725 0.209245 0.285493 0.241034 0.872912
4 0.501273 0.474834 0.502168 0.447276 0.485698 0.445575 0.484803 0.473133 0.852286
4 0.435158 0.304653 0.437344 0.275767 0.421328 0.271912 0.419142 0.300798 0.844353
0 0.463372 0.526427 0.465895 0.4885 0.445834 0.484256 0.443312 0.522184 0.831231
4 0.337663 0.557136 0.340072 0.522727 0.320456 0.518359 0.318047 0.552768 0.784722
4 0.362002 0.841551 0.363497 0.813527 0.347604 0.810832 0.346109 0.838856 0.496235
4 0.244131 0.759393 0.246537 0.728296 0.229698 0.724153 0.227292 0.75525 0.448959
4 0.168558 0.580452 0.171048 0.548429 0.152953 0.543954 0.150463 0.575977 0.354333
4 0.201759 0.392658 0.203656 0.362418 0.185916 0.35888 0.184019 0.38912 0.925029
4 0.402867 0.433787 0.405337 0.405226 0.387863 0.40042 0.385393 0.428982 0.910299
4 0.303321 0.245015 0.305553 0.213226 0.287725 0.209245 0.285493 0.241034 0.872912
4 0.501273 0.474834 0.502168 0.447276 0.485698 0.445575 0.484803 0.473133 0.852286
4 0.435158 0.304653 0.437344 0.275767 0.421328 0.271912 0.419142 0.300798 0.844353
0 0.463372 0.526427 0.465895 0.4885 0.445834 0.484256 0.443312 0.522184 0.831231
4 0.337663 0.557136 0.340072 0.522727 0.320456 0.518359 0.318047 0.552768 0.784722
4 0.362002 0.841551 0.363497 0.813527 0.347604 0.810832 0.346109 0.838856 0.496235
4 0.244131 0.759393 0.246537 0.728296 0.229698 0.724153 0.227292 0.75525 0.448959
4 0.168558 0.580452 0.171048 0.548429 0.152953 0.543954 0.150463 0.575977 0.354333
