4 0.361578 0.497706 0.362985 0.469465 0.346546 0.46686 0.345139 0.4951 0.949736
0 0.402717 0.679599 0.407318 0.641165 0.388023 0.633818 0.383422 0.672253 0.753926
4 0.426027 0.682777 0.428468 0.6546 0.411003 0.649789 0.408562 0.677965 0.560836
4 0.336549 0.473218 0.337551 0.444141 0.321223 0.442351 0.320221 0.471428 0.509062
4 0.331008 0.498273 0.333227 0.458306 0.310374 0.454272 0.308155 0.494239 0.499356
4 0.341223 0.584927 0.344668 0.553431 0.327499 0.54746 0.324055 0.578956 0.359763
4 0.361578 0.497706 0.362985 0.469465 0.346546 0.46686 0.345139 0.4951 0.949736
0 0.402717 0.679599 0.407318 0.641165 0.388023 0.633818 0.383422 0.672253 0.753926
4 0.426027 0.682777 0.428468 0.6546 0.411003 0.649789 0.408562 0.677965 0.560836
4 0.336549 0.473218 0.337551 0.444141 0.321223 0.442351 0.320221 0.471428 0.509062
4 0.331008 0.498273 0.333227 0.458306 0.310374 0.454272 0.308155 0.494239 0.499356
4 0.341223 0.584927 0.344668 0.553431 0.327499 0.54746 0.324055 0.578956 0.359763
