0 0.254453 0.335679 0.256645 0.297303 0.234221 0.293229 0.232028 0.331605 0.881295
4 0.391319 0.546464 0.392626 0.519431 0.375721 0.516832 0.374414 0.543865 0.87461
4 0.419543 0.704164 0.421006 0.673874 0.403348 0.671161 0.401885 0.701451 0.693534
4 0.398723 0.360681 0.399969 0.331102 0.383755 0.32893 0.382509 0.358509 0.683061
4 0.338463 0.57573 0.340311 0.547655 0.324151 0.544271 0.322303 0.572345 0.683043
4 0.242655 0.307819 0.24527 0.278318 0.227025 0.273176 0.22441 0.302677 0.626341
4 0.482028 0.637186 0.484638 0.604861 0.46674 0.600266 0.46413 0.632591 0.576623
0 0.254453 0.335679 0.256645 0.297303 0.234221 0.293229 0.232028 0.331605 0.881295
4 0.391319 0.546464 0.392626 0.519431 0.375721 0.516832 0.374414 0.543865 0.87461
4 0.419543 0.704164 0.421006 0.673874 0.403348 0.671161 0.401885 0.701451 0.693534
4 0.398723 0.360681 0.399969 0.331102 0.383755 0.32893 0.382509 0.358509 0.683061
4 0.338463 0.57573 0.340311 0.547655 0.324151 0.544271 0.322303 0.572345 0.683043
4 0.242655 0.307819 0.24527 0.278318 0.227025 0.273176 0.22441 0.302677 0.626341
4 0.482028 0.637186 0.484638 0.604861 0.46674 0.600266 0.46413 0.632591 0.576623
