4 0.358554 0.446826 0.360502 0.418154 0.344778 0.414756 0.34283 0.443428 0.811951
4 0.398509 0.360317 0.399709 0.331425 0.383787 0.329322 0.382588 0.358215 0.75397
4 0.338032 0.470826 0.338949 0.442664 0.323045 0.441017 0.322128 0.469179 0.638449
4 0.340775 0.585131 0.34494 0.5553 0.327333 0.547481 0.323167 0.577311 0.621317
4 0.373929 0.64747 0.375988 0.614221 0.358389 0.610755 0.35633 0.644004 0.608391
0 0.337966 0.512397 0.340741 0.472574 0.31796 0.467525 0.315185 0.507348 0.593762
4 0.356775 0.537493 0.360951 0.495527 0.339676 0.488795 0.335501 0.530761 0.34558
4 0.358554 0.446826 0.360502 0.418154 0.344778 0.414756 0.34283 0.443428 0.811951
4 0.398509 0.360317 0.399709 0.331425 0.383787 0.329322 0.382588 0.358215 0.75397
4 0.338032 0.470826 0.338949 0.442664 0.323045 0.441017 0.322128 0.469179 0.638449
4 0.340775 0.585131 0.34494 0.5553 0.327333 0.547481 0.323167 0.577311 0.621317
4 0.373929 0.64747 0.375988 0.614221 0.358389 0.610755 0.35633 0.644004 0.608391
0 0.337966 0.512397 0.340741 0.472574 0.31796 0.467525 0.315185 0.507348 0.593762
4 0.356775 0.537493 0.360951 0.495527 0.339676 0.488795 0.335501 0.530761 0.34558
