4 0.201786 0.392692 0.20371 0.362388 0.18588 0.358788 0.183956 0.389092 0.916761
4 0.303383 0.244908 0.305529 0.213349 0.287911 0.20954 0.285766 0.241099 0.87454
4 0.501029 0.474577 0.502086 0.447567 0.485955 0.44556 0.484898 0.472569 0.851122
4 0.43519 0.304715 0.437339 0.275856 0.421468 0.272097 0.419319 0.300956 0.837184
4 0.386449 0.60594 0.387965 0.576175 0.371009 0.573428 0.369493 0.603193 0.733673
4 0.361933 0.841698 0.36359 0.813641 0.347674 0.810651 0.346017 0.838708 0.464754
0 0.36551 0.581932 0.369354 0.542673 0.3487 0.536239 0.344855 0.575498 0.463374
4 0.16868 0.580461 0.17116 0.548456 0.153264 0.544045 0.150784 0.57605 0.389174
4 0.24406 0.759334 0.246389 0.728419 0.229794 0.724442 0.227465 0.755357 0.383692
4 0.463793 0.666773 0.465802 0.638518 0.450065 0.634959 0.448056 0.663214 0.339913
4 0.201786 0.392692 0.20371 0.362388 0.18588 0.358788 0.183956 0.389092 0.916761
4 0.303383 0.244908 0.305529 0.213349 0.287911 0.20954 0.285766 0.241099 0.87454
4 0.501029 0.474577 0.502086 0.447567 0.485955 0.44556 0.484898 0.472569 0.851122
4 0.43519 0.304715 0.437339 0.275856 0.421468 0.272097 0.419319 0.300956 0.837184
4 0.386449 0.60594 0.387965 0.576175 0.371009 0.573428 0.369493 0.603193 0.733673
4 0.361933 0.841698 0.36359 0.813641 0.347674 0.810651 0.346017 0.838708 0.464754
0 0.36551 0.581932 0.369354 0.542673 0.3487 0.536239 0.344855 0.575498 0.463374
4 0.16868 0.580461 0.17116 0.548456 0.153264 0.544045 0.150784 0.57605 0.389174
4 0.24406 0.759334 0.246389 0.728419 0.229794 0.724442 0.227465 0.755357 0.383692
4 0.463793 0.666773 0.465802 0.638518 0.450065 0.634959 0.448056 0.663214 0.339913
