4 0.20177 0.392525 0.203626 0.362338 0.185914 0.358875 0.184058 0.389062 0.925624
4 0.401425 0.434413 0.402461 0.404997 0.386951 0.403259 0.385915 0.432675 0.907439
4 0.303153 0.244307 0.305192 0.213314 0.287766 0.209668 0.285728 0.240662 0.864569
4 0.501053 0.47466 0.502021 0.447533 0.485994 0.445713 0.485026 0.47284 0.860194
0 0.436322 0.438852 0.438414 0.398874 0.418346 0.395535 0.416255 0.435513 0.858032
4 0.435233 0.304841 0.437339 0.275974 0.42146 0.27229 0.419354 0.301158 0.836614
4 0.337561 0.557035 0.339976 0.52262 0.320413 0.518254 0.317998 0.55267 0.795611
4 0.362045 0.841565 0.363489 0.813495 0.347556 0.810887 0.346111 0.838957 0.47441
4 0.244176 0.759531 0.24648 0.728585 0.229822 0.724642 0.227518 0.755588 0.400771
4 0.168629 0.580573 0.171258 0.548287 0.153069 0.543576 0.15044 0.575862 0.354811
4 0.20177 0.392525 0.203626 0.362338 0.185914 0.358875 0.184058 0.389062 0.925624
4 0.401425 0.434413 0.402461 0.404997 0.386951 0.403259 0.385915 0.432675 0.907439
4 0.303153 0.244307 0.305192 0.213314 0.287766 0.209668 0.285728 0.240662 0.864569
4 0.501053 0.47466 0.502021 0.447533 0.485994 0.445713 0.485026 0.47284 0.860194
0 0.436322 0.438852 0.438414 0.398874 0.418346 0.395535 0.416255 0.435513 0.858032
4 0.435233 0.304841 0.437339 0.275974 0.42146 0.27229 0.419354 0.301158 0.836614
4 0.337561 0.557035 0.339976 0.52262 0.320413 0.518254 0.317998 0.55267 0.795611
4 0.362045 0.841565 0.363489 0.813495 0.347556 0.810887 0.346111 0.838957 0.47441
4 0.244176 0.759531 0.24648 0.728585 0.229822 0.724642 0.227518 0.755588 0.400771
4 0.168629 0.580573 0.171258 0.548287 0.153069 0.543576 0.15044 0.575862 0.354811
