4 0.366983 0.56455 0.367597 0.536851 0.351192 0.535695 0.350578 0.563394 0.914599
4 0.337276 0.47169 0.339329 0.443593 0.323503 0.439916 0.32145 0.468013 0.908078
4 0.358414 0.446584 0.360024 0.419521 0.344901 0.41666 0.343291 0.443722 0.795035
4 0.398599 0.360524 0.399859 0.331394 0.383838 0.32919 0.382578 0.35832 0.701641
4 0.477716 0.629223 0.479022 0.59442 0.461884 0.592374 0.460578 0.627177 0.631921
4 0.381146 0.659397 0.383444 0.628487 0.367321 0.624676 0.365023 0.655586 0.612935
0 0.455653 0.631639 0.459389 0.593269 0.439746 0.587186 0.436009 0.625556 0.578395
4 0.371007 0.616868 0.374053 0.587533 0.356466 0.581724 0.353419 0.611058 0.571913
4 0.343015 0.579907 0.343947 0.550669 0.327663 0.549017 0.32673 0.578255 0.367934
4 0.366983 0.56455 0.367597 0.536851 0.351192 0.535695 0.350578 0.563394 0.914599
4 0.337276 0.47169 0.339329 0.443593 0.323503 0.439916 0.32145 0.468013 0.908078
4 0.358414 0.446584 0.360024 0.419521 0.344901 0.41666 0.343291 0.443722 0.795035
4 0.398599 0.360524 0.399859 0.331394 0.383838 0.32919 0.382578 0.35832 0.701641
4 0.477716 0.629223 0.479022 0.59442 0.461884 0.592374 0.460578 0.627177 0.631921
4 0.381146 0.659397 0.383444 0.628487 0.367321 0.624676 0.365023 0.655586 0.612935
0 0.455653 0.631639 0.459389 0.593269 0.439746 0.587186 0.436009 0.625556 0.578395
4 0.371007 0.616868 0.374053 0.587533 0.356466 0.581724 0.353419 0.611058 0.571913
4 0.343015 0.579907 0.343947 0.550669 0.327663 0.549017 0.32673 0.578255 0.367934
