0 0.354552 0.531328 0.35848 0.486815 0.335777 0.480442 0.331849 0.524956 0.863844
4 0.367131 0.566377 0.370933 0.532295 0.351231 0.525305 0.347429 0.559387 0.820715
4 0.337381 0.472131 0.339521 0.444752 0.323705 0.440823 0.321566 0.468202 0.819709
4 0.358272 0.446189 0.359865 0.418579 0.344623 0.415783 0.343031 0.443393 0.79023
4 0.397783 0.360588 0.399628 0.330038 0.382874 0.326819 0.381028 0.357369 0.659235
4 0.375078 0.538067 0.377463 0.502187 0.359355 0.498358 0.35697 0.534238 0.60652
4 0.38098 0.657443 0.382899 0.624928 0.36412 0.621403 0.362201 0.653918 0.543804
4 0.342282 0.581322 0.344088 0.551798 0.32751 0.548573 0.325704 0.578096 0.54317
0 0.354552 0.531328 0.35848 0.486815 0.335777 0.480442 0.331849 0.524956 0.863844
4 0.367131 0.566377 0.370933 0.532295 0.351231 0.525305 0.347429 0.559387 0.820715
4 0.337381 0.472131 0.339521 0.444752 0.323705 0.440823 0.321566 0.468202 0.819709
4 0.358272 0.446189 0.359865 0.418579 0.344623 0.415783 0.343031 0.443393 0.79023
4 0.397783 0.360588 0.399628 0.330038 0.382874 0.326819 0.381028 0.357369 0.659235
4 0.375078 0.538067 0.377463 0.502187 0.359355 0.498358 0.35697 0.534238 0.60652
4 0.38098 0.657443 0.382899 0.624928 0.36412 0.621403 0.362201 0.653918 0.543804
4 0.342282 0.581322 0.344088 0.551798 0.32751 0.548573 0.325704 0.578096 0.54317
