4 0.201824 0.391435 0.203383 0.361924 0.185887 0.358985 0.184328 0.388496 0.8373
4 0.435098 0.304458 0.436925 0.276311 0.421324 0.27309 0.419496 0.301237 0.821496
4 0.30314 0.243568 0.304896 0.213273 0.287688 0.210101 0.285932 0.240396 0.790157
4 0.501254 0.473266 0.502308 0.447919 0.486353 0.445809 0.485299 0.471156 0.771656
4 0.430795 0.608778 0.431891 0.580951 0.415162 0.578857 0.414067 0.606684 0.460275
4 0.442139 0.709169 0.444129 0.682074 0.425541 0.677734 0.423551 0.704829 0.325531
4 0.168531 0.579391 0.17065 0.548603 0.154053 0.544971 0.151934 0.575758 0.315889
4 0.361894 0.840003 0.363119 0.813914 0.348094 0.811671 0.346869 0.83776 0.31315
4 0.201824 0.391435 0.203383 0.361924 0.185887 0.358985 0.184328 0.388496 0.8373
4 0.435098 0.304458 0.436925 0.276311 0.421324 0.27309 0.419496 0.301237 0.821496
4 0.30314 0.243568 0.304896 0.213273 0.287688 0.210101 0.285932 0.240396 0.790157
4 0.501254 0.473266 0.502308 0.447919 0.486353 0.445809 0.485299 0.471156 0.771656
4 0.430795 0.608778 0.431891 0.580951 0.415162 0.578857 0.414067 0.606684 0.460275
4 0.442139 0.709169 0.444129 0.682074 0.425541 0.677734 0.423551 0.704829 0.325531
4 0.168531 0.579391 0.17065 0.548603 0.154053 0.544971 0.151934 0.575758 0.315889
4 0.361894 0.840003 0.363119 0.813914 0.348094 0.811671 0.346869 0.83776 0.31315
