4 0.201651 0.392622 0.203539 0.362426 0.185914 0.358922 0.184026 0.389117 0.918761
4 0.40196 0.433505 0.404322 0.40514 0.387713 0.400743 0.385352 0.429108 0.903335
4 0.303237 0.245563 0.305594 0.213264 0.287805 0.209135 0.285448 0.241434 0.86659
4 0.5011 0.474689 0.502119 0.447285 0.485688 0.445343 0.48467 0.472747 0.855295
4 0.43531 0.304581 0.437417 0.27568 0.421375 0.27196 0.419268 0.300861 0.845154
4 0.3379 0.556785 0.340043 0.522566 0.320378 0.518648 0.318235 0.552867 0.81731
0 0.441889 0.440794 0.444373 0.40627 0.426273 0.402129 0.42379 0.436652 0.701438
4 0.362099 0.841608 0.363657 0.813635 0.347696 0.810808 0.346138 0.838782 0.457359
4 0.244297 0.759623 0.246648 0.727899 0.229624 0.723887 0.227273 0.75561 0.416719
4 0.168763 0.580668 0.171374 0.548136 0.153084 0.543468 0.150474 0.576 0.354536
4 0.201651 0.392622 0.203539 0.362426 0.185914 0.358922 0.184026 0.389117 0.918761
4 0.40196 0.433505 0.404322 0.40514 0.387713 0.400743 0.385352 0.429108 0.903335
4 0.303237 0.245563 0.305594 0.213264 0.287805 0.209135 0.285448 0.241434 0.86659
4 0.5011 0.474689 0.502119 0.447285 0.485688 0.445343 0.48467 0.472747 0.855295
4 0.43531 0.304581 0.437417 0.27568 0.421375 0.27196 0.419268 0.300861 0.845154
4 0.3379 0.556785 0.340043 0.522566 0.320378 0.518648 0.318235 0.552867 0.81731
0 0.441889 0.440794 0.444373 0.40627 0.426273 0.402129 0.42379 0.436652 0.701438
4 0.362099 0.841608 0.363657 0.813635 0.347696 0.810808 0.346138 0.838782 0.457359
4 0.244297 0.759623 0.246648 0.727899 0.229624 0.723887 0.227273 0.75561 0.416719
4 0.168763 0.580668 0.171374 0.548136 0.153084 0.543468 0.150474 0.576 0.354536
