4 0.361372 0.498042 0.362753 0.469699 0.346374 0.467162 0.344993 0.495504 0.947494
0 0.403811 0.677889 0.407652 0.641309 0.389299 0.635181 0.385458 0.671761 0.725084
4 0.425707 0.682501 0.428093 0.654857 0.411029 0.650173 0.408643 0.677816 0.566761
4 0.331208 0.497915 0.33336 0.458062 0.31046 0.454129 0.308308 0.493981 0.516115
4 0.336618 0.473424 0.337584 0.444573 0.321434 0.442853 0.320468 0.471704 0.440388
4 0.341157 0.585136 0.344636 0.553714 0.327532 0.547691 0.324053 0.579113 0.357471
4 0.361372 0.498042 0.362753 0.469699 0.346374 0.467162 0.344993 0.495504 0.947494
0 0.403811 0.677889 0.407652 0.641309 0.389299 0.635181 0.385458 0.671761 0.725084
4 0.425707 0.682501 0.428093 0.654857 0.411029 0.650173 0.408643 0.677816 0.566761
4 0.331208 0.497915 0.33336 0.458062 0.31046 0.454129 0.308308 0.493981 0.516115
4 0.336618 0.473424 0.337584 0.444573 0.321434 0.442853 0.320468 0.471704 0.440388
4 0.341157 0.585136 0.344636 0.553714 0.327532 0.547691 0.324053 0.579113 0.357471
