4 0.201891 0.392605 0.203746 0.362468 0.186014 0.358996 0.184158 0.389133 0.915112
4 0.366635 0.57442 0.368381 0.543061 0.348754 0.539585 0.347007 0.570944 0.872433
4 0.303371 0.244392 0.30545 0.213082 0.287819 0.209357 0.285739 0.240667 0.871211
4 0.501191 0.47438 0.502197 0.447472 0.485996 0.445545 0.484989 0.472453 0.859625
4 0.435128 0.304725 0.437303 0.275838 0.421354 0.272019 0.419179 0.300906 0.839891
4 0.361914 0.841525 0.36353 0.813627 0.347659 0.810703 0.346043 0.838602 0.475214
4 0.244042 0.759357 0.246431 0.72839 0.229814 0.724313 0.227424 0.75528 0.38681
4 0.168601 0.580172 0.171108 0.54831 0.153268 0.543845 0.150761 0.575707 0.384947
0 0.349137 0.550499 0.350037 0.510818 0.327149 0.509167 0.326249 0.548849 0.317504
4 0.470317 0.677121 0.471917 0.650391 0.457495 0.647647 0.455896 0.674376 0.266978
4 0.201891 0.392605 0.203746 0.362468 0.186014 0.358996 0.184158 0.389133 0.915112
4 0.366635 0.57442 0.368381 0.543061 0.348754 0.539585 0.347007 0.570944 0.872433
4 0.303371 0.244392 0.30545 0.213082 0.287819 0.209357 0.285739 0.240667 0.871211
4 0.501191 0.47438 0.502197 0.447472 0.485996 0.445545 0.484989 0.472453 0.859625
4 0.435128 0.304725 0.437303 0.275838 0.421354 0.272019 0.419179 0.300906 0.839891
4 0.361914 0.841525 0.36353 0.813627 0.347659 0.810703 0.346043 0.838602 0.475214
4 0.244042 0.759357 0.246431 0.72839 0.229814 0.724313 0.227424 0.75528 0.38681
4 0.168601 0.580172 0.171108 0.54831 0.153268 0.543845 0.150761 0.575707 0.384947
0 0.349137 0.550499 0.350037 0.510818 0.327149 0.509167 0.326249 0.548849 0.317504
4 0.470317 0.677121 0.471917 0.650391 0.457495 0.647647 0.455896 0.674376 0.266978
