0 0.284598 0.345091 0.288494 0.304915 0.266253 0.298057 0.262357 0.338233 0.895699
4 0.39119 0.546446 0.392522 0.519227 0.375627 0.516598 0.374295 0.543818 0.865879
4 0.242856 0.308321 0.245273 0.276883 0.227971 0.272653 0.225555 0.304092 0.808772
4 0.419393 0.704403 0.420833 0.674173 0.40311 0.671488 0.40167 0.701717 0.728898
4 0.398521 0.360563 0.399739 0.331495 0.383732 0.329362 0.382514 0.358431 0.727348
4 0.338318 0.576126 0.340366 0.547691 0.324068 0.543959 0.322021 0.572394 0.663538
4 0.482053 0.637359 0.484557 0.60508 0.466878 0.600718 0.464374 0.632997 0.581758
4 0.476633 0.625065 0.478313 0.59039 0.461069 0.587733 0.459389 0.622407 0.512964
0 0.284598 0.345091 0.288494 0.304915 0.266253 0.298057 0.262357 0.338233 0.895699
4 0.39119 0.546446 0.392522 0.519227 0.375627 0.516598 0.374295 0.543818 0.865879
4 0.242856 0.308321 0.245273 0.276883 0.227971 0.272653 0.225555 0.304092 0.808772
4 0.419393 0.704403 0.420833 0.674173 0.40311 0.671488 0.40167 0.701717 0.728898
4 0.398521 0.360563 0.399739 0.331495 0.383732 0.329362 0.382514 0.358431 0.727348
4 0.338318 0.576126 0.340366 0.547691 0.324068 0.543959 0.322021 0.572394 0.663538
4 0.482053 0.637359 0.484557 0.60508 0.466878 0.600718 0.464374 0.632997 0.581758
4 0.476633 0.625065 0.478313 0.59039 0.461069 0.587733 0.459389 0.622407 0.512964
