4 0.337345 0.471645 0.339327 0.443359 0.323191 0.439763 0.321209 0.46805 0.928527
4 0.367488 0.56487 0.368347 0.536167 0.352024 0.534614 0.351165 0.563317 0.879436
4 0.358603 0.446941 0.360201 0.419434 0.344762 0.416582 0.343164 0.444089 0.757725
4 0.394409 0.56285 0.39607 0.525401 0.374891 0.522414 0.37323 0.559863 0.736756
4 0.39841 0.360567 0.399721 0.331262 0.3836 0.32897 0.38229 0.358275 0.662377
4 0.380951 0.657414 0.382778 0.625225 0.364282 0.621887 0.362456 0.654076 0.571118
4 0.342386 0.581847 0.343882 0.552123 0.327523 0.549504 0.326027 0.579228 0.39865
0 0.376191 0.55429 0.379253 0.511496 0.357257 0.50649 0.354194 0.549283 0.318368
4 0.337345 0.471645 0.339327 0.443359 0.323191 0.439763 0.321209 0.46805 0.928527
4 0.367488 0.56487 0.368347 0.536167 0.352024 0.534614 0.351165 0.563317 0.879436
4 0.358603 0.446941 0.360201 0.419434 0.344762 0.416582 0.343164 0.444089 0.757725
4 0.394409 0.56285 0.39607 0.525401 0.374891 0.522414 0.37323 0.559863 0.736756
4 0.39841 0.360567 0.399721 0.331262 0.3836 0.32897 0.38229 0.358275 0.662377
4 0.380951 0.657414 0.382778 0.625225 0.364282 0.621887 0.362456 0.654076 0.571118
4 0.342386 0.581847 0.343882 0.552123 0.327523 0.549504 0.326027 0.579228 0.39865
0 0.376191 0.55429 0.379253 0.511496 0.357257 0.50649 0.354194 0.549283 0.318368
