4 0.367439 0.565694 0.368239 0.536846 0.350648 0.535296 0.349849 0.564144 0.943288
4 0.337288 0.471656 0.33936 0.443493 0.323439 0.439768 0.321367 0.467931 0.905161
4 0.358665 0.446899 0.360236 0.41931 0.344705 0.416497 0.343134 0.444086 0.785183
4 0.380625 0.6587 0.383095 0.626855 0.365379 0.622486 0.36291 0.65433 0.748308
4 0.398605 0.360518 0.399853 0.331203 0.383658 0.329009 0.382409 0.358324 0.732192
4 0.342785 0.581248 0.343922 0.551347 0.327251 0.549331 0.326114 0.579232 0.579381
0 0.455516 0.62621 0.459407 0.587555 0.43867 0.580918 0.434779 0.619572 0.563519
4 0.477723 0.6309 0.479143 0.596254 0.461896 0.594006 0.460476 0.628651 0.559774
4 0.370689 0.615859 0.373072 0.587906 0.355785 0.583218 0.353401 0.611171 0.460436
4 0.367439 0.565694 0.368239 0.536846 0.350648 0.535296 0.349849 0.564144 0.943288
4 0.337288 0.471656 0.33936 0.443493 0.323439 0.439768 0.321367 0.467931 0.905161
4 0.358665 0.446899 0.360236 0.41931 0.344705 0.416497 0.343134 0.444086 0.785183
4 0.380625 0.6587 0.383095 0.626855 0.365379 0.622486 0.36291 0.65433 0.748308
4 0.398605 0.360518 0.399853 0.331203 0.383658 0.329009 0.382409 0.358324 0.732192
4 0.342785 0.581248 0.343922 0.551347 0.327251 0.549331 0.326114 0.579232 0.579381
0 0.455516 0.62621 0.459407 0.587555 0.43867 0.580918 0.434779 0.619572 0.563519
4 0.477723 0.6309 0.479143 0.596254 0.461896 0.594006 0.460476 0.628651 0.559774
4 0.370689 0.615859 0.373072 0.587906 0.355785 0.583218 0.353401 0.611171 0.460436
