4 0.361596 0.497593 0.363044 0.469282 0.346563 0.4666 0.345115 0.494912 0.942968
0 0.401022 0.676069 0.405809 0.637441 0.386653 0.629891 0.381866 0.668519 0.792244
4 0.336458 0.473375 0.337477 0.444395 0.321161 0.44257 0.320142 0.47155 0.495704
4 0.331064 0.497912 0.33328 0.457989 0.310464 0.453962 0.308248 0.493885 0.495524
4 0.426069 0.683434 0.428713 0.655073 0.411017 0.649826 0.408373 0.678187 0.487441
4 0.341415 0.585018 0.344876 0.553514 0.327628 0.547488 0.324167 0.578992 0.372506
4 0.361596 0.497593 0.363044 0.469282 0.346563 0.4666 0.345115 0.494912 0.942968
0 0.401022 0.676069 0.405809 0.637441 0.386653 0.629891 0.381866 0.668519 0.792244
4 0.336458 0.473375 0.337477 0.444395 0.321161 0.44257 0.320142 0.47155 0.495704
4 0.331064 0.497912 0.33328 0.457989 0.310464 0.453962 0.308248 0.493885 0.495524
4 0.426069 0.683434 0.428713 0.655073 0.411017 0.649826 0.408373 0.678187 0.487441
4 0.341415 0.585018 0.344876 0.553514 0.327628 0.547488 0.324167 0.578992 0.372506
