4 0.201735 0.39253 0.203656 0.362242 0.185818 0.358644 0.183897 0.388932 0.917947
4 0.303089 0.244586 0.305172 0.21346 0.287945 0.209793 0.285862 0.24092 0.8733
4 0.501067 0.47436 0.502075 0.447348 0.485679 0.445402 0.484671 0.472414 0.860122
4 0.435209 0.304551 0.437282 0.2759 0.421491 0.272267 0.419419 0.300918 0.838496
0 0.401022 0.63873 0.403946 0.601133 0.383957 0.596189 0.381033 0.633785 0.579623
4 0.417849 0.665772 0.420148 0.633666 0.400044 0.629089 0.397746 0.661195 0.562333
4 0.362008 0.841891 0.36373 0.813388 0.347525 0.810275 0.345803 0.838779 0.482885
4 0.168542 0.580301 0.171064 0.5484 0.153072 0.543875 0.15055 0.575776 0.37789
4 0.244062 0.759536 0.246332 0.728516 0.229591 0.724619 0.227321 0.755638 0.372281
4 0.201735 0.39253 0.203656 0.362242 0.185818 0.358644 0.183897 0.388932 0.917947
4 0.303089 0.244586 0.305172 0.21346 0.287945 0.209793 0.285862 0.24092 0.8733
4 0.501067 0.47436 0.502075 0.447348 0.485679 0.445402 0.484671 0.472414 0.860122
4 0.435209 0.304551 0.437282 0.2759 0.421491 0.272267 0.419419 0.300918 0.838496
0 0.401022 0.63873 0.403946 0.601133 0.383957 0.596189 0.381033 0.633785 0.579623
4 0.417849 0.665772 0.420148 0.633666 0.400044 0.629089 0.397746 0.661195 0.562333
4 0.362008 0.841891 0.36373 0.813388 0.347525 0.810275 0.345803 0.838779 0.482885
4 0.168542 0.580301 0.171064 0.5484 0.153072 0.543875 0.15055 0.575776 0.37789
4 0.244062 0.759536 0.246332 0.728516 0.229591 0.724619 0.227321 0.755638 0.372281
