4 0.201731 0.39279 0.203579 0.362609 0.185914 0.359169 0.184066 0.389351 0.924621
4 0.402126 0.433739 0.404561 0.405038 0.387754 0.400502 0.385319 0.429204 0.918596
4 0.501231 0.474516 0.502198 0.447522 0.485929 0.44567 0.484963 0.472664 0.872626
4 0.303271 0.244489 0.305428 0.213155 0.28779 0.209294 0.285634 0.240629 0.872606
4 0.435257 0.304563 0.43742 0.275629 0.421366 0.271812 0.419203 0.300746 0.845271
4 0.337616 0.55672 0.339959 0.52254 0.320368 0.51827 0.318026 0.55245 0.802734
0 0.4439 0.439834 0.446116 0.403917 0.428103 0.400382 0.425887 0.4363 0.615908
4 0.361925 0.841507 0.363506 0.813583 0.347672 0.810732 0.346091 0.838656 0.486373
4 0.244239 0.759408 0.246529 0.728221 0.229729 0.724296 0.227438 0.755483 0.433805
4 0.168604 0.580276 0.171089 0.548093 0.152851 0.543613 0.150365 0.575796 0.374883
4 0.201731 0.39279 0.203579 0.362609 0.185914 0.359169 0.184066 0.389351 0.924621
4 0.402126 0.433739 0.404561 0.405038 0.387754 0.400502 0.385319 0.429204 0.918596
4 0.501231 0.474516 0.502198 0.447522 0.485929 0.44567 0.484963 0.472664 0.872626
4 0.303271 0.244489 0.305428 0.213155 0.28779 0.209294 0.285634 0.240629 0.872606
4 0.435257 0.304563 0.43742 0.275629 0.421366 0.271812 0.419203 0.300746 0.845271
4 0.337616 0.55672 0.339959 0.52254 0.320368 0.51827 0.318026 0.55245 0.802734
0 0.4439 0.439834 0.446116 0.403917 0.428103 0.400382 0.425887 0.4363 0.615908
4 0.361925 0.841507 0.363506 0.813583 0.347672 0.810732 0.346091 0.838656 0.486373
4 0.244239 0.759408 0.246529 0.728221 0.229729 0.724296 0.227438 0.755483 0.433805
4 0.168604 0.580276 0.171089 0.548093 0.152851 0.543613 0.150365 0.575796 0.374883
