4 0.201971 0.392374 0.203794 0.362158 0.186041 0.358751 0.184218 0.388967 0.927235
4 0.303246 0.244548 0.305277 0.213406 0.287917 0.209805 0.285886 0.240947 0.876151
4 0.501089 0.474606 0.502125 0.447579 0.485876 0.445597 0.48484 0.472624 0.851447
4 0.435183 0.304752 0.437325 0.275992 0.421453 0.272233 0.419311 0.300993 0.834154
4 0.407353 0.641246 0.408238 0.611548 0.389656 0.609788 0.388771 0.639485 0.758375
0 0.389552 0.620278 0.392771 0.578697 0.371199 0.573384 0.367979 0.614965 0.507246
4 0.361945 0.841697 0.363611 0.81367 0.34772 0.810665 0.346053 0.838692 0.472022
4 0.244113 0.759643 0.246475 0.728499 0.229673 0.724446 0.22731 0.75559 0.378193
4 0.168531 0.580388 0.17116 0.54837 0.153086 0.54365 0.150457 0.575669 0.348089
4 0.201971 0.392374 0.203794 0.362158 0.186041 0.358751 0.184218 0.388967 0.927235
4 0.303246 0.244548 0.305277 0.213406 0.287917 0.209805 0.285886 0.240947 0.876151
4 0.501089 0.474606 0.502125 0.447579 0.485876 0.445597 0.48484 0.472624 0.851447
4 0.435183 0.304752 0.437325 0.275992 0.421453 0.272233 0.419311 0.300993 0.834154
4 0.407353 0.641246 0.408238 0.611548 0.389656 0.609788 0.388771 0.639485 0.758375
0 0.389552 0.620278 0.392771 0.578697 0.371199 0.573384 0.367979 0.614965 0.507246
4 0.361945 0.841697 0.363611 0.81367 0.34772 0.810665 0.346053 0.838692 0.472022
4 0.244113 0.759643 0.246475 0.728499 0.229673 0.724446 0.22731 0.75559 0.378193
4 0.168531 0.580388 0.17116 0.54837 0.153086 0.54365 0.150457 0.575669 0.348089
