4 0.40213 0.433938 0.404672 0.405726 0.388005 0.40095 0.385463 0.429161 0.931811
4 0.201818 0.392602 0.203667 0.3624 0.185885 0.358937 0.184036 0.389139 0.930035
4 0.303237 0.244708 0.305476 0.213244 0.287865 0.209258 0.285625 0.240721 0.875729
4 0.501312 0.474239 0.502249 0.447453 0.486039 0.445649 0.485102 0.472436 0.870329
4 0.435279 0.304648 0.437485 0.275755 0.421464 0.271863 0.419257 0.300756 0.841341
4 0.337835 0.556837 0.340117 0.522643 0.32044 0.518467 0.318158 0.55266 0.795402
0 0.448308 0.447156 0.450584 0.410983 0.431606 0.407185 0.42933 0.443359 0.696919
4 0.362011 0.841548 0.36351 0.813516 0.347702 0.810827 0.346202 0.838859 0.482927
4 0.244181 0.759343 0.246519 0.728201 0.229666 0.724177 0.227328 0.75532 0.436267
4 0.168962 0.583027 0.171323 0.550749 0.154257 0.546779 0.151897 0.579057 0.380141
4 0.40213 0.433938 0.404672 0.405726 0.388005 0.40095 0.385463 0.429161 0.931811
4 0.201818 0.392602 0.203667 0.3624 0.185885 0.358937 0.184036 0.389139 0.930035
4 0.303237 0.244708 0.305476 0.213244 0.287865 0.209258 0.285625 0.240721 0.875729
4 0.501312 0.474239 0.502249 0.447453 0.486039 0.445649 0.485102 0.472436 0.870329
4 0.435279 0.304648 0.437485 0.275755 0.421464 0.271863 0.419257 0.300756 0.841341
4 0.337835 0.556837 0.340117 0.522643 0.32044 0.518467 0.318158 0.55266 0.795402
0 0.448308 0.447156 0.450584 0.410983 0.431606 0.407185 0.42933 0.443359 0.696919
4 0.362011 0.841548 0.36351 0.813516 0.347702 0.810827 0.346202 0.838859 0.482927
4 0.244181 0.759343 0.246519 0.728201 0.229666 0.724177 0.227328 0.75532 0.436267
4 0.168962 0.583027 0.171323 0.550749 0.154257 0.546779 0.151897 0.579057 0.380141
