4 0.201742 0.392514 0.203653 0.362389 0.185967 0.358821 0.184057 0.388947 0.923254
4 0.501217 0.474656 0.502195 0.447644 0.485814 0.445757 0.484835 0.472768 0.881596
4 0.303194 0.244509 0.305315 0.213291 0.288016 0.209553 0.285895 0.240771 0.875837
4 0.401288 0.432976 0.403207 0.404621 0.387148 0.401165 0.385229 0.429519 0.861731
4 0.435165 0.304287 0.437406 0.275656 0.421456 0.271684 0.419214 0.300315 0.82619
4 0.337715 0.556726 0.339936 0.522645 0.320383 0.518592 0.318162 0.552673 0.799925
0 0.443762 0.455994 0.447115 0.418545 0.428255 0.413174 0.424902 0.450624 0.703169
4 0.361988 0.841387 0.363436 0.813275 0.347506 0.810665 0.346058 0.838776 0.494421
4 0.168494 0.580475 0.171058 0.548306 0.15303 0.543737 0.150466 0.575906 0.348974
4 0.244191 0.75971 0.24648 0.728486 0.22982 0.724603 0.227531 0.755826 0.343084
4 0.201742 0.392514 0.203653 0.362389 0.185967 0.358821 0.184057 0.388947 0.923254
4 0.501217 0.474656 0.502195 0.447644 0.485814 0.445757 0.484835 0.472768 0.881596
4 0.303194 0.244509 0.305315 0.213291 0.288016 0.209553 0.285895 0.240771 0.875837
4 0.401288 0.432976 0.403207 0.404621 0.387148 0.401165 0.385229 0.429519 0.861731
4 0.435165 0.304287 0.437406 0.275656 0.421456 0.271684 0.419214 0.300315 0.82619
4 0.337715 0.556726 0.339936 0.522645 0.320383 0.518592 0.318162 0.552673 0.799925
0 0.443762 0.455994 0.447115 0.418545 0.428255 0.413174 0.424902 0.450624 0.703169
4 0.361988 0.841387 0.363436 0.813275 0.347506 0.810665 0.346058 0.838776 0.494421
4 0.168494 0.580475 0.171058 0.548306 0.15303 0.543737 0.150466 0.575906 0.348974
4 0.244191 0.75971 0.24648 0.728486 0.22982 0.724603 0.227531 0.755826 0.343084
