4 0.20181 0.392779 0.203726 0.362533 0.185881 0.358938 0.183965 0.389184 0.920346
4 0.303244 0.244553 0.305315 0.213122 0.287903 0.209473 0.285832 0.240905 0.883768
4 0.501197 0.474827 0.502216 0.447711 0.485986 0.445771 0.484966 0.472887 0.869457
4 0.435092 0.304911 0.437331 0.275708 0.421291 0.271797 0.419052 0.301 0.847586
4 0.439054 0.708233 0.441 0.678591 0.423566 0.674951 0.42162 0.704594 0.758947
0 0.423074 0.681941 0.427204 0.644854 0.407041 0.637714 0.402912 0.674801 0.713449
4 0.430373 0.608869 0.431033 0.580142 0.41511 0.578979 0.41445 0.607706 0.512687
4 0.362002 0.841666 0.363458 0.813587 0.34758 0.810968 0.346123 0.839046 0.4799
4 0.244253 0.759726 0.246607 0.728291 0.229668 0.724256 0.227313 0.755692 0.385632
4 0.16857 0.580379 0.171174 0.548286 0.15308 0.543617 0.150476 0.575711 0.363453
4 0.20181 0.392779 0.203726 0.362533 0.185881 0.358938 0.183965 0.389184 0.920346
4 0.303244 0.244553 0.305315 0.213122 0.287903 0.209473 0.285832 0.240905 0.883768
4 0.501197 0.474827 0.502216 0.447711 0.485986 0.445771 0.484966 0.472887 0.869457
4 0.435092 0.304911 0.437331 0.275708 0.421291 0.271797 0.419052 0.301 0.847586
4 0.439054 0.708233 0.441 0.678591 0.423566 0.674951 0.42162 0.704594 0.758947
0 0.423074 0.681941 0.427204 0.644854 0.407041 0.637714 0.402912 0.674801 0.713449
4 0.430373 0.608869 0.431033 0.580142 0.41511 0.578979 0.41445 0.607706 0.512687
4 0.362002 0.841666 0.363458 0.813587 0.34758 0.810968 0.346123 0.839046 0.4799
4 0.244253 0.759726 0.246607 0.728291 0.229668 0.724256 0.227313 0.755692 0.385632
4 0.16857 0.580379 0.171174 0.548286 0.15308 0.543617 0.150476 0.575711 0.363453
