4 0.201801 0.392398 0.203673 0.362231 0.185916 0.358726 0.184044 0.388893 0.927392
4 0.401143 0.433214 0.403037 0.405022 0.387172 0.401633 0.385279 0.429826 0.883025
4 0.501293 0.474295 0.502247 0.447426 0.485881 0.44558 0.484928 0.472449 0.878407
4 0.303348 0.244773 0.305563 0.21308 0.287844 0.20914 0.285628 0.240833 0.872028
4 0.435201 0.304425 0.437327 0.275557 0.421257 0.271794 0.419131 0.300662 0.844522
0 0.446558 0.4393 0.447264 0.404459 0.428964 0.403281 0.428258 0.438121 0.797787
4 0.337754 0.5569 0.340112 0.522722 0.320536 0.518425 0.318177 0.552603 0.796918
4 0.36198 0.841421 0.363408 0.813601 0.347736 0.811044 0.346309 0.838865 0.494801
4 0.244141 0.759532 0.246393 0.728337 0.229712 0.724507 0.22746 0.755702 0.382428
4 0.168648 0.580304 0.171183 0.548328 0.15307 0.54376 0.150535 0.575737 0.372884
4 0.201801 0.392398 0.203673 0.362231 0.185916 0.358726 0.184044 0.388893 0.927392
4 0.401143 0.433214 0.403037 0.405022 0.387172 0.401633 0.385279 0.429826 0.883025
4 0.501293 0.474295 0.502247 0.447426 0.485881 0.44558 0.484928 0.472449 0.878407
4 0.303348 0.244773 0.305563 0.21308 0.287844 0.20914 0.285628 0.240833 0.872028
4 0.435201 0.304425 0.437327 0.275557 0.421257 0.271794 0.419131 0.300662 0.844522
0 0.446558 0.4393 0.447264 0.404459 0.428964 0.403281 0.428258 0.438121 0.797787
4 0.337754 0.5569 0.340112 0.522722 0.320536 0.518425 0.318177 0.552603 0.796918
4 0.36198 0.841421 0.363408 0.813601 0.347736 0.811044 0.346309 0.838865 0.494801
4 0.244141 0.759532 0.246393 0.728337 0.229712 0.724507 0.22746 0.755702 0.382428
4 0.168648 0.580304 0.171183 0.548328 0.15307 0.54376 0.150535 0.575737 0.372884
