4 0.361354 0.498357 0.36281 0.469827 0.346376 0.467159 0.344919 0.495689 0.944611
0 0.40219 0.663379 0.406334 0.621649 0.386366 0.615343 0.382222 0.657073 0.655132
4 0.42549 0.682373 0.427508 0.654064 0.41007 0.650109 0.408051 0.678417 0.606648
4 0.330959 0.498709 0.333398 0.458039 0.310433 0.453658 0.307993 0.494327 0.505029
4 0.336352 0.474287 0.337454 0.444143 0.320797 0.442205 0.319694 0.472349 0.370749
4 0.341289 0.585799 0.344909 0.553943 0.327574 0.547676 0.323953 0.579532 0.322846
4 0.361354 0.498357 0.36281 0.469827 0.346376 0.467159 0.344919 0.495689 0.944611
0 0.40219 0.663379 0.406334 0.621649 0.386366 0.615343 0.382222 0.657073 0.655132
4 0.42549 0.682373 0.427508 0.654064 0.41007 0.650109 0.408051 0.678417 0.606648
4 0.330959 0.498709 0.333398 0.458039 0.310433 0.453658 0.307993 0.494327 0.505029
4 0.336352 0.474287 0.337454 0.444143 0.320797 0.442205 0.319694 0.472349 0.370749
4 0.341289 0.585799 0.344909 0.553943 0.327574 0.547676 0.323953 0.579532 0.322846
