4 0.201904 0.392673 0.203766 0.362556 0.186079 0.359079 0.184217 0.389196 0.920205
4 0.401872 0.433181 0.403267 0.404625 0.387048 0.402104 0.385652 0.43066 0.903359
4 0.303327 0.244889 0.30544 0.213218 0.287898 0.209496 0.285785 0.241167 0.884924
4 0.501257 0.474197 0.50214 0.44706 0.485527 0.44534 0.484644 0.472477 0.879363
4 0.435309 0.304896 0.43739 0.275813 0.421231 0.272136 0.419151 0.301219 0.835795
0 0.442147 0.457648 0.445827 0.421219 0.426346 0.41496 0.422666 0.451389 0.80356
4 0.33762 0.556815 0.339965 0.52267 0.320442 0.518406 0.318097 0.552551 0.796171
4 0.361992 0.841641 0.363552 0.813431 0.347608 0.810626 0.346047 0.838837 0.50665
4 0.24421 0.759372 0.246518 0.728307 0.229872 0.724373 0.227564 0.755439 0.416115
4 0.168522 0.58049 0.171175 0.548367 0.153088 0.543617 0.150436 0.575741 0.332631
4 0.201904 0.392673 0.203766 0.362556 0.186079 0.359079 0.184217 0.389196 0.920205
4 0.401872 0.433181 0.403267 0.404625 0.387048 0.402104 0.385652 0.43066 0.903359
4 0.303327 0.244889 0.30544 0.213218 0.287898 0.209496 0.285785 0.241167 0.884924
4 0.501257 0.474197 0.50214 0.44706 0.485527 0.44534 0.484644 0.472477 0.879363
4 0.435309 0.304896 0.43739 0.275813 0.421231 0.272136 0.419151 0.301219 0.835795
0 0.442147 0.457648 0.445827 0.421219 0.426346 0.41496 0.422666 0.451389 0.80356
4 0.33762 0.556815 0.339965 0.52267 0.320442 0.518406 0.318097 0.552551 0.796171
4 0.361992 0.841641 0.363552 0.813431 0.347608 0.810626 0.346047 0.838837 0.50665
4 0.24421 0.759372 0.246518 0.728307 0.229872 0.724373 0.227564 0.755439 0.416115
4 0.168522 0.58049 0.171175 0.548367 0.153088 0.543617 0.150436 0.575741 0.332631
