4 0.201833 0.392628 0.203724 0.362325 0.18598 0.358804 0.184089 0.389107 0.920105
4 0.401071 0.433803 0.403101 0.405061 0.387119 0.401472 0.38509 0.430215 0.87572
4 0.303208 0.245075 0.305526 0.21319 0.287647 0.209056 0.285329 0.240941 0.87045
4 0.501221 0.474587 0.502191 0.447479 0.485977 0.445635 0.485008 0.472742 0.867134
0 0.439468 0.44465 0.441277 0.410128 0.42236 0.406976 0.420552 0.441498 0.830519
4 0.435237 0.304498 0.43738 0.275884 0.421494 0.2721 0.419351 0.300713 0.830238
4 0.337712 0.556546 0.339899 0.522731 0.320368 0.518714 0.318181 0.552529 0.816959
4 0.422322 0.388839 0.424843 0.356204 0.408143 0.352102 0.405622 0.384736 0.535685
4 0.361965 0.841554 0.363448 0.813604 0.347656 0.810939 0.346173 0.838889 0.487646
4 0.168991 0.582753 0.171233 0.550583 0.154228 0.546813 0.151986 0.578984 0.4208
4 0.244158 0.759382 0.246449 0.728162 0.229727 0.724259 0.227436 0.75548 0.415145
4 0.201833 0.392628 0.203724 0.362325 0.18598 0.358804 0.184089 0.389107 0.920105
4 0.401071 0.433803 0.403101 0.405061 0.387119 0.401472 0.38509 0.430215 0.87572
4 0.303208 0.245075 0.305526 0.21319 0.287647 0.209056 0.285329 0.240941 0.87045
4 0.501221 0.474587 0.502191 0.447479 0.485977 0.445635 0.485008 0.472742 0.867134
0 0.439468 0.44465 0.441277 0.410128 0.42236 0.406976 0.420552 0.441498 0.830519
4 0.435237 0.304498 0.43738 0.275884 0.421494 0.2721 0.419351 0.300713 0.830238
4 0.337712 0.556546 0.339899 0.522731 0.320368 0.518714 0.318181 0.552529 0.816959
4 0.422322 0.388839 0.424843 0.356204 0.408143 0.352102 0.405622 0.384736 0.535685
4 0.361965 0.841554 0.363448 0.813604 0.347656 0.810939 0.346173 0.838889 0.487646
4 0.168991 0.582753 0.171233 0.550583 0.154228 0.546813 0.151986 0.578984 0.4208
4 0.244158 0.759382 0.246449 0.728162 0.229727 0.724259 0.227436 0.75548 0.415145
