4 0.20186 0.39267 0.203772 0.362378 0.185905 0.358793 0.183994 0.389084 0.922738
4 0.303229 0.244615 0.305312 0.213161 0.287836 0.209481 0.285754 0.240936 0.884512
4 0.501167 0.474289 0.502148 0.447308 0.48589 0.445428 0.484909 0.472409 0.859555
4 0.435131 0.305024 0.437343 0.275734 0.421265 0.271873 0.419053 0.301163 0.850887
4 0.43708 0.706257 0.439113 0.677174 0.422566 0.673497 0.420533 0.70258 0.602537
0 0.420552 0.677236 0.424196 0.639703 0.404722 0.633689 0.401078 0.671222 0.523256
4 0.361951 0.84163 0.36348 0.813615 0.347582 0.810856 0.346053 0.838871 0.481663
4 0.430207 0.609216 0.430923 0.580524 0.415159 0.579272 0.414442 0.607964 0.453843
4 0.244086 0.759251 0.246349 0.728262 0.229671 0.724388 0.227408 0.755378 0.402086
4 0.168573 0.580384 0.17119 0.548478 0.153195 0.543784 0.150578 0.57569 0.349258
4 0.20186 0.39267 0.203772 0.362378 0.185905 0.358793 0.183994 0.389084 0.922738
4 0.303229 0.244615 0.305312 0.213161 0.287836 0.209481 0.285754 0.240936 0.884512
4 0.501167 0.474289 0.502148 0.447308 0.48589 0.445428 0.484909 0.472409 0.859555
4 0.435131 0.305024 0.437343 0.275734 0.421265 0.271873 0.419053 0.301163 0.850887
4 0.43708 0.706257 0.439113 0.677174 0.422566 0.673497 0.420533 0.70258 0.602537
0 0.420552 0.677236 0.424196 0.639703 0.404722 0.633689 0.401078 0.671222 0.523256
4 0.361951 0.84163 0.36348 0.813615 0.347582 0.810856 0.346053 0.838871 0.481663
4 0.430207 0.609216 0.430923 0.580524 0.415159 0.579272 0.414442 0.607964 0.453843
4 0.244086 0.759251 0.246349 0.728262 0.229671 0.724388 0.227408 0.755378 0.402086
4 0.168573 0.580384 0.17119 0.548478 0.153195 0.543784 0.150578 0.57569 0.349258
