4 0.201713 0.392503 0.203606 0.362466 0.185981 0.358933 0.184088 0.38897 0.921957
4 0.303318 0.244778 0.305334 0.21339 0.287905 0.209831 0.28589 0.241219 0.87713
4 0.501041 0.474435 0.502055 0.447459 0.485833 0.44552 0.484819 0.472496 0.856719
4 0.43511 0.304875 0.43724 0.276067 0.421345 0.272329 0.419214 0.301137 0.845793
0 0.412298 0.663096 0.416829 0.623711 0.396417 0.616244 0.391887 0.655629 0.772818
4 0.427855 0.687154 0.430511 0.656663 0.411473 0.651389 0.408817 0.681881 0.711874
4 0.36198 0.841673 0.363596 0.813683 0.347672 0.810758 0.346056 0.838748 0.478871
4 0.168766 0.580678 0.171388 0.548446 0.153257 0.543755 0.150635 0.575987 0.387843
4 0.244149 0.759445 0.246569 0.728114 0.229839 0.724004 0.227419 0.755334 0.375741
4 0.201713 0.392503 0.203606 0.362466 0.185981 0.358933 0.184088 0.38897 0.921957
4 0.303318 0.244778 0.305334 0.21339 0.287905 0.209831 0.28589 0.241219 0.87713
4 0.501041 0.474435 0.502055 0.447459 0.485833 0.44552 0.484819 0.472496 0.856719
4 0.43511 0.304875 0.43724 0.276067 0.421345 0.272329 0.419214 0.301137 0.845793
0 0.412298 0.663096 0.416829 0.623711 0.396417 0.616244 0.391887 0.655629 0.772818
4 0.427855 0.687154 0.430511 0.656663 0.411473 0.651389 0.408817 0.681881 0.711874
4 0.36198 0.841673 0.363596 0.813683 0.347672 0.810758 0.346056 0.838748 0.478871
4 0.168766 0.580678 0.171388 0.548446 0.153257 0.543755 0.150635 0.575987 0.387843
4 0.244149 0.759445 0.246569 0.728114 0.229839 0.724004 0.227419 0.755334 0.375741
