0 0.288549 0.344268 0.292506 0.305851 0.271084 0.298835 0.267127 0.337252 0.942146
4 0.391211 0.546455 0.39257 0.519189 0.375599 0.516499 0.37424 0.543765 0.866075
4 0.242846 0.308224 0.245226 0.276755 0.227905 0.272589 0.225525 0.304059 0.803541
4 0.419396 0.704363 0.420821 0.67409 0.403062 0.671432 0.401637 0.701705 0.732052
4 0.398494 0.360499 0.399704 0.331455 0.38374 0.329339 0.382529 0.358383 0.719555
4 0.338366 0.576087 0.340356 0.547656 0.324078 0.544033 0.322089 0.572464 0.67108
4 0.482057 0.637356 0.4846 0.605021 0.46689 0.600593 0.464348 0.632928 0.597061
4 0.476606 0.625098 0.478297 0.590367 0.460934 0.587678 0.459243 0.622409 0.514408
0 0.288549 0.344268 0.292506 0.305851 0.271084 0.298835 0.267127 0.337252 0.942146
4 0.391211 0.546455 0.39257 0.519189 0.375599 0.516499 0.37424 0.543765 0.866075
4 0.242846 0.308224 0.245226 0.276755 0.227905 0.272589 0.225525 0.304059 0.803541
4 0.419396 0.704363 0.420821 0.67409 0.403062 0.671432 0.401637 0.701705 0.732052
4 0.398494 0.360499 0.399704 0.331455 0.38374 0.329339 0.382529 0.358383 0.719555
4 0.338366 0.576087 0.340356 0.547656 0.324078 0.544033 0.322089 0.572464 0.67108
4 0.482057 0.637356 0.4846 0.605021 0.46689 0.600593 0.464348 0.632928 0.597061
4 0.476606 0.625098 0.478297 0.590367 0.460934 0.587678 0.459243 0.622409 0.514408
