4 0.201668 0.392702 0.203509 0.362525 0.185831 0.359096 0.18399 0.389272 0.924467
4 0.303335 0.24492 0.305487 0.21314 0.287886 0.209351 0.285734 0.241132 0.876467
4 0.501344 0.474704 0.502393 0.447366 0.485856 0.445349 0.484807 0.472687 0.86409
4 0.402019 0.432774 0.402956 0.404464 0.387419 0.402829 0.386482 0.431138 0.851427
4 0.435235 0.304857 0.437381 0.275987 0.421404 0.27221 0.419258 0.30108 0.83781
4 0.337594 0.556801 0.339895 0.522704 0.320396 0.51852 0.318096 0.552617 0.809686
0 0.447178 0.451903 0.449295 0.416854 0.430494 0.413243 0.428377 0.448291 0.660465
4 0.361902 0.841686 0.363537 0.813736 0.347731 0.810794 0.346095 0.838745 0.472819
4 0.24424 0.759404 0.246502 0.728467 0.229862 0.724597 0.2276 0.755534 0.413476
4 0.168557 0.5804 0.171176 0.548336 0.1531 0.543639 0.15048 0.575704 0.335645
4 0.201668 0.392702 0.203509 0.362525 0.185831 0.359096 0.18399 0.389272 0.924467
4 0.303335 0.24492 0.305487 0.21314 0.287886 0.209351 0.285734 0.241132 0.876467
4 0.501344 0.474704 0.502393 0.447366 0.485856 0.445349 0.484807 0.472687 0.86409
4 0.402019 0.432774 0.402956 0.404464 0.387419 0.402829 0.386482 0.431138 0.851427
4 0.435235 0.304857 0.437381 0.275987 0.421404 0.27221 0.419258 0.30108 0.83781
4 0.337594 0.556801 0.339895 0.522704 0.320396 0.51852 0.318096 0.552617 0.809686
0 0.447178 0.451903 0.449295 0.416854 0.430494 0.413243 0.428377 0.448291 0.660465
4 0.361902 0.841686 0.363537 0.813736 0.347731 0.810794 0.346095 0.838745 0.472819
4 0.24424 0.759404 0.246502 0.728467 0.229862 0.724597 0.2276 0.755534 0.413476
4 0.168557 0.5804 0.171176 0.548336 0.1531 0.543639 0.15048 0.575704 0.335645
