4 0.391284 0.546428 0.392686 0.519153 0.375852 0.516401 0.37445 0.543677 0.868477
0 0.253753 0.344665 0.256085 0.302967 0.233848 0.299011 0.231516 0.34071 0.769757
4 0.338387 0.575811 0.34005 0.547852 0.324182 0.544849 0.322518 0.572809 0.691396
4 0.419351 0.704194 0.421027 0.673749 0.403317 0.67065 0.401641 0.701094 0.644888
4 0.397511 0.360407 0.399546 0.330038 0.383102 0.326533 0.381067 0.356903 0.627149
4 0.481957 0.637134 0.48459 0.604682 0.466739 0.600076 0.464107 0.632528 0.571377
4 0.131164 0.238126 0.132751 0.204473 0.110829 0.201186 0.109242 0.23484 0.419791
4 0.241323 0.311812 0.244783 0.28275 0.227506 0.276207 0.224045 0.30527 0.250314
4 0.391284 0.546428 0.392686 0.519153 0.375852 0.516401 0.37445 0.543677 0.868477
0 0.253753 0.344665 0.256085 0.302967 0.233848 0.299011 0.231516 0.34071 0.769757
4 0.338387 0.575811 0.34005 0.547852 0.324182 0.544849 0.322518 0.572809 0.691396
4 0.419351 0.704194 0.421027 0.673749 0.403317 0.67065 0.401641 0.701094 0.644888
4 0.397511 0.360407 0.399546 0.330038 0.383102 0.326533 0.381067 0.356903 0.627149
4 0.481957 0.637134 0.48459 0.604682 0.466739 0.600076 0.464107 0.632528 0.571377
4 0.131164 0.238126 0.132751 0.204473 0.110829 0.201186 0.109242 0.23484 0.419791
4 0.241323 0.311812 0.244783 0.28275 0.227506 0.276207 0.224045 0.30527 0.250314
