4 0.391502 0.546225 0.39279 0.519038 0.375832 0.516482 0.374544 0.543669 0.878456
0 0.253279 0.343953 0.255714 0.3029 0.233691 0.298745 0.231256 0.339798 0.779928
4 0.338402 0.575664 0.34016 0.547674 0.324077 0.544462 0.322319 0.572451 0.696511
4 0.398645 0.360408 0.399874 0.330861 0.383843 0.32874 0.382614 0.358288 0.687477
4 0.419363 0.704052 0.420885 0.673502 0.403121 0.670688 0.401599 0.701238 0.667594
4 0.481919 0.637058 0.484445 0.604554 0.466599 0.600143 0.464073 0.632647 0.519859
4 0.241431 0.310737 0.244252 0.282683 0.227921 0.277462 0.225101 0.305516 0.429328
4 0.391502 0.546225 0.39279 0.519038 0.375832 0.516482 0.374544 0.543669 0.878456
0 0.253279 0.343953 0.255714 0.3029 0.233691 0.298745 0.231256 0.339798 0.779928
4 0.338402 0.575664 0.34016 0.547674 0.324077 0.544462 0.322319 0.572451 0.696511
4 0.398645 0.360408 0.399874 0.330861 0.383843 0.32874 0.382614 0.358288 0.687477
4 0.419363 0.704052 0.420885 0.673502 0.403121 0.670688 0.401599 0.701238 0.667594
4 0.481919 0.637058 0.484445 0.604554 0.466599 0.600143 0.464073 0.632647 0.519859
4 0.241431 0.310737 0.244252 0.282683 0.227921 0.277462 0.225101 0.305516 0.429328
