4 0.201743 0.39258 0.203582 0.362426 0.185974 0.359011 0.184135 0.389165 0.924187
4 0.401624 0.433502 0.403039 0.404995 0.386758 0.402425 0.385343 0.430932 0.906126
4 0.30333 0.244784 0.305467 0.213407 0.28795 0.209613 0.285813 0.24099 0.880717
4 0.501393 0.474302 0.50228 0.447282 0.485892 0.445571 0.485005 0.472591 0.877354
4 0.435274 0.304806 0.43746 0.275773 0.421224 0.271886 0.419039 0.300919 0.833094
0 0.442036 0.457425 0.445606 0.420943 0.426177 0.414895 0.422606 0.451376 0.830894
4 0.337606 0.556908 0.340077 0.522761 0.320501 0.518255 0.31803 0.552402 0.806655
4 0.361917 0.8416 0.363524 0.813752 0.347744 0.810856 0.346137 0.838704 0.475133
4 0.168931 0.582865 0.171207 0.55063 0.154226 0.546817 0.15195 0.579051 0.399552
4 0.244165 0.759722 0.246515 0.728224 0.229656 0.724225 0.227306 0.755723 0.3343
4 0.434299 0.395455 0.437015 0.360826 0.419615 0.356485 0.416898 0.391114 0.252065
4 0.201743 0.39258 0.203582 0.362426 0.185974 0.359011 0.184135 0.389165 0.924187
4 0.401624 0.433502 0.403039 0.404995 0.386758 0.402425 0.385343 0.430932 0.906126
4 0.30333 0.244784 0.305467 0.213407 0.28795 0.209613 0.285813 0.24099 0.880717
4 0.501393 0.474302 0.50228 0.447282 0.485892 0.445571 0.485005 0.472591 0.877354
4 0.435274 0.304806 0.43746 0.275773 0.421224 0.271886 0.419039 0.300919 0.833094
0 0.442036 0.457425 0.445606 0.420943 0.426177 0.414895 0.422606 0.451376 0.830894
4 0.337606 0.556908 0.340077 0.522761 0.320501 0.518255 0.31803 0.552402 0.806655
4 0.361917 0.8416 0.363524 0.813752 0.347744 0.810856 0.346137 0.838704 0.475133
4 0.168931 0.582865 0.171207 0.55063 0.154226 0.546817 0.15195 0.579051 0.399552
4 0.244165 0.759722 0.246515 0.728224 0.229656 0.724225 0.227306 0.755723 0.3343
4 0.434299 0.395455 0.437015 0.360826 0.419615 0.356485 0.416898 0.391114 0.252065
