4 0.361257 0.497963 0.362643 0.469677 0.346383 0.467143 0.344997 0.495429 0.946206
0 0.403508 0.678223 0.407354 0.640927 0.388816 0.634848 0.384971 0.672144 0.711789
4 0.425901 0.682605 0.428249 0.654819 0.411033 0.650192 0.408685 0.677978 0.56265
4 0.331356 0.497775 0.333478 0.457864 0.310551 0.453988 0.308429 0.493899 0.532619
4 0.336621 0.47345 0.337542 0.444258 0.321208 0.442619 0.320287 0.471811 0.473914
4 0.341288 0.585082 0.344802 0.553718 0.327684 0.547618 0.32417 0.578983 0.357977
4 0.361257 0.497963 0.362643 0.469677 0.346383 0.467143 0.344997 0.495429 0.946206
0 0.403508 0.678223 0.407354 0.640927 0.388816 0.634848 0.384971 0.672144 0.711789
4 0.425901 0.682605 0.428249 0.654819 0.411033 0.650192 0.408685 0.677978 0.56265
4 0.331356 0.497775 0.333478 0.457864 0.310551 0.453988 0.308429 0.493899 0.532619
4 0.336621 0.47345 0.337542 0.444258 0.321208 0.442619 0.320287 0.471811 0.473914
4 0.341288 0.585082 0.344802 0.553718 0.327684 0.547618 0.32417 0.578983 0.357977
