4 0.201933 0.392553 0.203766 0.362562 0.186069 0.359123 0.184236 0.389114 0.918239
4 0.303285 0.244335 0.305292 0.212977 0.287783 0.209414 0.285777 0.240772 0.869231
4 0.5011 0.474481 0.502164 0.447577 0.485988 0.445544 0.484925 0.472448 0.855522
4 0.435146 0.304788 0.437262 0.275977 0.421359 0.272262 0.419242 0.301073 0.842415
0 0.341881 0.546179 0.345462 0.508336 0.325923 0.502457 0.322342 0.5403 0.824557
4 0.362971 0.571669 0.364947 0.541253 0.347063 0.537558 0.345087 0.567974 0.772339
4 0.36187 0.841503 0.363526 0.813669 0.347761 0.810685 0.346105 0.838519 0.456819
4 0.168586 0.580147 0.17109 0.548311 0.153289 0.543858 0.150785 0.575694 0.374663
4 0.243912 0.759423 0.246324 0.728483 0.229765 0.724378 0.227353 0.755317 0.333075
4 0.469767 0.681151 0.471356 0.650703 0.455893 0.648136 0.454304 0.678585 0.285218
4 0.201933 0.392553 0.203766 0.362562 0.186069 0.359123 0.184236 0.389114 0.918239
4 0.303285 0.244335 0.305292 0.212977 0.287783 0.209414 0.285777 0.240772 0.869231
4 0.5011 0.474481 0.502164 0.447577 0.485988 0.445544 0.484925 0.472448 0.855522
4 0.435146 0.304788 0.437262 0.275977 0.421359 0.272262 0.419242 0.301073 0.842415
0 0.341881 0.546179 0.345462 0.508336 0.325923 0.502457 0.322342 0.5403 0.824557
4 0.362971 0.571669 0.364947 0.541253 0.347063 0.537558 0.345087 0.567974 0.772339
4 0.36187 0.841503 0.363526 0.813669 0.347761 0.810685 0.346105 0.838519 0.456819
4 0.168586 0.580147 0.17109 0.548311 0.153289 0.543858 0.150785 0.575694 0.374663
4 0.243912 0.759423 0.246324 0.728483 0.229765 0.724378 0.227353 0.755317 0.333075
4 0.469767 0.681151 0.471356 0.650703 0.455893 0.648136 0.454304 0.678585 0.285218
