4 0.402866 0.433781 0.40547 0.404715 0.387875 0.399702 0.385271 0.428768 0.931257
4 0.201854 0.392573 0.20377 0.362435 0.186111 0.358865 0.184196 0.389003 0.920698
4 0.303421 0.244753 0.305619 0.213443 0.288107 0.209534 0.285909 0.240843 0.875126
4 0.435213 0.304559 0.437415 0.275789 0.421466 0.271907 0.419264 0.300678 0.841617
4 0.501017 0.47473 0.502006 0.447335 0.485444 0.445434 0.484455 0.472828 0.84076
4 0.337757 0.556705 0.339986 0.522624 0.320438 0.518559 0.318209 0.55264 0.80274
0 0.451224 0.487618 0.453785 0.452673 0.434421 0.448161 0.431861 0.483106 0.533737
4 0.361995 0.84133 0.363364 0.813588 0.347609 0.811115 0.34624 0.838857 0.506116
4 0.168525 0.580209 0.170909 0.548329 0.152725 0.544004 0.150341 0.575884 0.368656
4 0.244059 0.759542 0.246499 0.728213 0.229758 0.724067 0.227318 0.755396 0.343412
4 0.402866 0.433781 0.40547 0.404715 0.387875 0.399702 0.385271 0.428768 0.931257
4 0.201854 0.392573 0.20377 0.362435 0.186111 0.358865 0.184196 0.389003 0.920698
4 0.303421 0.244753 0.305619 0.213443 0.288107 0.209534 0.285909 0.240843 0.875126
4 0.435213 0.304559 0.437415 0.275789 0.421466 0.271907 0.419264 0.300678 0.841617
4 0.501017 0.47473 0.502006 0.447335 0.485444 0.445434 0.484455 0.472828 0.84076
4 0.337757 0.556705 0.339986 0.522624 0.320438 0.518559 0.318209 0.55264 0.80274
0 0.451224 0.487618 0.453785 0.452673 0.434421 0.448161 0.431861 0.483106 0.533737
4 0.361995 0.84133 0.363364 0.813588 0.347609 0.811115 0.34624 0.838857 0.506116
4 0.168525 0.580209 0.170909 0.548329 0.152725 0.544004 0.150341 0.575884 0.368656
4 0.244059 0.759542 0.246499 0.728213 0.229758 0.724067 0.227318 0.755396 0.343412
