4 0.361415 0.497886 0.362877 0.469475 0.346452 0.466785 0.344989 0.495196 0.949221
0 0.404276 0.67593 0.408737 0.63774 0.389106 0.630448 0.384646 0.668639 0.69244
4 0.426006 0.683089 0.428497 0.654648 0.410899 0.649746 0.408408 0.678187 0.568343
4 0.330879 0.497936 0.333168 0.457929 0.310422 0.453791 0.308134 0.493798 0.532992
4 0.336444 0.4736 0.337411 0.444052 0.320938 0.442337 0.319971 0.471886 0.452464
4 0.341172 0.584891 0.34465 0.553732 0.327627 0.54769 0.32415 0.578849 0.345751
4 0.11795 0.263714 0.120898 0.229619 0.100135 0.22391 0.0971869 0.258004 0.251256
4 0.361415 0.497886 0.362877 0.469475 0.346452 0.466785 0.344989 0.495196 0.949221
0 0.404276 0.67593 0.408737 0.63774 0.389106 0.630448 0.384646 0.668639 0.69244
4 0.426006 0.683089 0.428497 0.654648 0.410899 0.649746 0.408408 0.678187 0.568343
4 0.330879 0.497936 0.333168 0.457929 0.310422 0.453791 0.308134 0.493798 0.532992
4 0.336444 0.4736 0.337411 0.444052 0.320938 0.442337 0.319971 0.471886 0.452464
4 0.341172 0.584891 0.34465 0.553732 0.327627 0.54769 0.32415 0.578849 0.345751
4 0.11795 0.263714 0.120898 0.229619 0.100135 0.22391 0.0971869 0.258004 0.251256
