4 0.201721 0.392596 0.203651 0.362267 0.185816 0.358658 0.183885 0.388987 0.924889
4 0.401629 0.434092 0.402743 0.4045 0.387279 0.402648 0.386164 0.43224 0.893509
4 0.30315 0.244493 0.305277 0.213283 0.28785 0.209506 0.285723 0.240717 0.871726
4 0.500972 0.474753 0.501986 0.44757 0.485983 0.445672 0.484969 0.472855 0.860368
4 0.435231 0.3048 0.437351 0.276023 0.421481 0.272304 0.419361 0.301081 0.839152
4 0.337637 0.556842 0.340063 0.522695 0.320524 0.51828 0.318098 0.552428 0.79328
0 0.431157 0.43655 0.434591 0.396401 0.413272 0.3906 0.409837 0.43075 0.550446
4 0.362 0.841663 0.363607 0.813493 0.347666 0.810601 0.346059 0.838771 0.464573
4 0.244116 0.759471 0.246362 0.72868 0.229791 0.724836 0.227544 0.755626 0.399316
4 0.168645 0.580406 0.17118 0.548209 0.153062 0.543672 0.150526 0.575868 0.333646
4 0.201721 0.392596 0.203651 0.362267 0.185816 0.358658 0.183885 0.388987 0.924889
4 0.401629 0.434092 0.402743 0.4045 0.387279 0.402648 0.386164 0.43224 0.893509
4 0.30315 0.244493 0.305277 0.213283 0.28785 0.209506 0.285723 0.240717 0.871726
4 0.500972 0.474753 0.501986 0.44757 0.485983 0.445672 0.484969 0.472855 0.860368
4 0.435231 0.3048 0.437351 0.276023 0.421481 0.272304 0.419361 0.301081 0.839152
4 0.337637 0.556842 0.340063 0.522695 0.320524 0.51828 0.318098 0.552428 0.79328
0 0.431157 0.43655 0.434591 0.396401 0.413272 0.3906 0.409837 0.43075 0.550446
4 0.362 0.841663 0.363607 0.813493 0.347666 0.810601 0.346059 0.838771 0.464573
4 0.244116 0.759471 0.246362 0.72868 0.229791 0.724836 0.227544 0.755626 0.399316
4 0.168645 0.580406 0.17118 0.548209 0.153062 0.543672 0.150526 0.575868 0.333646
