4 0.201755 0.392561 0.203661 0.362249 0.185961 0.358708 0.184055 0.38902 0.922425
4 0.501412 0.474399 0.502369 0.447327 0.485942 0.445481 0.484985 0.472552 0.878969
4 0.401312 0.433453 0.403306 0.405233 0.387178 0.401609 0.385184 0.429828 0.873212
4 0.303306 0.244793 0.305414 0.213098 0.287765 0.209364 0.285656 0.241059 0.865801
4 0.435206 0.304405 0.437327 0.275898 0.421445 0.272139 0.419324 0.300647 0.828272
4 0.337789 0.556824 0.340089 0.522698 0.320494 0.518498 0.318194 0.552624 0.791999
0 0.448054 0.449062 0.450423 0.413406 0.430853 0.40927 0.428484 0.444927 0.733066
4 0.362016 0.841578 0.363512 0.813378 0.347626 0.810698 0.34613 0.838899 0.463218
4 0.244103 0.759531 0.246522 0.728246 0.229632 0.724094 0.227214 0.755379 0.371609
4 0.168609 0.580364 0.171147 0.548463 0.153016 0.543876 0.150478 0.575777 0.36021
4 0.201755 0.392561 0.203661 0.362249 0.185961 0.358708 0.184055 0.38902 0.922425
4 0.501412 0.474399 0.502369 0.447327 0.485942 0.445481 0.484985 0.472552 0.878969
4 0.401312 0.433453 0.403306 0.405233 0.387178 0.401609 0.385184 0.429828 0.873212
4 0.303306 0.244793 0.305414 0.213098 0.287765 0.209364 0.285656 0.241059 0.865801
4 0.435206 0.304405 0.437327 0.275898 0.421445 0.272139 0.419324 0.300647 0.828272
4 0.337789 0.556824 0.340089 0.522698 0.320494 0.518498 0.318194 0.552624 0.791999
0 0.448054 0.449062 0.450423 0.413406 0.430853 0.40927 0.428484 0.444927 0.733066
4 0.362016 0.841578 0.363512 0.813378 0.347626 0.810698 0.34613 0.838899 0.463218
4 0.244103 0.759531 0.246522 0.728246 0.229632 0.724094 0.227214 0.755379 0.371609
4 0.168609 0.580364 0.171147 0.548463 0.153016 0.543876 0.150478 0.575777 0.36021
