4 0.201843 0.392541 0.203723 0.362386 0.185929 0.358859 0.18405 0.389014 0.919821
4 0.303351 0.244408 0.305449 0.213086 0.287813 0.209329 0.285714 0.240651 0.867395
4 0.5012 0.474239 0.502204 0.447393 0.486002 0.445466 0.484998 0.472313 0.86157
4 0.368242 0.575241 0.3699 0.543459 0.349129 0.540013 0.347472 0.571796 0.845221
4 0.435161 0.304759 0.43732 0.276006 0.421387 0.272202 0.419228 0.300955 0.838494
4 0.361923 0.841491 0.36352 0.813656 0.347672 0.810765 0.346076 0.8386 0.483659
4 0.244073 0.759346 0.246452 0.728369 0.229841 0.724312 0.227462 0.755289 0.387925
4 0.168589 0.580143 0.171085 0.54831 0.153271 0.543868 0.150774 0.5757 0.383405
4 0.470503 0.677676 0.472169 0.65045 0.45755 0.647604 0.455883 0.67483 0.253843
4 0.201843 0.392541 0.203723 0.362386 0.185929 0.358859 0.18405 0.389014 0.919821
4 0.303351 0.244408 0.305449 0.213086 0.287813 0.209329 0.285714 0.240651 0.867395
4 0.5012 0.474239 0.502204 0.447393 0.486002 0.445466 0.484998 0.472313 0.86157
4 0.368242 0.575241 0.3699 0.543459 0.349129 0.540013 0.347472 0.571796 0.845221
4 0.435161 0.304759 0.43732 0.276006 0.421387 0.272202 0.419228 0.300955 0.838494
4 0.361923 0.841491 0.36352 0.813656 0.347672 0.810765 0.346076 0.8386 0.483659
4 0.244073 0.759346 0.246452 0.728369 0.229841 0.724312 0.227462 0.755289 0.387925
4 0.168589 0.580143 0.171085 0.54831 0.153271 0.543868 0.150774 0.5757 0.383405
4 0.470503 0.677676 0.472169 0.65045 0.45755 0.647604 0.455883 0.67483 0.253843
