4 0.36158 0.497543 0.363037 0.469182 0.346549 0.466488 0.345091 0.494849 0.939692
0 0.406238 0.660618 0.410301 0.619504 0.389706 0.613031 0.385643 0.654145 0.675995
4 0.425839 0.683308 0.427671 0.65429 0.409848 0.650712 0.408017 0.67973 0.558128
4 0.330992 0.498109 0.333286 0.458033 0.310457 0.453877 0.308163 0.493953 0.523485
4 0.336407 0.473638 0.337465 0.444114 0.320937 0.442231 0.319879 0.471755 0.467937
4 0.34124 0.584941 0.34464 0.553683 0.327651 0.547806 0.324251 0.579064 0.336964
4 0.36158 0.497543 0.363037 0.469182 0.346549 0.466488 0.345091 0.494849 0.939692
0 0.406238 0.660618 0.410301 0.619504 0.389706 0.613031 0.385643 0.654145 0.675995
4 0.425839 0.683308 0.427671 0.65429 0.409848 0.650712 0.408017 0.67973 0.558128
4 0.330992 0.498109 0.333286 0.458033 0.310457 0.453877 0.308163 0.493953 0.523485
4 0.336407 0.473638 0.337465 0.444114 0.320937 0.442231 0.319879 0.471755 0.467937
4 0.34124 0.584941 0.34464 0.553683 0.327651 0.547806 0.324251 0.579064 0.336964
