4 0.201636 0.392602 0.203437 0.362516 0.185788 0.359155 0.183987 0.389241 0.92917
4 0.403047 0.433509 0.405361 0.405104 0.387893 0.400577 0.385579 0.428982 0.916312
4 0.501361 0.4752 0.502404 0.447464 0.485932 0.445495 0.484889 0.473231 0.870251
4 0.303208 0.244503 0.305301 0.213125 0.287691 0.20939 0.285599 0.240768 0.869673
4 0.43525 0.304603 0.43744 0.275862 0.421484 0.271995 0.419295 0.300737 0.843962
4 0.337567 0.557062 0.339948 0.522644 0.320441 0.518354 0.31806 0.552771 0.793885
0 0.462992 0.533131 0.465566 0.49787 0.444798 0.49305 0.442225 0.52831 0.684825
4 0.362033 0.841467 0.363619 0.813447 0.347724 0.810585 0.346137 0.838605 0.475275
4 0.244269 0.759539 0.246566 0.728281 0.229672 0.724334 0.227376 0.755593 0.441126
4 0.169011 0.583076 0.171447 0.550524 0.154308 0.546445 0.151872 0.578998 0.388475
4 0.201636 0.392602 0.203437 0.362516 0.185788 0.359155 0.183987 0.389241 0.92917
4 0.403047 0.433509 0.405361 0.405104 0.387893 0.400577 0.385579 0.428982 0.916312
4 0.501361 0.4752 0.502404 0.447464 0.485932 0.445495 0.484889 0.473231 0.870251
4 0.303208 0.244503 0.305301 0.213125 0.287691 0.20939 0.285599 0.240768 0.869673
4 0.43525 0.304603 0.43744 0.275862 0.421484 0.271995 0.419295 0.300737 0.843962
4 0.337567 0.557062 0.339948 0.522644 0.320441 0.518354 0.31806 0.552771 0.793885
0 0.462992 0.533131 0.465566 0.49787 0.444798 0.49305 0.442225 0.52831 0.684825
4 0.362033 0.841467 0.363619 0.813447 0.347724 0.810585 0.346137 0.838605 0.475275
4 0.244269 0.759539 0.246566 0.728281 0.229672 0.724334 0.227376 0.755593 0.441126
4 0.169011 0.583076 0.171447 0.550524 0.154308 0.546445 0.151872 0.578998 0.388475
