4 0.20178 0.392546 0.203617 0.362381 0.18595 0.35896 0.184114 0.389125 0.921319
4 0.401717 0.433507 0.403119 0.404985 0.38675 0.402426 0.385348 0.430948 0.904424
4 0.303328 0.244779 0.305446 0.21341 0.287952 0.209655 0.285835 0.241023 0.881959
4 0.501395 0.474292 0.502284 0.447301 0.4859 0.445585 0.485011 0.472577 0.878171
4 0.435274 0.3048 0.437448 0.275769 0.421207 0.2719 0.419032 0.300931 0.831929
4 0.337644 0.556905 0.340059 0.522809 0.320491 0.5184 0.318076 0.552496 0.807235
0 0.442123 0.457661 0.4458 0.421032 0.426304 0.414809 0.422628 0.451438 0.795652
4 0.361919 0.841608 0.363537 0.81375 0.347759 0.810837 0.346141 0.838694 0.472904
4 0.168538 0.580287 0.171075 0.548584 0.153164 0.544025 0.150627 0.575728 0.354523
4 0.244169 0.759664 0.246536 0.728216 0.229635 0.724171 0.227268 0.755619 0.348442
4 0.20178 0.392546 0.203617 0.362381 0.18595 0.35896 0.184114 0.389125 0.921319
4 0.401717 0.433507 0.403119 0.404985 0.38675 0.402426 0.385348 0.430948 0.904424
4 0.303328 0.244779 0.305446 0.21341 0.287952 0.209655 0.285835 0.241023 0.881959
4 0.501395 0.474292 0.502284 0.447301 0.4859 0.445585 0.485011 0.472577 0.878171
4 0.435274 0.3048 0.437448 0.275769 0.421207 0.2719 0.419032 0.300931 0.831929
4 0.337644 0.556905 0.340059 0.522809 0.320491 0.5184 0.318076 0.552496 0.807235
0 0.442123 0.457661 0.4458 0.421032 0.426304 0.414809 0.422628 0.451438 0.795652
4 0.361919 0.841608 0.363537 0.81375 0.347759 0.810837 0.346141 0.838694 0.472904
4 0.168538 0.580287 0.171075 0.548584 0.153164 0.544025 0.150627 0.575728 0.354523
4 0.244169 0.759664 0.246536 0.728216 0.229635 0.724171 0.227268 0.755619 0.348442
