4 0.201626 0.392682 0.203485 0.362577 0.18593 0.35913 0.184071 0.389235 0.92559
4 0.403081 0.433517 0.405384 0.405078 0.387831 0.400558 0.385528 0.428997 0.91168
4 0.501319 0.475074 0.502365 0.447369 0.485762 0.445374 0.484716 0.47308 0.874536
4 0.303157 0.24453 0.305325 0.212978 0.287717 0.20913 0.285549 0.240682 0.870332
4 0.435267 0.304605 0.437394 0.275854 0.421481 0.27211 0.419354 0.300861 0.84565
4 0.337576 0.557077 0.339977 0.522592 0.320441 0.518267 0.31804 0.552751 0.781026
0 0.462929 0.534518 0.46551 0.498385 0.444625 0.493641 0.442045 0.529775 0.717685
4 0.362031 0.841578 0.363687 0.81327 0.347658 0.810287 0.346001 0.838595 0.49408
4 0.244268 0.759587 0.246556 0.728195 0.229594 0.724262 0.227305 0.755655 0.423637
4 0.168695 0.580475 0.171255 0.548129 0.153157 0.543574 0.150597 0.57592 0.36357
4 0.201626 0.392682 0.203485 0.362577 0.18593 0.35913 0.184071 0.389235 0.92559
4 0.403081 0.433517 0.405384 0.405078 0.387831 0.400558 0.385528 0.428997 0.91168
4 0.501319 0.475074 0.502365 0.447369 0.485762 0.445374 0.484716 0.47308 0.874536
4 0.303157 0.24453 0.305325 0.212978 0.287717 0.20913 0.285549 0.240682 0.870332
4 0.435267 0.304605 0.437394 0.275854 0.421481 0.27211 0.419354 0.300861 0.84565
4 0.337576 0.557077 0.339977 0.522592 0.320441 0.518267 0.31804 0.552751 0.781026
0 0.462929 0.534518 0.46551 0.498385 0.444625 0.493641 0.442045 0.529775 0.717685
4 0.362031 0.841578 0.363687 0.81327 0.347658 0.810287 0.346001 0.838595 0.49408
4 0.244268 0.759587 0.246556 0.728195 0.229594 0.724262 0.227305 0.755655 0.423637
4 0.168695 0.580475 0.171255 0.548129 0.153157 0.543574 0.150597 0.57592 0.36357
