4 0.201876 0.392564 0.203745 0.362354 0.185965 0.358855 0.184096 0.389065 0.925363
4 0.401412 0.434362 0.402442 0.405003 0.386922 0.403273 0.385893 0.432632 0.911478
0 0.436957 0.439718 0.439263 0.399301 0.419096 0.395643 0.41679 0.43606 0.872028
4 0.303163 0.244322 0.305148 0.213423 0.287776 0.209874 0.285792 0.240773 0.864162
4 0.501108 0.474655 0.502075 0.447558 0.486013 0.445735 0.485046 0.472832 0.858846
4 0.435221 0.304888 0.437322 0.275988 0.421423 0.272314 0.419322 0.301213 0.839036
4 0.337613 0.556964 0.339932 0.522615 0.320392 0.51842 0.318073 0.552768 0.796082
4 0.362027 0.84146 0.363444 0.813514 0.34758 0.810955 0.346162 0.838901 0.46712
4 0.244135 0.759515 0.24642 0.728597 0.229835 0.724699 0.22755 0.755617 0.412845
4 0.169039 0.583114 0.171494 0.550348 0.154316 0.546253 0.15186 0.579019 0.337195
4 0.201876 0.392564 0.203745 0.362354 0.185965 0.358855 0.184096 0.389065 0.925363
4 0.401412 0.434362 0.402442 0.405003 0.386922 0.403273 0.385893 0.432632 0.911478
0 0.436957 0.439718 0.439263 0.399301 0.419096 0.395643 0.41679 0.43606 0.872028
4 0.303163 0.244322 0.305148 0.213423 0.287776 0.209874 0.285792 0.240773 0.864162
4 0.501108 0.474655 0.502075 0.447558 0.486013 0.445735 0.485046 0.472832 0.858846
4 0.435221 0.304888 0.437322 0.275988 0.421423 0.272314 0.419322 0.301213 0.839036
4 0.337613 0.556964 0.339932 0.522615 0.320392 0.51842 0.318073 0.552768 0.796082
4 0.362027 0.84146 0.363444 0.813514 0.34758 0.810955 0.346162 0.838901 0.46712
4 0.244135 0.759515 0.24642 0.728597 0.229835 0.724699 0.22755 0.755617 0.412845
4 0.169039 0.583114 0.171494 0.550348 0.154316 0.546253 0.15186 0.579019 0.337195
