4 0.201761 0.392588 0.203703 0.362179 0.185789 0.358541 0.183847 0.388951 0.920815
4 0.303072 0.244664 0.305156 0.213427 0.287915 0.20977 0.285832 0.241007 0.873397
4 0.501158 0.474417 0.502136 0.44752 0.485979 0.445652 0.485001 0.472548 0.863207
4 0.435219 0.304589 0.437295 0.2759 0.421475 0.272258 0.419398 0.300947 0.841855
0 0.400529 0.635326 0.403543 0.600119 0.383663 0.594706 0.380649 0.629914 0.673958
4 0.416576 0.664143 0.419094 0.631246 0.399115 0.626384 0.396597 0.65928 0.648297
4 0.361934 0.841901 0.363625 0.813595 0.347585 0.810548 0.345894 0.838854 0.485214
4 0.244082 0.759648 0.246412 0.728484 0.229524 0.724469 0.227194 0.755633 0.366208
4 0.16853 0.580466 0.17108 0.548408 0.152916 0.543813 0.150366 0.575871 0.36104
4 0.201761 0.392588 0.203703 0.362179 0.185789 0.358541 0.183847 0.388951 0.920815
4 0.303072 0.244664 0.305156 0.213427 0.287915 0.20977 0.285832 0.241007 0.873397
4 0.501158 0.474417 0.502136 0.44752 0.485979 0.445652 0.485001 0.472548 0.863207
4 0.435219 0.304589 0.437295 0.2759 0.421475 0.272258 0.419398 0.300947 0.841855
0 0.400529 0.635326 0.403543 0.600119 0.383663 0.594706 0.380649 0.629914 0.673958
4 0.416576 0.664143 0.419094 0.631246 0.399115 0.626384 0.396597 0.65928 0.648297
4 0.361934 0.841901 0.363625 0.813595 0.347585 0.810548 0.345894 0.838854 0.485214
4 0.244082 0.759648 0.246412 0.728484 0.229524 0.724469 0.227194 0.755633 0.366208
4 0.16853 0.580466 0.17108 0.548408 0.152916 0.543813 0.150366 0.575871 0.36104
