4 0.367009 0.565848 0.367895 0.537255 0.350788 0.53557 0.349903 0.564163 0.938254
4 0.337224 0.471588 0.339274 0.443267 0.323484 0.439632 0.321433 0.467953 0.904725
4 0.358493 0.446693 0.36016 0.419229 0.344707 0.416246 0.343039 0.44371 0.770818
4 0.398614 0.360542 0.399914 0.331035 0.383689 0.328761 0.382388 0.358267 0.716
4 0.477749 0.63072 0.47919 0.596101 0.461864 0.593808 0.460423 0.628427 0.572394
4 0.342631 0.581354 0.343859 0.551294 0.327212 0.549131 0.325984 0.579191 0.56606
0 0.455522 0.625918 0.459368 0.587441 0.438687 0.580868 0.434841 0.619344 0.563798
4 0.380317 0.658805 0.383116 0.625092 0.364608 0.620206 0.361809 0.653919 0.487036
4 0.37034 0.619114 0.3727 0.591691 0.355747 0.587051 0.353387 0.614474 0.375895
4 0.367009 0.565848 0.367895 0.537255 0.350788 0.53557 0.349903 0.564163 0.938254
4 0.337224 0.471588 0.339274 0.443267 0.323484 0.439632 0.321433 0.467953 0.904725
4 0.358493 0.446693 0.36016 0.419229 0.344707 0.416246 0.343039 0.44371 0.770818
4 0.398614 0.360542 0.399914 0.331035 0.383689 0.328761 0.382388 0.358267 0.716
4 0.477749 0.63072 0.47919 0.596101 0.461864 0.593808 0.460423 0.628427 0.572394
4 0.342631 0.581354 0.343859 0.551294 0.327212 0.549131 0.325984 0.579191 0.56606
0 0.455522 0.625918 0.459368 0.587441 0.438687 0.580868 0.434841 0.619344 0.563798
4 0.380317 0.658805 0.383116 0.625092 0.364608 0.620206 0.361809 0.653919 0.487036
4 0.37034 0.619114 0.3727 0.591691 0.355747 0.587051 0.353387 0.614474 0.375895
