4 0.401657 0.433383 0.402889 0.404466 0.386856 0.402295 0.385625 0.431211 0.93721
4 0.201758 0.392743 0.203583 0.362471 0.185838 0.359069 0.184013 0.389341 0.916646
4 0.501253 0.474684 0.502248 0.447473 0.485964 0.445579 0.484969 0.472791 0.859856
4 0.303081 0.244819 0.305347 0.213331 0.287734 0.2093 0.285468 0.240788 0.859756
4 0.435227 0.304897 0.43746 0.275982 0.421427 0.272044 0.419194 0.300959 0.843913
4 0.337595 0.556661 0.339841 0.522704 0.320436 0.518624 0.318191 0.55258 0.789964
0 0.446557 0.439494 0.44762 0.403458 0.428228 0.401639 0.427165 0.437675 0.726216
4 0.362028 0.841549 0.363477 0.813628 0.347713 0.811028 0.346264 0.838949 0.472262
4 0.244195 0.759478 0.24646 0.728389 0.229766 0.724522 0.227502 0.755611 0.386463
4 0.168596 0.580454 0.171158 0.548611 0.153255 0.544031 0.150694 0.575874 0.33534
1 0.431563 0.464053 0.434225 0.423778 0.412738 0.419261 0.410076 0.459537 0.320043
4 0.401657 0.433383 0.402889 0.404466 0.386856 0.402295 0.385625 0.431211 0.93721
4 0.201758 0.392743 0.203583 0.362471 0.185838 0.359069 0.184013 0.389341 0.916646
4 0.501253 0.474684 0.502248 0.447473 0.485964 0.445579 0.484969 0.472791 0.859856
4 0.303081 0.244819 0.305347 0.213331 0.287734 0.2093 0.285468 0.240788 0.859756
4 0.435227 0.304897 0.43746 0.275982 0.421427 0.272044 0.419194 0.300959 0.843913
4 0.337595 0.556661 0.339841 0.522704 0.320436 0.518624 0.318191 0.55258 0.789964
0 0.446557 0.439494 0.44762 0.403458 0.428228 0.401639 0.427165 0.437675 0.726216
4 0.362028 0.841549 0.363477 0.813628 0.347713 0.811028 0.346264 0.838949 0.472262
4 0.244195 0.759478 0.24646 0.728389 0.229766 0.724522 0.227502 0.755611 0.386463
4 0.168596 0.580454 0.171158 0.548611 0.153255 0.544031 0.150694 0.575874 0.33534
1 0.431563 0.464053 0.434225 0.423778 0.412738 0.419261 0.410076 0.459537 0.320043
