4 0.201722 0.39228 0.203484 0.362515 0.186076 0.359236 0.184314 0.389001 0.923551
4 0.402055 0.433212 0.404272 0.404737 0.387679 0.40063 0.385462 0.429105 0.904133
4 0.43547 0.304918 0.437369 0.275739 0.421189 0.272392 0.419291 0.301571 0.886764
4 0.302959 0.245428 0.305257 0.212992 0.28725 0.208934 0.284952 0.241371 0.858892
4 0.501052 0.474714 0.502043 0.447045 0.485451 0.445155 0.484461 0.472824 0.855524
4 0.337824 0.557162 0.340225 0.522723 0.320612 0.518374 0.318211 0.552813 0.795006
0 0.442136 0.441114 0.444662 0.406224 0.426257 0.401986 0.423731 0.436876 0.661015
4 0.362076 0.841657 0.363792 0.813556 0.34773 0.810438 0.346014 0.838539 0.487338
4 0.244187 0.759606 0.246616 0.727533 0.229438 0.723396 0.227009 0.755468 0.447111
4 0.168904 0.581184 0.171675 0.548145 0.152861 0.543126 0.15009 0.576165 0.321391
4 0.201722 0.39228 0.203484 0.362515 0.186076 0.359236 0.184314 0.389001 0.923551
4 0.402055 0.433212 0.404272 0.404737 0.387679 0.40063 0.385462 0.429105 0.904133
4 0.43547 0.304918 0.437369 0.275739 0.421189 0.272392 0.419291 0.301571 0.886764
4 0.302959 0.245428 0.305257 0.212992 0.28725 0.208934 0.284952 0.241371 0.858892
4 0.501052 0.474714 0.502043 0.447045 0.485451 0.445155 0.484461 0.472824 0.855524
4 0.337824 0.557162 0.340225 0.522723 0.320612 0.518374 0.318211 0.552813 0.795006
0 0.442136 0.441114 0.444662 0.406224 0.426257 0.401986 0.423731 0.436876 0.661015
4 0.362076 0.841657 0.363792 0.813556 0.34773 0.810438 0.346014 0.838539 0.487338
4 0.244187 0.759606 0.246616 0.727533 0.229438 0.723396 0.227009 0.755468 0.447111
4 0.168904 0.581184 0.171675 0.548145 0.152861 0.543126 0.15009 0.576165 0.321391
