4 0.201739 0.392641 0.2036 0.362598 0.185858 0.359103 0.183997 0.389145 0.924356
4 0.303279 0.24482 0.305397 0.213282 0.287971 0.20956 0.285853 0.241099 0.867828
4 0.501088 0.474407 0.502086 0.447595 0.485997 0.445691 0.484999 0.472503 0.859399
4 0.435106 0.304732 0.437268 0.275619 0.421304 0.271848 0.419141 0.300962 0.842522
4 0.430775 0.60895 0.431861 0.581132 0.414594 0.578989 0.413509 0.606807 0.645021
4 0.443421 0.710528 0.446041 0.6805 0.426134 0.674974 0.423513 0.705002 0.505689
4 0.361882 0.841521 0.363456 0.813678 0.347733 0.810851 0.34616 0.838695 0.460955
4 0.244085 0.759326 0.246357 0.728224 0.229747 0.724364 0.227475 0.755466 0.3752
4 0.168533 0.580555 0.171238 0.548399 0.15315 0.54356 0.150445 0.575716 0.360016
4 0.201739 0.392641 0.2036 0.362598 0.185858 0.359103 0.183997 0.389145 0.924356
4 0.303279 0.24482 0.305397 0.213282 0.287971 0.20956 0.285853 0.241099 0.867828
4 0.501088 0.474407 0.502086 0.447595 0.485997 0.445691 0.484999 0.472503 0.859399
4 0.435106 0.304732 0.437268 0.275619 0.421304 0.271848 0.419141 0.300962 0.842522
4 0.430775 0.60895 0.431861 0.581132 0.414594 0.578989 0.413509 0.606807 0.645021
4 0.443421 0.710528 0.446041 0.6805 0.426134 0.674974 0.423513 0.705002 0.505689
4 0.361882 0.841521 0.363456 0.813678 0.347733 0.810851 0.34616 0.838695 0.460955
4 0.244085 0.759326 0.246357 0.728224 0.229747 0.724364 0.227475 0.755466 0.3752
4 0.168533 0.580555 0.171238 0.548399 0.15315 0.54356 0.150445 0.575716 0.360016
