4 0.201594 0.392605 0.203448 0.362495 0.185862 0.359051 0.184007 0.389161 0.921997
4 0.401975 0.433827 0.404383 0.405043 0.387655 0.400594 0.385248 0.429377 0.913237
4 0.303242 0.245274 0.305444 0.213194 0.287727 0.209328 0.285526 0.241407 0.876665
4 0.501203 0.474779 0.502194 0.447653 0.485909 0.445762 0.484919 0.472888 0.872747
4 0.435237 0.304608 0.437422 0.275685 0.421373 0.271831 0.419189 0.300754 0.848468
4 0.33768 0.556874 0.339967 0.522646 0.32039 0.518485 0.318103 0.552713 0.796109
0 0.441663 0.441163 0.444432 0.406541 0.426313 0.401932 0.423544 0.436554 0.710633
4 0.361979 0.841475 0.363497 0.813559 0.347653 0.810818 0.346134 0.838734 0.499408
4 0.244265 0.759686 0.246614 0.728007 0.229507 0.723972 0.227158 0.755652 0.424687
4 0.168967 0.583108 0.171339 0.550341 0.154095 0.546371 0.151723 0.579138 0.357955
4 0.201594 0.392605 0.203448 0.362495 0.185862 0.359051 0.184007 0.389161 0.921997
4 0.401975 0.433827 0.404383 0.405043 0.387655 0.400594 0.385248 0.429377 0.913237
4 0.303242 0.245274 0.305444 0.213194 0.287727 0.209328 0.285526 0.241407 0.876665
4 0.501203 0.474779 0.502194 0.447653 0.485909 0.445762 0.484919 0.472888 0.872747
4 0.435237 0.304608 0.437422 0.275685 0.421373 0.271831 0.419189 0.300754 0.848468
4 0.33768 0.556874 0.339967 0.522646 0.32039 0.518485 0.318103 0.552713 0.796109
0 0.441663 0.441163 0.444432 0.406541 0.426313 0.401932 0.423544 0.436554 0.710633
4 0.361979 0.841475 0.363497 0.813559 0.347653 0.810818 0.346134 0.838734 0.499408
4 0.244265 0.759686 0.246614 0.728007 0.229507 0.723972 0.227158 0.755652 0.424687
4 0.168967 0.583108 0.171339 0.550341 0.154095 0.546371 0.151723 0.579138 0.357955
