4 0.202056 0.392658 0.203897 0.362474 0.186114 0.359025 0.184273 0.389208 0.923673
4 0.402981 0.433809 0.405442 0.405271 0.387967 0.400478 0.385506 0.429016 0.912978
4 0.303316 0.244853 0.305518 0.213287 0.287855 0.209367 0.285653 0.240934 0.876753
4 0.501083 0.474519 0.502032 0.447149 0.485397 0.445313 0.484448 0.472684 0.871915
4 0.435146 0.304396 0.43731 0.275701 0.421429 0.271892 0.419265 0.300588 0.84019
4 0.337706 0.556926 0.340002 0.522592 0.320429 0.518429 0.318133 0.552763 0.785378
0 0.437338 0.519616 0.458358 0.519614 0.458357 0.484684 0.437337 0.484686 0.529483
4 0.361965 0.841424 0.363458 0.813748 0.347717 0.811049 0.346225 0.838725 0.480087
4 0.244193 0.75946 0.246519 0.728085 0.229695 0.724119 0.227369 0.755494 0.403665
4 0.168939 0.582827 0.171227 0.550853 0.154424 0.54703 0.152137 0.579004 0.35289
4 0.202056 0.392658 0.203897 0.362474 0.186114 0.359025 0.184273 0.389208 0.923673
4 0.402981 0.433809 0.405442 0.405271 0.387967 0.400478 0.385506 0.429016 0.912978
4 0.303316 0.244853 0.305518 0.213287 0.287855 0.209367 0.285653 0.240934 0.876753
4 0.501083 0.474519 0.502032 0.447149 0.485397 0.445313 0.484448 0.472684 0.871915
4 0.435146 0.304396 0.43731 0.275701 0.421429 0.271892 0.419265 0.300588 0.84019
4 0.337706 0.556926 0.340002 0.522592 0.320429 0.518429 0.318133 0.552763 0.785378
0 0.437338 0.519616 0.458358 0.519614 0.458357 0.484684 0.437337 0.484686 0.529483
4 0.361965 0.841424 0.363458 0.813748 0.347717 0.811049 0.346225 0.838725 0.480087
4 0.244193 0.75946 0.246519 0.728085 0.229695 0.724119 0.227369 0.755494 0.403665
4 0.168939 0.582827 0.171227 0.550853 0.154424 0.54703 0.152137 0.579004 0.35289
