4 0.391189 0.54677 0.392528 0.519499 0.375484 0.516837 0.374145 0.544108 0.869084
4 0.41927 0.704855 0.420835 0.674441 0.403082 0.671535 0.401516 0.701949 0.708323
4 0.398478 0.360567 0.399724 0.331283 0.383655 0.329109 0.382409 0.358393 0.700153
4 0.338283 0.576319 0.340179 0.547798 0.323936 0.544362 0.32204 0.572884 0.672903
0 0.253723 0.386739 0.27336 0.386317 0.273113 0.349781 0.253476 0.350202 0.6187
4 0.482053 0.636947 0.484499 0.605002 0.466682 0.600665 0.464237 0.63261 0.577448
4 0.476942 0.624222 0.478639 0.590001 0.461477 0.587294 0.45978 0.621515 0.469047
4 0.261252 0.356499 0.263852 0.327249 0.246577 0.322366 0.243977 0.351615 0.456755
4 0.391189 0.54677 0.392528 0.519499 0.375484 0.516837 0.374145 0.544108 0.869084
4 0.41927 0.704855 0.420835 0.674441 0.403082 0.671535 0.401516 0.701949 0.708323
4 0.398478 0.360567 0.399724 0.331283 0.383655 0.329109 0.382409 0.358393 0.700153
4 0.338283 0.576319 0.340179 0.547798 0.323936 0.544362 0.32204 0.572884 0.672903
0 0.253723 0.386739 0.27336 0.386317 0.273113 0.349781 0.253476 0.350202 0.6187
4 0.482053 0.636947 0.484499 0.605002 0.466682 0.600665 0.464237 0.63261 0.577448
4 0.476942 0.624222 0.478639 0.590001 0.461477 0.587294 0.45978 0.621515 0.469047
4 0.261252 0.356499 0.263852 0.327249 0.246577 0.322366 0.243977 0.351615 0.456755
