4 0.201886 0.39283 0.203751 0.362547 0.185876 0.359046 0.184011 0.389329 0.924123
4 0.303156 0.244759 0.305321 0.2134 0.287904 0.209576 0.28574 0.240936 0.865851
4 0.501101 0.474536 0.502112 0.447513 0.485854 0.445578 0.484843 0.472601 0.848473
4 0.435086 0.304749 0.437194 0.275875 0.421292 0.272182 0.419184 0.301056 0.848016
0 0.423079 0.681884 0.426965 0.644907 0.407102 0.638268 0.403216 0.675245 0.729082
4 0.439049 0.708218 0.440982 0.678676 0.423626 0.675064 0.421692 0.704606 0.727445
4 0.430176 0.608962 0.430914 0.580419 0.414866 0.5791 0.414129 0.607643 0.53585
4 0.361983 0.8417 0.363668 0.813646 0.347839 0.810622 0.346154 0.838675 0.467479
4 0.244202 0.75954 0.246524 0.728113 0.229666 0.724152 0.227344 0.755579 0.406056
4 0.168625 0.580475 0.171114 0.548592 0.153219 0.544149 0.15073 0.576032 0.345997
4 0.201886 0.39283 0.203751 0.362547 0.185876 0.359046 0.184011 0.389329 0.924123
4 0.303156 0.244759 0.305321 0.2134 0.287904 0.209576 0.28574 0.240936 0.865851
4 0.501101 0.474536 0.502112 0.447513 0.485854 0.445578 0.484843 0.472601 0.848473
4 0.435086 0.304749 0.437194 0.275875 0.421292 0.272182 0.419184 0.301056 0.848016
0 0.423079 0.681884 0.426965 0.644907 0.407102 0.638268 0.403216 0.675245 0.729082
4 0.439049 0.708218 0.440982 0.678676 0.423626 0.675064 0.421692 0.704606 0.727445
4 0.430176 0.608962 0.430914 0.580419 0.414866 0.5791 0.414129 0.607643 0.53585
4 0.361983 0.8417 0.363668 0.813646 0.347839 0.810622 0.346154 0.838675 0.467479
4 0.244202 0.75954 0.246524 0.728113 0.229666 0.724152 0.227344 0.755579 0.406056
4 0.168625 0.580475 0.171114 0.548592 0.153219 0.544149 0.15073 0.576032 0.345997
