4 0.201775 0.392603 0.203653 0.362414 0.185893 0.358901 0.184016 0.38909 0.926917
4 0.303028 0.244776 0.305163 0.213182 0.287722 0.209435 0.285587 0.241028 0.86555
4 0.501145 0.474601 0.502145 0.447544 0.485864 0.445631 0.484864 0.472688 0.855714
4 0.435125 0.304822 0.437277 0.275704 0.421351 0.271961 0.4192 0.301079 0.843356
4 0.439006 0.708053 0.440962 0.678597 0.423642 0.67494 0.421687 0.704396 0.736033
0 0.423077 0.681712 0.427037 0.644723 0.407049 0.637918 0.403089 0.674907 0.68327
4 0.430473 0.608838 0.431208 0.58027 0.415389 0.578976 0.414654 0.607544 0.473154
4 0.361961 0.841449 0.363556 0.813548 0.347791 0.810681 0.346195 0.838583 0.456789
4 0.244321 0.759549 0.246601 0.728273 0.229812 0.724382 0.227533 0.755658 0.408839
4 0.168612 0.580283 0.171156 0.548183 0.153079 0.543626 0.150534 0.575726 0.359788
4 0.201775 0.392603 0.203653 0.362414 0.185893 0.358901 0.184016 0.38909 0.926917
4 0.303028 0.244776 0.305163 0.213182 0.287722 0.209435 0.285587 0.241028 0.86555
4 0.501145 0.474601 0.502145 0.447544 0.485864 0.445631 0.484864 0.472688 0.855714
4 0.435125 0.304822 0.437277 0.275704 0.421351 0.271961 0.4192 0.301079 0.843356
4 0.439006 0.708053 0.440962 0.678597 0.423642 0.67494 0.421687 0.704396 0.736033
0 0.423077 0.681712 0.427037 0.644723 0.407049 0.637918 0.403089 0.674907 0.68327
4 0.430473 0.608838 0.431208 0.58027 0.415389 0.578976 0.414654 0.607544 0.473154
4 0.361961 0.841449 0.363556 0.813548 0.347791 0.810681 0.346195 0.838583 0.456789
4 0.244321 0.759549 0.246601 0.728273 0.229812 0.724382 0.227533 0.755658 0.408839
4 0.168612 0.580283 0.171156 0.548183 0.153079 0.543626 0.150534 0.575726 0.359788
