4 0.402671 0.433602 0.405206 0.405076 0.387893 0.400182 0.385357 0.428708 0.938503
4 0.20176 0.392728 0.203712 0.362432 0.186029 0.358809 0.184077 0.389105 0.921581
4 0.303291 0.245239 0.305624 0.213419 0.287859 0.209276 0.285526 0.241095 0.87292
4 0.501005 0.474656 0.502027 0.447351 0.485347 0.445365 0.484325 0.47267 0.866193
4 0.435256 0.304546 0.437458 0.275731 0.421454 0.271843 0.419252 0.300657 0.839298
0 0.447833 0.46679 0.450039 0.430336 0.431063 0.426684 0.428857 0.463139 0.807605
4 0.337833 0.556733 0.340044 0.522551 0.320439 0.518518 0.318228 0.552701 0.803573
4 0.362025 0.841488 0.36353 0.813601 0.347737 0.810889 0.346231 0.838776 0.48206
4 0.244228 0.759466 0.246494 0.728182 0.229671 0.724307 0.227406 0.755592 0.388255
4 0.168963 0.582948 0.171289 0.550909 0.154333 0.546994 0.152007 0.579033 0.357592
4 0.402671 0.433602 0.405206 0.405076 0.387893 0.400182 0.385357 0.428708 0.938503
4 0.20176 0.392728 0.203712 0.362432 0.186029 0.358809 0.184077 0.389105 0.921581
4 0.303291 0.245239 0.305624 0.213419 0.287859 0.209276 0.285526 0.241095 0.87292
4 0.501005 0.474656 0.502027 0.447351 0.485347 0.445365 0.484325 0.47267 0.866193
4 0.435256 0.304546 0.437458 0.275731 0.421454 0.271843 0.419252 0.300657 0.839298
0 0.447833 0.46679 0.450039 0.430336 0.431063 0.426684 0.428857 0.463139 0.807605
4 0.337833 0.556733 0.340044 0.522551 0.320439 0.518518 0.318228 0.552701 0.803573
4 0.362025 0.841488 0.36353 0.813601 0.347737 0.810889 0.346231 0.838776 0.48206
4 0.244228 0.759466 0.246494 0.728182 0.229671 0.724307 0.227406 0.755592 0.388255
4 0.168963 0.582948 0.171289 0.550909 0.154333 0.546994 0.152007 0.579033 0.357592
