4 0.336521 0.470925 0.338705 0.444466 0.323634 0.44051 0.32145 0.466969 0.758888
0 0.347272 0.518989 0.349698 0.481081 0.329985 0.477068 0.327559 0.514977 0.743579
4 0.357907 0.446006 0.359588 0.418145 0.344445 0.415239 0.342764 0.4431 0.743289
4 0.397938 0.360526 0.399732 0.33022 0.383084 0.327086 0.38129 0.357393 0.671436
4 0.34256 0.583313 0.344623 0.551756 0.327658 0.548231 0.325596 0.579788 0.641155
4 0.365084 0.554396 0.368919 0.516374 0.349154 0.510034 0.345319 0.548056 0.587868
4 0.373776 0.648125 0.375802 0.614087 0.358013 0.610718 0.355986 0.644756 0.521504
4 0.336521 0.470925 0.338705 0.444466 0.323634 0.44051 0.32145 0.466969 0.758888
0 0.347272 0.518989 0.349698 0.481081 0.329985 0.477068 0.327559 0.514977 0.743579
4 0.357907 0.446006 0.359588 0.418145 0.344445 0.415239 0.342764 0.4431 0.743289
4 0.397938 0.360526 0.399732 0.33022 0.383084 0.327086 0.38129 0.357393 0.671436
4 0.34256 0.583313 0.344623 0.551756 0.327658 0.548231 0.325596 0.579788 0.641155
4 0.365084 0.554396 0.368919 0.516374 0.349154 0.510034 0.345319 0.548056 0.587868
4 0.373776 0.648125 0.375802 0.614087 0.358013 0.610718 0.355986 0.644756 0.521504
