4 0.337449 0.471614 0.339448 0.44315 0.323287 0.439542 0.321288 0.468006 0.931879
0 0.367013 0.542407 0.37059 0.503773 0.351987 0.498295 0.34841 0.536929 0.800211
4 0.358478 0.447036 0.360127 0.419348 0.34472 0.416429 0.34307 0.444116 0.743594
4 0.398465 0.360969 0.399802 0.331346 0.383573 0.329016 0.382236 0.358639 0.692749
4 0.389985 0.553849 0.39243 0.521546 0.372937 0.516854 0.370492 0.549157 0.649498
4 0.380899 0.657808 0.38273 0.625676 0.364137 0.622305 0.362305 0.654437 0.567835
4 0.373304 0.648585 0.37545 0.614309 0.358092 0.610853 0.355946 0.64513 0.529042
4 0.342021 0.581778 0.343969 0.55259 0.327646 0.549126 0.325698 0.578314 0.516138
4 0.3678 0.562488 0.369248 0.534385 0.351048 0.531404 0.3496 0.559508 0.493384
4 0.337449 0.471614 0.339448 0.44315 0.323287 0.439542 0.321288 0.468006 0.931879
0 0.367013 0.542407 0.37059 0.503773 0.351987 0.498295 0.34841 0.536929 0.800211
4 0.358478 0.447036 0.360127 0.419348 0.34472 0.416429 0.34307 0.444116 0.743594
4 0.398465 0.360969 0.399802 0.331346 0.383573 0.329016 0.382236 0.358639 0.692749
4 0.389985 0.553849 0.39243 0.521546 0.372937 0.516854 0.370492 0.549157 0.649498
4 0.380899 0.657808 0.38273 0.625676 0.364137 0.622305 0.362305 0.654437 0.567835
4 0.373304 0.648585 0.37545 0.614309 0.358092 0.610853 0.355946 0.64513 0.529042
4 0.342021 0.581778 0.343969 0.55259 0.327646 0.549126 0.325698 0.578314 0.516138
4 0.3678 0.562488 0.369248 0.534385 0.351048 0.531404 0.3496 0.559508 0.493384
