4 0.201744 0.392731 0.203627 0.362308 0.18563 0.358765 0.183747 0.389188 0.919767
4 0.303294 0.244752 0.305366 0.213054 0.287768 0.209396 0.285696 0.241094 0.879673
4 0.501318 0.474508 0.502354 0.447369 0.48581 0.44536 0.484773 0.472499 0.864102
4 0.435219 0.304776 0.437318 0.275907 0.42135 0.272215 0.419251 0.301084 0.850982
4 0.402765 0.433261 0.404109 0.403786 0.388181 0.401478 0.386838 0.430953 0.840607
4 0.33759 0.556829 0.339957 0.522631 0.320427 0.518333 0.31806 0.552531 0.78856
0 0.445869 0.438925 0.447085 0.403009 0.428334 0.400989 0.427117 0.436905 0.659676
4 0.361974 0.84136 0.363437 0.813631 0.347729 0.810994 0.346266 0.838724 0.475258
4 0.244219 0.759407 0.246579 0.728481 0.230013 0.72446 0.227653 0.755386 0.379157
4 0.168619 0.580307 0.171182 0.54824 0.153181 0.543665 0.150618 0.575732 0.356772
4 0.201744 0.392731 0.203627 0.362308 0.18563 0.358765 0.183747 0.389188 0.919767
4 0.303294 0.244752 0.305366 0.213054 0.287768 0.209396 0.285696 0.241094 0.879673
4 0.501318 0.474508 0.502354 0.447369 0.48581 0.44536 0.484773 0.472499 0.864102
4 0.435219 0.304776 0.437318 0.275907 0.42135 0.272215 0.419251 0.301084 0.850982
4 0.402765 0.433261 0.404109 0.403786 0.388181 0.401478 0.386838 0.430953 0.840607
4 0.33759 0.556829 0.339957 0.522631 0.320427 0.518333 0.31806 0.552531 0.78856
0 0.445869 0.438925 0.447085 0.403009 0.428334 0.400989 0.427117 0.436905 0.659676
4 0.361974 0.84136 0.363437 0.813631 0.347729 0.810994 0.346266 0.838724 0.475258
4 0.244219 0.759407 0.246579 0.728481 0.230013 0.72446 0.227653 0.755386 0.379157
4 0.168619 0.580307 0.171182 0.54824 0.153181 0.543665 0.150618 0.575732 0.356772
