0 0.262309 0.338999 0.265786 0.300212 0.24585 0.294528 0.242373 0.333315 0.916956
4 0.391263 0.54669 0.392535 0.519454 0.375634 0.516945 0.374363 0.54418 0.872765
4 0.241671 0.307309 0.243959 0.277651 0.227195 0.273538 0.224907 0.303196 0.803676
4 0.398571 0.360658 0.399785 0.33138 0.383697 0.329258 0.382483 0.358536 0.738701
4 0.419395 0.704154 0.420906 0.673837 0.403184 0.671027 0.401673 0.701344 0.698058
4 0.338582 0.575863 0.340381 0.547828 0.324237 0.544534 0.322438 0.572569 0.69338
4 0.482042 0.637201 0.484616 0.604808 0.466776 0.600298 0.464201 0.632691 0.574258
0 0.262309 0.338999 0.265786 0.300212 0.24585 0.294528 0.242373 0.333315 0.916956
4 0.391263 0.54669 0.392535 0.519454 0.375634 0.516945 0.374363 0.54418 0.872765
4 0.241671 0.307309 0.243959 0.277651 0.227195 0.273538 0.224907 0.303196 0.803676
4 0.398571 0.360658 0.399785 0.33138 0.383697 0.329258 0.382483 0.358536 0.738701
4 0.419395 0.704154 0.420906 0.673837 0.403184 0.671027 0.401673 0.701344 0.698058
4 0.338582 0.575863 0.340381 0.547828 0.324237 0.544534 0.322438 0.572569 0.69338
4 0.482042 0.637201 0.484616 0.604808 0.466776 0.600298 0.464201 0.632691 0.574258
