4 0.201702 0.392652 0.203535 0.362492 0.185822 0.359068 0.183989 0.389228 0.920918
4 0.303328 0.244925 0.305529 0.213203 0.287863 0.209306 0.285662 0.241028 0.868527
4 0.501337 0.474689 0.502391 0.44739 0.485887 0.445363 0.484833 0.472662 0.863061
4 0.401965 0.432672 0.402863 0.404429 0.387366 0.402861 0.386468 0.431105 0.849542
4 0.435222 0.304857 0.437401 0.275989 0.42142 0.272154 0.419241 0.301022 0.834064
4 0.337567 0.556776 0.339901 0.522572 0.320415 0.518344 0.318081 0.552548 0.803499
0 0.447232 0.451783 0.449303 0.416869 0.430545 0.413329 0.428474 0.448244 0.653213
4 0.361889 0.841637 0.36353 0.813744 0.347751 0.810792 0.34611 0.838685 0.470259
4 0.244314 0.75918 0.246434 0.728504 0.229992 0.72489 0.227872 0.755566 0.447133
4 0.168558 0.580433 0.171129 0.548355 0.153037 0.543745 0.150467 0.575823 0.324345
4 0.201702 0.392652 0.203535 0.362492 0.185822 0.359068 0.183989 0.389228 0.920918
4 0.303328 0.244925 0.305529 0.213203 0.287863 0.209306 0.285662 0.241028 0.868527
4 0.501337 0.474689 0.502391 0.44739 0.485887 0.445363 0.484833 0.472662 0.863061
4 0.401965 0.432672 0.402863 0.404429 0.387366 0.402861 0.386468 0.431105 0.849542
4 0.435222 0.304857 0.437401 0.275989 0.42142 0.272154 0.419241 0.301022 0.834064
4 0.337567 0.556776 0.339901 0.522572 0.320415 0.518344 0.318081 0.552548 0.803499
0 0.447232 0.451783 0.449303 0.416869 0.430545 0.413329 0.428474 0.448244 0.653213
4 0.361889 0.841637 0.36353 0.813744 0.347751 0.810792 0.34611 0.838685 0.470259
4 0.244314 0.75918 0.246434 0.728504 0.229992 0.72489 0.227872 0.755566 0.447133
4 0.168558 0.580433 0.171129 0.548355 0.153037 0.543745 0.150467 0.575823 0.324345
