4 0.201606 0.392634 0.203486 0.362531 0.185824 0.359023 0.183944 0.389126 0.927539
4 0.303234 0.244612 0.305386 0.213208 0.287901 0.209397 0.285748 0.240801 0.873764
4 0.501129 0.474265 0.502112 0.447484 0.486007 0.445603 0.485024 0.472385 0.853184
4 0.435091 0.304768 0.437259 0.275606 0.421275 0.271827 0.419107 0.300989 0.847319
4 0.44099 0.708719 0.443538 0.679348 0.42394 0.67394 0.421392 0.703312 0.666111
4 0.430945 0.609147 0.431939 0.581311 0.414991 0.579387 0.413998 0.607224 0.609201
4 0.361919 0.841502 0.363441 0.813621 0.347682 0.810885 0.34616 0.838766 0.451838
4 0.244171 0.759501 0.246522 0.728251 0.229745 0.724235 0.227394 0.755486 0.398418
4 0.168638 0.580477 0.171251 0.548461 0.153193 0.543774 0.15058 0.575791 0.376688
4 0.139537 0.214631 0.141325 0.184609 0.122161 0.180978 0.120373 0.211 0.274161
4 0.201606 0.392634 0.203486 0.362531 0.185824 0.359023 0.183944 0.389126 0.927539
4 0.303234 0.244612 0.305386 0.213208 0.287901 0.209397 0.285748 0.240801 0.873764
4 0.501129 0.474265 0.502112 0.447484 0.486007 0.445603 0.485024 0.472385 0.853184
4 0.435091 0.304768 0.437259 0.275606 0.421275 0.271827 0.419107 0.300989 0.847319
4 0.44099 0.708719 0.443538 0.679348 0.42394 0.67394 0.421392 0.703312 0.666111
4 0.430945 0.609147 0.431939 0.581311 0.414991 0.579387 0.413998 0.607224 0.609201
4 0.361919 0.841502 0.363441 0.813621 0.347682 0.810885 0.34616 0.838766 0.451838
4 0.244171 0.759501 0.246522 0.728251 0.229745 0.724235 0.227394 0.755486 0.398418
4 0.168638 0.580477 0.171251 0.548461 0.153193 0.543774 0.15058 0.575791 0.376688
4 0.139537 0.214631 0.141325 0.184609 0.122161 0.180978 0.120373 0.211 0.274161
