4 0.367624 0.565552 0.368371 0.537204 0.350829 0.535734 0.350082 0.564082 0.942576
4 0.337307 0.471748 0.339383 0.4435 0.323408 0.439767 0.321332 0.468015 0.915254
4 0.358512 0.446841 0.360173 0.419448 0.344756 0.416475 0.343095 0.443868 0.78188
4 0.398507 0.360586 0.399714 0.331651 0.383705 0.329529 0.382499 0.358464 0.77944
4 0.380895 0.659529 0.383195 0.628576 0.365615 0.62442 0.363314 0.655374 0.75601
0 0.455503 0.626475 0.459482 0.587809 0.438628 0.580984 0.434649 0.61965 0.565583
4 0.477815 0.631114 0.479301 0.59632 0.461978 0.593968 0.460493 0.628763 0.565484
4 0.3429 0.581367 0.344005 0.551487 0.327355 0.549528 0.32625 0.579408 0.537319
4 0.370975 0.615349 0.373481 0.587063 0.356113 0.582169 0.353607 0.610454 0.507063
4 0.367624 0.565552 0.368371 0.537204 0.350829 0.535734 0.350082 0.564082 0.942576
4 0.337307 0.471748 0.339383 0.4435 0.323408 0.439767 0.321332 0.468015 0.915254
4 0.358512 0.446841 0.360173 0.419448 0.344756 0.416475 0.343095 0.443868 0.78188
4 0.398507 0.360586 0.399714 0.331651 0.383705 0.329529 0.382499 0.358464 0.77944
4 0.380895 0.659529 0.383195 0.628576 0.365615 0.62442 0.363314 0.655374 0.75601
0 0.455503 0.626475 0.459482 0.587809 0.438628 0.580984 0.434649 0.61965 0.565583
4 0.477815 0.631114 0.479301 0.59632 0.461978 0.593968 0.460493 0.628763 0.565484
4 0.3429 0.581367 0.344005 0.551487 0.327355 0.549528 0.32625 0.579408 0.537319
4 0.370975 0.615349 0.373481 0.587063 0.356113 0.582169 0.353607 0.610454 0.507063
