4 0.201969 0.392652 0.203891 0.362462 0.186026 0.358846 0.184105 0.389036 0.920831
4 0.303392 0.244658 0.305455 0.213257 0.287953 0.2096 0.285889 0.241001 0.87273
4 0.501011 0.474651 0.502068 0.44758 0.485939 0.445577 0.484882 0.472647 0.856177
4 0.435201 0.304703 0.437335 0.275957 0.421464 0.272208 0.419329 0.300954 0.835378
4 0.382657 0.596178 0.383814 0.565565 0.364346 0.563225 0.363189 0.593838 0.771698
4 0.361931 0.841664 0.363592 0.813711 0.347763 0.810721 0.346103 0.838674 0.46184
4 0.244088 0.759506 0.246493 0.728255 0.229644 0.724133 0.22724 0.755384 0.369167
4 0.168636 0.580474 0.171107 0.548423 0.153134 0.544017 0.150664 0.576068 0.361002
0 0.363044 0.57325 0.365882 0.537074 0.346475 0.532231 0.343637 0.568407 0.340566
4 0.201969 0.392652 0.203891 0.362462 0.186026 0.358846 0.184105 0.389036 0.920831
4 0.303392 0.244658 0.305455 0.213257 0.287953 0.2096 0.285889 0.241001 0.87273
4 0.501011 0.474651 0.502068 0.44758 0.485939 0.445577 0.484882 0.472647 0.856177
4 0.435201 0.304703 0.437335 0.275957 0.421464 0.272208 0.419329 0.300954 0.835378
4 0.382657 0.596178 0.383814 0.565565 0.364346 0.563225 0.363189 0.593838 0.771698
4 0.361931 0.841664 0.363592 0.813711 0.347763 0.810721 0.346103 0.838674 0.46184
4 0.244088 0.759506 0.246493 0.728255 0.229644 0.724133 0.22724 0.755384 0.369167
4 0.168636 0.580474 0.171107 0.548423 0.153134 0.544017 0.150664 0.576068 0.361002
0 0.363044 0.57325 0.365882 0.537074 0.346475 0.532231 0.343637 0.568407 0.340566
