4 0.401493 0.433763 0.402586 0.404452 0.38671 0.402569 0.385617 0.431881 0.930157
4 0.201895 0.392661 0.203715 0.362485 0.185927 0.359073 0.184107 0.389249 0.92288
4 0.30322 0.244221 0.3053 0.213096 0.287743 0.209365 0.285663 0.24049 0.86557
4 0.501212 0.474512 0.502223 0.447332 0.485852 0.445396 0.484841 0.472576 0.862301
4 0.435274 0.304919 0.437445 0.275944 0.421455 0.272135 0.419284 0.30111 0.83619
4 0.337747 0.556777 0.340033 0.522628 0.320463 0.518462 0.318177 0.552611 0.792545
4 0.362048 0.841624 0.363589 0.813521 0.34764 0.81074 0.346099 0.838843 0.469587
4 0.244184 0.759375 0.246391 0.728537 0.229798 0.72476 0.227591 0.755598 0.43228
4 0.168542 0.58022 0.171064 0.548365 0.1532 0.543868 0.150679 0.575723 0.350963
0 0.442445 0.446053 0.445923 0.405582 0.423837 0.399546 0.42036 0.440017 0.348927
4 0.401493 0.433763 0.402586 0.404452 0.38671 0.402569 0.385617 0.431881 0.930157
4 0.201895 0.392661 0.203715 0.362485 0.185927 0.359073 0.184107 0.389249 0.92288
4 0.30322 0.244221 0.3053 0.213096 0.287743 0.209365 0.285663 0.24049 0.86557
4 0.501212 0.474512 0.502223 0.447332 0.485852 0.445396 0.484841 0.472576 0.862301
4 0.435274 0.304919 0.437445 0.275944 0.421455 0.272135 0.419284 0.30111 0.83619
4 0.337747 0.556777 0.340033 0.522628 0.320463 0.518462 0.318177 0.552611 0.792545
4 0.362048 0.841624 0.363589 0.813521 0.34764 0.81074 0.346099 0.838843 0.469587
4 0.244184 0.759375 0.246391 0.728537 0.229798 0.72476 0.227591 0.755598 0.43228
4 0.168542 0.58022 0.171064 0.548365 0.1532 0.543868 0.150679 0.575723 0.350963
0 0.442445 0.446053 0.445923 0.405582 0.423837 0.399546 0.42036 0.440017 0.348927
