4 0.202027 0.392558 0.203877 0.362518 0.186097 0.359036 0.184248 0.389077 0.916902
4 0.365459 0.573317 0.367214 0.542538 0.34861 0.539164 0.346854 0.569943 0.870853
4 0.30335 0.244444 0.305416 0.213006 0.287784 0.20932 0.285718 0.240758 0.868825
4 0.501107 0.474427 0.502155 0.447524 0.485984 0.445521 0.484936 0.472423 0.854213
4 0.435156 0.304799 0.437301 0.275862 0.421343 0.272099 0.419198 0.301036 0.840994
4 0.361972 0.841351 0.363427 0.813517 0.347711 0.810905 0.346256 0.838739 0.474638
0 0.345817 0.546885 0.346402 0.507363 0.325851 0.506394 0.325265 0.545916 0.464759
4 0.168586 0.58018 0.171068 0.54831 0.153254 0.543897 0.150771 0.575767 0.372134
4 0.243971 0.759337 0.24636 0.728496 0.229896 0.724439 0.227507 0.755279 0.339914
4 0.469799 0.681147 0.471381 0.65069 0.455894 0.648132 0.454312 0.678589 0.281402
4 0.202027 0.392558 0.203877 0.362518 0.186097 0.359036 0.184248 0.389077 0.916902
4 0.365459 0.573317 0.367214 0.542538 0.34861 0.539164 0.346854 0.569943 0.870853
4 0.30335 0.244444 0.305416 0.213006 0.287784 0.20932 0.285718 0.240758 0.868825
4 0.501107 0.474427 0.502155 0.447524 0.485984 0.445521 0.484936 0.472423 0.854213
4 0.435156 0.304799 0.437301 0.275862 0.421343 0.272099 0.419198 0.301036 0.840994
4 0.361972 0.841351 0.363427 0.813517 0.347711 0.810905 0.346256 0.838739 0.474638
0 0.345817 0.546885 0.346402 0.507363 0.325851 0.506394 0.325265 0.545916 0.464759
4 0.168586 0.58018 0.171068 0.54831 0.153254 0.543897 0.150771 0.575767 0.372134
4 0.243971 0.759337 0.24636 0.728496 0.229896 0.724439 0.227507 0.755279 0.339914
4 0.469799 0.681147 0.471381 0.65069 0.455894 0.648132 0.454312 0.678589 0.281402
