4 0.391327 0.546536 0.392636 0.519279 0.375743 0.516699 0.374434 0.543956 0.870692
0 0.252723 0.34459 0.254819 0.303606 0.232963 0.300051 0.230867 0.341035 0.807358
4 0.41927 0.704416 0.420856 0.673945 0.403007 0.670991 0.401421 0.701463 0.698869
4 0.398607 0.360585 0.399866 0.331035 0.383895 0.328871 0.382636 0.358422 0.680448
4 0.338363 0.575712 0.340041 0.547852 0.324277 0.544833 0.322599 0.572692 0.680321
4 0.481946 0.63743 0.484494 0.604645 0.466357 0.600162 0.463809 0.632947 0.577651
4 0.241747 0.30791 0.244446 0.281776 0.228168 0.276429 0.225468 0.302563 0.440303
4 0.391327 0.546536 0.392636 0.519279 0.375743 0.516699 0.374434 0.543956 0.870692
0 0.252723 0.34459 0.254819 0.303606 0.232963 0.300051 0.230867 0.341035 0.807358
4 0.41927 0.704416 0.420856 0.673945 0.403007 0.670991 0.401421 0.701463 0.698869
4 0.398607 0.360585 0.399866 0.331035 0.383895 0.328871 0.382636 0.358422 0.680448
4 0.338363 0.575712 0.340041 0.547852 0.324277 0.544833 0.322599 0.572692 0.680321
4 0.481946 0.63743 0.484494 0.604645 0.466357 0.600162 0.463809 0.632947 0.577651
4 0.241747 0.30791 0.244446 0.281776 0.228168 0.276429 0.225468 0.302563 0.440303
