4 0.201986 0.392559 0.203862 0.36221 0.185967 0.358691 0.184091 0.38904 0.923893
4 0.401531 0.43361 0.402897 0.404949 0.386724 0.402497 0.385357 0.431157 0.896588
0 0.440777 0.454336 0.443908 0.419251 0.423621 0.413495 0.420491 0.448579 0.886828
4 0.303307 0.244669 0.305444 0.213384 0.287898 0.209572 0.285761 0.240858 0.875769
4 0.501377 0.474351 0.502273 0.447301 0.485985 0.445584 0.485088 0.472634 0.872628
4 0.435327 0.30481 0.437433 0.275836 0.421216 0.272088 0.419111 0.301062 0.831504
4 0.337522 0.55679 0.340019 0.522706 0.320487 0.518156 0.31799 0.552239 0.803395
4 0.362045 0.84155 0.363677 0.813679 0.34778 0.810719 0.346148 0.838589 0.49821
4 0.168966 0.582801 0.171233 0.550595 0.154234 0.546791 0.151968 0.578997 0.380343
4 0.434818 0.395148 0.437581 0.361193 0.420054 0.356657 0.417291 0.390611 0.326983
4 0.244106 0.759676 0.246418 0.728359 0.229688 0.724431 0.227376 0.755748 0.323696
4 0.201986 0.392559 0.203862 0.36221 0.185967 0.358691 0.184091 0.38904 0.923893
4 0.401531 0.43361 0.402897 0.404949 0.386724 0.402497 0.385357 0.431157 0.896588
0 0.440777 0.454336 0.443908 0.419251 0.423621 0.413495 0.420491 0.448579 0.886828
4 0.303307 0.244669 0.305444 0.213384 0.287898 0.209572 0.285761 0.240858 0.875769
4 0.501377 0.474351 0.502273 0.447301 0.485985 0.445584 0.485088 0.472634 0.872628
4 0.435327 0.30481 0.437433 0.275836 0.421216 0.272088 0.419111 0.301062 0.831504
4 0.337522 0.55679 0.340019 0.522706 0.320487 0.518156 0.31799 0.552239 0.803395
4 0.362045 0.84155 0.363677 0.813679 0.34778 0.810719 0.346148 0.838589 0.49821
4 0.168966 0.582801 0.171233 0.550595 0.154234 0.546791 0.151968 0.578997 0.380343
4 0.434818 0.395148 0.437581 0.361193 0.420054 0.356657 0.417291 0.390611 0.326983
4 0.244106 0.759676 0.246418 0.728359 0.229688 0.724431 0.227376 0.755748 0.323696
