4 0.337298 0.471558 0.33943 0.44311 0.323517 0.439318 0.321386 0.467766 0.902147
4 0.367196 0.56415 0.367731 0.536467 0.351143 0.535448 0.350608 0.56313 0.863864
4 0.358381 0.446543 0.360025 0.419304 0.344811 0.416382 0.343167 0.443622 0.796405
4 0.477947 0.623148 0.47922 0.59145 0.462474 0.589311 0.461201 0.621009 0.765964
4 0.398677 0.360375 0.399932 0.330998 0.38383 0.328811 0.382575 0.358188 0.661333
4 0.381127 0.65934 0.383517 0.628982 0.367615 0.625 0.365225 0.655359 0.579081
4 0.371226 0.616624 0.374163 0.588767 0.35779 0.583279 0.354854 0.611135 0.538242
4 0.342895 0.580118 0.344012 0.550262 0.327521 0.548299 0.326404 0.578155 0.398701
4 0.483352 0.635071 0.485734 0.605334 0.469144 0.601108 0.466762 0.630845 0.271312
4 0.337298 0.471558 0.33943 0.44311 0.323517 0.439318 0.321386 0.467766 0.902147
4 0.367196 0.56415 0.367731 0.536467 0.351143 0.535448 0.350608 0.56313 0.863864
4 0.358381 0.446543 0.360025 0.419304 0.344811 0.416382 0.343167 0.443622 0.796405
4 0.477947 0.623148 0.47922 0.59145 0.462474 0.589311 0.461201 0.621009 0.765964
4 0.398677 0.360375 0.399932 0.330998 0.38383 0.328811 0.382575 0.358188 0.661333
4 0.381127 0.65934 0.383517 0.628982 0.367615 0.625 0.365225 0.655359 0.579081
4 0.371226 0.616624 0.374163 0.588767 0.35779 0.583279 0.354854 0.611135 0.538242
4 0.342895 0.580118 0.344012 0.550262 0.327521 0.548299 0.326404 0.578155 0.398701
4 0.483352 0.635071 0.485734 0.605334 0.469144 0.601108 0.466762 0.630845 0.271312
