4 0.201903 0.392694 0.203723 0.362514 0.185858 0.359088 0.184038 0.389268 0.927225
4 0.303198 0.244292 0.305152 0.213152 0.287928 0.209716 0.285974 0.240856 0.876579
4 0.501121 0.474336 0.502084 0.447521 0.486002 0.445685 0.48504 0.4725 0.855399
4 0.435165 0.304927 0.43729 0.276035 0.421366 0.272309 0.419241 0.301201 0.83811
4 0.440958 0.709078 0.4431 0.679453 0.42391 0.675041 0.421769 0.704666 0.71691
4 0.430861 0.609508 0.431902 0.581358 0.415002 0.579371 0.413961 0.607521 0.61825
4 0.362027 0.841363 0.363518 0.813616 0.347777 0.810927 0.346287 0.838674 0.453367
4 0.244258 0.75944 0.246593 0.728186 0.229725 0.724177 0.22739 0.755431 0.4241
4 0.168652 0.580502 0.171272 0.548445 0.153245 0.54376 0.150625 0.575817 0.352699
4 0.141142 0.216367 0.14309 0.184016 0.122205 0.180017 0.120257 0.212367 0.279414
4 0.201903 0.392694 0.203723 0.362514 0.185858 0.359088 0.184038 0.389268 0.927225
4 0.303198 0.244292 0.305152 0.213152 0.287928 0.209716 0.285974 0.240856 0.876579
4 0.501121 0.474336 0.502084 0.447521 0.486002 0.445685 0.48504 0.4725 0.855399
4 0.435165 0.304927 0.43729 0.276035 0.421366 0.272309 0.419241 0.301201 0.83811
4 0.440958 0.709078 0.4431 0.679453 0.42391 0.675041 0.421769 0.704666 0.71691
4 0.430861 0.609508 0.431902 0.581358 0.415002 0.579371 0.413961 0.607521 0.61825
4 0.362027 0.841363 0.363518 0.813616 0.347777 0.810927 0.346287 0.838674 0.453367
4 0.244258 0.75944 0.246593 0.728186 0.229725 0.724177 0.22739 0.755431 0.4241
4 0.168652 0.580502 0.171272 0.548445 0.153245 0.54376 0.150625 0.575817 0.352699
4 0.141142 0.216367 0.14309 0.184016 0.122205 0.180017 0.120257 0.212367 0.279414
