4 0.401662 0.43355 0.402856 0.404621 0.386872 0.402523 0.385678 0.431453 0.940161
4 0.201905 0.392645 0.203779 0.362372 0.18597 0.358866 0.184096 0.389139 0.917453
4 0.501319 0.474533 0.502295 0.447377 0.485933 0.445507 0.484957 0.472664 0.870567
4 0.303145 0.244603 0.305306 0.213329 0.287755 0.209471 0.285593 0.240745 0.866518
4 0.435369 0.304928 0.437482 0.276017 0.421533 0.27231 0.41942 0.301221 0.848921
4 0.337869 0.556723 0.340068 0.522596 0.320467 0.51858 0.318268 0.552706 0.796136
0 0.445822 0.438577 0.446467 0.402691 0.427042 0.40158 0.426397 0.437466 0.702672
4 0.36197 0.84171 0.363567 0.813564 0.347627 0.810687 0.34603 0.838833 0.469029
4 0.244127 0.759412 0.246362 0.728517 0.229813 0.72471 0.227579 0.755605 0.386947
4 0.168623 0.580396 0.171201 0.548299 0.15326 0.543714 0.150681 0.575812 0.351123
4 0.401662 0.43355 0.402856 0.404621 0.386872 0.402523 0.385678 0.431453 0.940161
4 0.201905 0.392645 0.203779 0.362372 0.18597 0.358866 0.184096 0.389139 0.917453
4 0.501319 0.474533 0.502295 0.447377 0.485933 0.445507 0.484957 0.472664 0.870567
4 0.303145 0.244603 0.305306 0.213329 0.287755 0.209471 0.285593 0.240745 0.866518
4 0.435369 0.304928 0.437482 0.276017 0.421533 0.27231 0.41942 0.301221 0.848921
4 0.337869 0.556723 0.340068 0.522596 0.320467 0.51858 0.318268 0.552706 0.796136
0 0.445822 0.438577 0.446467 0.402691 0.427042 0.40158 0.426397 0.437466 0.702672
4 0.36197 0.84171 0.363567 0.813564 0.347627 0.810687 0.34603 0.838833 0.469029
4 0.244127 0.759412 0.246362 0.728517 0.229813 0.72471 0.227579 0.755605 0.386947
4 0.168623 0.580396 0.171201 0.548299 0.15326 0.543714 0.150681 0.575812 0.351123
