4 0.201835 0.392486 0.203689 0.362331 0.186 0.358871 0.184146 0.389026 0.923071
4 0.303214 0.244964 0.305355 0.213318 0.287803 0.209541 0.285662 0.241187 0.881126
4 0.501132 0.474534 0.502151 0.447572 0.485967 0.445627 0.484948 0.472589 0.852035
4 0.435222 0.30471 0.43734 0.275963 0.421479 0.272245 0.41936 0.300992 0.838345
4 0.411778 0.654248 0.413859 0.623477 0.396533 0.61975 0.394452 0.650521 0.636046
0 0.393884 0.62811 0.397571 0.589975 0.376403 0.583466 0.372716 0.621601 0.505107
4 0.361981 0.841627 0.363576 0.813564 0.347709 0.810698 0.346115 0.83876 0.468341
4 0.244134 0.759417 0.246476 0.728378 0.229708 0.724355 0.227367 0.755394 0.420536
4 0.168582 0.580457 0.171187 0.548271 0.15294 0.543573 0.150335 0.575759 0.357939
4 0.44012 0.624676 0.442188 0.59634 0.426809 0.592771 0.424742 0.621107 0.346418
4 0.201835 0.392486 0.203689 0.362331 0.186 0.358871 0.184146 0.389026 0.923071
4 0.303214 0.244964 0.305355 0.213318 0.287803 0.209541 0.285662 0.241187 0.881126
4 0.501132 0.474534 0.502151 0.447572 0.485967 0.445627 0.484948 0.472589 0.852035
4 0.435222 0.30471 0.43734 0.275963 0.421479 0.272245 0.41936 0.300992 0.838345
4 0.411778 0.654248 0.413859 0.623477 0.396533 0.61975 0.394452 0.650521 0.636046
0 0.393884 0.62811 0.397571 0.589975 0.376403 0.583466 0.372716 0.621601 0.505107
4 0.361981 0.841627 0.363576 0.813564 0.347709 0.810698 0.346115 0.83876 0.468341
4 0.244134 0.759417 0.246476 0.728378 0.229708 0.724355 0.227367 0.755394 0.420536
4 0.168582 0.580457 0.171187 0.548271 0.15294 0.543573 0.150335 0.575759 0.357939
4 0.44012 0.624676 0.442188 0.59634 0.426809 0.592771 0.424742 0.621107 0.346418
