4 0.367633 0.56549 0.368384 0.537146 0.351001 0.53568 0.350249 0.564024 0.936622
4 0.337239 0.471873 0.339335 0.443721 0.323491 0.43997 0.321395 0.468122 0.923342
4 0.35836 0.44659 0.36001 0.419503 0.344852 0.416566 0.343202 0.443653 0.792256
4 0.398512 0.360707 0.399799 0.331671 0.383752 0.329409 0.382465 0.358445 0.755646
4 0.381104 0.659856 0.383334 0.628969 0.366617 0.62513 0.364387 0.656017 0.73624
0 0.455111 0.627825 0.459154 0.589009 0.43853 0.582178 0.434487 0.620993 0.632097
4 0.477739 0.630936 0.479216 0.596054 0.461969 0.593731 0.460491 0.628613 0.566884
4 0.371019 0.615337 0.3735 0.58661 0.355451 0.581652 0.352969 0.610379 0.526505
4 0.343064 0.581094 0.344036 0.551006 0.327392 0.549297 0.326421 0.579385 0.488797
4 0.367633 0.56549 0.368384 0.537146 0.351001 0.53568 0.350249 0.564024 0.936622
4 0.337239 0.471873 0.339335 0.443721 0.323491 0.43997 0.321395 0.468122 0.923342
4 0.35836 0.44659 0.36001 0.419503 0.344852 0.416566 0.343202 0.443653 0.792256
4 0.398512 0.360707 0.399799 0.331671 0.383752 0.329409 0.382465 0.358445 0.755646
4 0.381104 0.659856 0.383334 0.628969 0.366617 0.62513 0.364387 0.656017 0.73624
0 0.455111 0.627825 0.459154 0.589009 0.43853 0.582178 0.434487 0.620993 0.632097
4 0.477739 0.630936 0.479216 0.596054 0.461969 0.593731 0.460491 0.628613 0.566884
4 0.371019 0.615337 0.3735 0.58661 0.355451 0.581652 0.352969 0.610379 0.526505
4 0.343064 0.581094 0.344036 0.551006 0.327392 0.549297 0.326421 0.579385 0.488797
