0 0.249175 0.33397 0.250902 0.296832 0.228942 0.293585 0.227215 0.330723 0.901104
4 0.391313 0.546489 0.39259 0.519254 0.375682 0.516734 0.374406 0.543969 0.876318
4 0.419403 0.704564 0.421002 0.673977 0.403115 0.671004 0.401516 0.70159 0.708988
4 0.338388 0.575723 0.340177 0.54772 0.324043 0.544443 0.322255 0.572446 0.689834
4 0.398755 0.360527 0.400039 0.330767 0.383798 0.328539 0.382514 0.358298 0.626576
4 0.481981 0.636972 0.484529 0.604853 0.466782 0.600376 0.464234 0.632495 0.592578
4 0.476671 0.624633 0.47835 0.590254 0.461173 0.587587 0.459494 0.621966 0.541044
4 0.242871 0.30705 0.245702 0.275147 0.228637 0.27033 0.225805 0.302234 0.423329
0 0.249175 0.33397 0.250902 0.296832 0.228942 0.293585 0.227215 0.330723 0.901104
4 0.391313 0.546489 0.39259 0.519254 0.375682 0.516734 0.374406 0.543969 0.876318
4 0.419403 0.704564 0.421002 0.673977 0.403115 0.671004 0.401516 0.70159 0.708988
4 0.338388 0.575723 0.340177 0.54772 0.324043 0.544443 0.322255 0.572446 0.689834
4 0.398755 0.360527 0.400039 0.330767 0.383798 0.328539 0.382514 0.358298 0.626576
4 0.481981 0.636972 0.484529 0.604853 0.466782 0.600376 0.464234 0.632495 0.592578
4 0.476671 0.624633 0.47835 0.590254 0.461173 0.587587 0.459494 0.621966 0.541044
4 0.242871 0.30705 0.245702 0.275147 0.228637 0.27033 0.225805 0.302234 0.423329
