4 0.201783 0.392644 0.203642 0.362325 0.185746 0.358835 0.183887 0.389154 0.919488
4 0.303232 0.244857 0.305387 0.213346 0.287847 0.209532 0.285693 0.241043 0.880886
4 0.501375 0.474408 0.502378 0.447357 0.485847 0.445409 0.484844 0.47246 0.868092
4 0.435127 0.304799 0.437369 0.275652 0.421314 0.271724 0.419072 0.300871 0.851528
4 0.402552 0.432854 0.403613 0.403462 0.387818 0.40165 0.386757 0.431042 0.830868
4 0.337685 0.556918 0.340012 0.522671 0.320409 0.518434 0.318082 0.552681 0.793272
0 0.446013 0.438804 0.447357 0.403015 0.428593 0.400774 0.427249 0.436563 0.635828
4 0.36196 0.84138 0.36346 0.81368 0.347768 0.810978 0.346267 0.838678 0.47547
4 0.244209 0.759392 0.24655 0.728404 0.229961 0.724418 0.22762 0.755405 0.365855
4 0.168594 0.580246 0.171147 0.548217 0.153074 0.543634 0.150521 0.575664 0.357794
4 0.201783 0.392644 0.203642 0.362325 0.185746 0.358835 0.183887 0.389154 0.919488
4 0.303232 0.244857 0.305387 0.213346 0.287847 0.209532 0.285693 0.241043 0.880886
4 0.501375 0.474408 0.502378 0.447357 0.485847 0.445409 0.484844 0.47246 0.868092
4 0.435127 0.304799 0.437369 0.275652 0.421314 0.271724 0.419072 0.300871 0.851528
4 0.402552 0.432854 0.403613 0.403462 0.387818 0.40165 0.386757 0.431042 0.830868
4 0.337685 0.556918 0.340012 0.522671 0.320409 0.518434 0.318082 0.552681 0.793272
0 0.446013 0.438804 0.447357 0.403015 0.428593 0.400774 0.427249 0.436563 0.635828
4 0.36196 0.84138 0.36346 0.81368 0.347768 0.810978 0.346267 0.838678 0.47547
4 0.244209 0.759392 0.24655 0.728404 0.229961 0.724418 0.22762 0.755405 0.365855
4 0.168594 0.580246 0.171147 0.548217 0.153074 0.543634 0.150521 0.575664 0.357794
