4 0.391268 0.546394 0.392575 0.51933 0.375583 0.516721 0.374276 0.543785 0.879634
0 0.272134 0.429739 0.292961 0.429287 0.292712 0.392719 0.271885 0.393171 0.729644
4 0.419258 0.704334 0.420773 0.674065 0.403099 0.671252 0.401584 0.70152 0.722091
4 0.338337 0.575981 0.340174 0.547651 0.323986 0.544313 0.322149 0.572643 0.686529
4 0.397754 0.36063 0.399683 0.330099 0.382975 0.326741 0.381046 0.357272 0.634004
4 0.482062 0.636683 0.484339 0.604929 0.466777 0.600924 0.4645 0.632678 0.57398
4 0.456736 0.55838 0.459472 0.521227 0.439991 0.516664 0.437255 0.553818 0.278555
4 0.391268 0.546394 0.392575 0.51933 0.375583 0.516721 0.374276 0.543785 0.879634
0 0.272134 0.429739 0.292961 0.429287 0.292712 0.392719 0.271885 0.393171 0.729644
4 0.419258 0.704334 0.420773 0.674065 0.403099 0.671252 0.401584 0.70152 0.722091
4 0.338337 0.575981 0.340174 0.547651 0.323986 0.544313 0.322149 0.572643 0.686529
4 0.397754 0.36063 0.399683 0.330099 0.382975 0.326741 0.381046 0.357272 0.634004
4 0.482062 0.636683 0.484339 0.604929 0.466777 0.600924 0.4645 0.632678 0.57398
4 0.456736 0.55838 0.459472 0.521227 0.439991 0.516664 0.437255 0.553818 0.278555
