4 0.391326 0.546623 0.392624 0.519347 0.375684 0.516782 0.374385 0.544058 0.878222
0 0.251944 0.344128 0.253505 0.304003 0.231833 0.301321 0.230272 0.341446 0.851463
4 0.419237 0.704636 0.420866 0.67409 0.402941 0.671049 0.401312 0.701595 0.714103
4 0.338414 0.575898 0.340121 0.548037 0.324191 0.544932 0.322484 0.572794 0.700648
4 0.39854 0.360668 0.399819 0.33139 0.383911 0.32918 0.382632 0.358457 0.685676
4 0.481894 0.637339 0.484531 0.604756 0.466517 0.60012 0.46388 0.632703 0.585819
4 0.241716 0.305912 0.244331 0.280162 0.22785 0.274837 0.225234 0.300587 0.471428
4 0.391326 0.546623 0.392624 0.519347 0.375684 0.516782 0.374385 0.544058 0.878222
0 0.251944 0.344128 0.253505 0.304003 0.231833 0.301321 0.230272 0.341446 0.851463
4 0.419237 0.704636 0.420866 0.67409 0.402941 0.671049 0.401312 0.701595 0.714103
4 0.338414 0.575898 0.340121 0.548037 0.324191 0.544932 0.322484 0.572794 0.700648
4 0.39854 0.360668 0.399819 0.33139 0.383911 0.32918 0.382632 0.358457 0.685676
4 0.481894 0.637339 0.484531 0.604756 0.466517 0.60012 0.46388 0.632703 0.585819
4 0.241716 0.305912 0.244331 0.280162 0.22785 0.274837 0.225234 0.300587 0.471428
