4 0.201913 0.392753 0.203799 0.362538 0.185972 0.358999 0.184086 0.389214 0.923784
4 0.50122 0.474595 0.502212 0.447594 0.485807 0.445677 0.484815 0.472677 0.885469
4 0.30327 0.245073 0.305459 0.213201 0.287845 0.209354 0.285657 0.241226 0.876907
4 0.4012 0.433116 0.403208 0.404733 0.387143 0.401119 0.385136 0.429502 0.862262
4 0.43523 0.304425 0.437403 0.275843 0.42146 0.271988 0.419287 0.30057 0.824381
4 0.337841 0.556815 0.339949 0.522624 0.320362 0.518783 0.318253 0.552973 0.784647
0 0.444776 0.455212 0.447792 0.417875 0.42862 0.412949 0.425604 0.450286 0.576677
4 0.361973 0.841334 0.363358 0.81342 0.347539 0.810924 0.346154 0.838837 0.459405
4 0.168391 0.580435 0.17101 0.548157 0.153 0.54351 0.150381 0.575787 0.359242
4 0.244166 0.759783 0.246549 0.728088 0.229669 0.724053 0.227286 0.755747 0.332575
4 0.201913 0.392753 0.203799 0.362538 0.185972 0.358999 0.184086 0.389214 0.923784
4 0.50122 0.474595 0.502212 0.447594 0.485807 0.445677 0.484815 0.472677 0.885469
4 0.30327 0.245073 0.305459 0.213201 0.287845 0.209354 0.285657 0.241226 0.876907
4 0.4012 0.433116 0.403208 0.404733 0.387143 0.401119 0.385136 0.429502 0.862262
4 0.43523 0.304425 0.437403 0.275843 0.42146 0.271988 0.419287 0.30057 0.824381
4 0.337841 0.556815 0.339949 0.522624 0.320362 0.518783 0.318253 0.552973 0.784647
0 0.444776 0.455212 0.447792 0.417875 0.42862 0.412949 0.425604 0.450286 0.576677
4 0.361973 0.841334 0.363358 0.81342 0.347539 0.810924 0.346154 0.838837 0.459405
4 0.168391 0.580435 0.17101 0.548157 0.153 0.54351 0.150381 0.575787 0.359242
4 0.244166 0.759783 0.246549 0.728088 0.229669 0.724053 0.227286 0.755747 0.332575
