4 0.337222 0.471594 0.339284 0.443098 0.323396 0.439443 0.321335 0.467938 0.897165
4 0.368212 0.564487 0.368619 0.534689 0.352419 0.533984 0.352012 0.563782 0.832198
4 0.35848 0.446798 0.36019 0.418973 0.344707 0.415948 0.342997 0.443772 0.774212
4 0.39851 0.360272 0.399748 0.331193 0.383695 0.329019 0.382457 0.358097 0.665757
4 0.380883 0.657391 0.382696 0.625639 0.364634 0.622359 0.362821 0.654111 0.58554
4 0.409497 0.573491 0.413003 0.540678 0.392707 0.533782 0.389201 0.566594 0.51431
4 0.342378 0.581608 0.343779 0.551801 0.327391 0.54935 0.32599 0.579158 0.473488
4 0.372852 0.648287 0.375289 0.613838 0.358049 0.60996 0.355612 0.644409 0.471268
4 0.337222 0.471594 0.339284 0.443098 0.323396 0.439443 0.321335 0.467938 0.897165
4 0.368212 0.564487 0.368619 0.534689 0.352419 0.533984 0.352012 0.563782 0.832198
4 0.35848 0.446798 0.36019 0.418973 0.344707 0.415948 0.342997 0.443772 0.774212
4 0.39851 0.360272 0.399748 0.331193 0.383695 0.329019 0.382457 0.358097 0.665757
4 0.380883 0.657391 0.382696 0.625639 0.364634 0.622359 0.362821 0.654111 0.58554
4 0.409497 0.573491 0.413003 0.540678 0.392707 0.533782 0.389201 0.566594 0.51431
4 0.342378 0.581608 0.343779 0.551801 0.327391 0.54935 0.32599 0.579158 0.473488
4 0.372852 0.648287 0.375289 0.613838 0.358049 0.60996 0.355612 0.644409 0.471268
