4 0.391356 0.546357 0.392641 0.519235 0.375711 0.516685 0.374426 0.543807 0.873333
0 0.263701 0.368782 0.265898 0.32783 0.244479 0.324176 0.242282 0.365128 0.736514
4 0.398533 0.360641 0.399786 0.331204 0.383761 0.329034 0.382508 0.358471 0.696081
4 0.419539 0.704629 0.421085 0.673985 0.40331 0.671132 0.401763 0.701776 0.683033
4 0.338516 0.576322 0.340456 0.547988 0.324145 0.544436 0.322205 0.57277 0.68058
4 0.481998 0.637028 0.484463 0.604682 0.466541 0.600338 0.464076 0.632684 0.591771
4 0.252488 0.33315 0.255009 0.305148 0.238328 0.300372 0.235807 0.328374 0.435753
4 0.391356 0.546357 0.392641 0.519235 0.375711 0.516685 0.374426 0.543807 0.873333
0 0.263701 0.368782 0.265898 0.32783 0.244479 0.324176 0.242282 0.365128 0.736514
4 0.398533 0.360641 0.399786 0.331204 0.383761 0.329034 0.382508 0.358471 0.696081
4 0.419539 0.704629 0.421085 0.673985 0.40331 0.671132 0.401763 0.701776 0.683033
4 0.338516 0.576322 0.340456 0.547988 0.324145 0.544436 0.322205 0.57277 0.68058
4 0.481998 0.637028 0.484463 0.604682 0.466541 0.600338 0.464076 0.632684 0.591771
4 0.252488 0.33315 0.255009 0.305148 0.238328 0.300372 0.235807 0.328374 0.435753
