0 0.284579 0.344869 0.288424 0.304856 0.266308 0.298097 0.262463 0.338109 0.903908
4 0.391057 0.546514 0.392398 0.519329 0.375576 0.516688 0.374234 0.543874 0.863307
4 0.242825 0.308254 0.245256 0.276761 0.227928 0.272506 0.225496 0.303999 0.81127
4 0.398521 0.360551 0.399732 0.331465 0.383737 0.329347 0.382526 0.358433 0.728286
4 0.419375 0.704441 0.420841 0.674227 0.403088 0.671488 0.401622 0.701701 0.727873
4 0.338362 0.576242 0.340416 0.547735 0.324096 0.543995 0.322042 0.572502 0.666805
4 0.482034 0.637262 0.484532 0.605035 0.466896 0.600689 0.464398 0.632915 0.581102
4 0.476614 0.625038 0.478277 0.590355 0.461019 0.587723 0.459356 0.622406 0.514873
0 0.284579 0.344869 0.288424 0.304856 0.266308 0.298097 0.262463 0.338109 0.903908
4 0.391057 0.546514 0.392398 0.519329 0.375576 0.516688 0.374234 0.543874 0.863307
4 0.242825 0.308254 0.245256 0.276761 0.227928 0.272506 0.225496 0.303999 0.81127
4 0.398521 0.360551 0.399732 0.331465 0.383737 0.329347 0.382526 0.358433 0.728286
4 0.419375 0.704441 0.420841 0.674227 0.403088 0.671488 0.401622 0.701701 0.727873
4 0.338362 0.576242 0.340416 0.547735 0.324096 0.543995 0.322042 0.572502 0.666805
4 0.482034 0.637262 0.484532 0.605035 0.466896 0.600689 0.464398 0.632915 0.581102
4 0.476614 0.625038 0.478277 0.590355 0.461019 0.587723 0.459356 0.622406 0.514873
