4 0.401491 0.433663 0.402625 0.40461 0.38672 0.402635 0.385586 0.431689 0.935336
4 0.201866 0.392658 0.203764 0.362306 0.18589 0.358752 0.183992 0.389105 0.915594
4 0.303165 0.24444 0.305272 0.21313 0.287717 0.209375 0.285611 0.240685 0.86349
4 0.501209 0.474541 0.502293 0.447314 0.485885 0.445236 0.484801 0.472463 0.859947
4 0.435291 0.305029 0.437465 0.275903 0.421413 0.272093 0.419239 0.301219 0.840385
4 0.337823 0.556758 0.340058 0.522549 0.320462 0.518477 0.318227 0.552686 0.788194
0 0.444917 0.4388 0.44545 0.401784 0.424894 0.400843 0.424361 0.437859 0.538058
4 0.362007 0.841613 0.363585 0.813544 0.34766 0.810696 0.346082 0.838765 0.452403
4 0.244155 0.75939 0.24644 0.728354 0.229815 0.724462 0.22753 0.755498 0.390121
4 0.168516 0.580296 0.171092 0.5483 0.153179 0.543714 0.150603 0.57571 0.341023
4 0.401491 0.433663 0.402625 0.40461 0.38672 0.402635 0.385586 0.431689 0.935336
4 0.201866 0.392658 0.203764 0.362306 0.18589 0.358752 0.183992 0.389105 0.915594
4 0.303165 0.24444 0.305272 0.21313 0.287717 0.209375 0.285611 0.240685 0.86349
4 0.501209 0.474541 0.502293 0.447314 0.485885 0.445236 0.484801 0.472463 0.859947
4 0.435291 0.305029 0.437465 0.275903 0.421413 0.272093 0.419239 0.301219 0.840385
4 0.337823 0.556758 0.340058 0.522549 0.320462 0.518477 0.318227 0.552686 0.788194
0 0.444917 0.4388 0.44545 0.401784 0.424894 0.400843 0.424361 0.437859 0.538058
4 0.362007 0.841613 0.363585 0.813544 0.34766 0.810696 0.346082 0.838765 0.452403
4 0.244155 0.75939 0.24644 0.728354 0.229815 0.724462 0.22753 0.755498 0.390121
4 0.168516 0.580296 0.171092 0.5483 0.153179 0.543714 0.150603 0.57571 0.341023
