4 0.361507 0.498024 0.362919 0.469473 0.346421 0.46688 0.345009 0.49543 0.937854
0 0.404003 0.661282 0.408371 0.621254 0.388563 0.614379 0.384195 0.654407 0.726098
4 0.330896 0.498187 0.333249 0.458073 0.310501 0.453829 0.308148 0.493943 0.526285
4 0.425515 0.683219 0.427614 0.654391 0.409957 0.650301 0.407857 0.679129 0.487371
4 0.336441 0.474126 0.337526 0.444241 0.320908 0.442323 0.319824 0.472208 0.414814
4 0.341251 0.585172 0.344722 0.553732 0.327669 0.547745 0.324198 0.579185 0.319937
4 0.361507 0.498024 0.362919 0.469473 0.346421 0.46688 0.345009 0.49543 0.937854
0 0.404003 0.661282 0.408371 0.621254 0.388563 0.614379 0.384195 0.654407 0.726098
4 0.330896 0.498187 0.333249 0.458073 0.310501 0.453829 0.308148 0.493943 0.526285
4 0.425515 0.683219 0.427614 0.654391 0.409957 0.650301 0.407857 0.679129 0.487371
4 0.336441 0.474126 0.337526 0.444241 0.320908 0.442323 0.319824 0.472208 0.414814
4 0.341251 0.585172 0.344722 0.553732 0.327669 0.547745 0.324198 0.579185 0.319937
