4 0.367418 0.564867 0.368107 0.53672 0.351473 0.535425 0.350784 0.563572 0.935141
4 0.337408 0.471712 0.339477 0.443247 0.323535 0.439563 0.321466 0.468027 0.891666
4 0.358487 0.446321 0.360097 0.419154 0.344882 0.416287 0.343272 0.443453 0.778645
4 0.39859 0.360607 0.39989 0.330976 0.383648 0.328709 0.382348 0.35834 0.660311
4 0.342682 0.581103 0.343978 0.551203 0.327356 0.548911 0.32606 0.578811 0.522433
4 0.38087 0.656951 0.382644 0.625082 0.364532 0.621875 0.362758 0.653744 0.50729
4 0.433725 0.595508 0.437323 0.561773 0.415965 0.554527 0.412367 0.588262 0.488214
4 0.373075 0.648787 0.375478 0.614465 0.357986 0.61057 0.355582 0.644892 0.416477
4 0.367418 0.564867 0.368107 0.53672 0.351473 0.535425 0.350784 0.563572 0.935141
4 0.337408 0.471712 0.339477 0.443247 0.323535 0.439563 0.321466 0.468027 0.891666
4 0.358487 0.446321 0.360097 0.419154 0.344882 0.416287 0.343272 0.443453 0.778645
4 0.39859 0.360607 0.39989 0.330976 0.383648 0.328709 0.382348 0.35834 0.660311
4 0.342682 0.581103 0.343978 0.551203 0.327356 0.548911 0.32606 0.578811 0.522433
4 0.38087 0.656951 0.382644 0.625082 0.364532 0.621875 0.362758 0.653744 0.50729
4 0.433725 0.595508 0.437323 0.561773 0.415965 0.554527 0.412367 0.588262 0.488214
4 0.373075 0.648787 0.375478 0.614465 0.357986 0.61057 0.355582 0.644892 0.416477
