4 0.201968 0.392737 0.203829 0.362493 0.185961 0.358998 0.184101 0.389242 0.922715
4 0.50123 0.474304 0.502184 0.447306 0.485859 0.445471 0.484905 0.472469 0.879005
4 0.303179 0.245058 0.3055 0.21339 0.287849 0.209276 0.285529 0.240944 0.865961
4 0.401269 0.433169 0.403361 0.404887 0.387296 0.401106 0.385203 0.429388 0.864383
4 0.435153 0.304573 0.437325 0.275711 0.421311 0.271879 0.41914 0.300741 0.844746
4 0.337615 0.55706 0.339995 0.522701 0.320456 0.518395 0.318075 0.552754 0.793743
0 0.448111 0.449244 0.450199 0.413497 0.430633 0.409862 0.428545 0.445609 0.748775
4 0.361922 0.841585 0.36355 0.813169 0.347559 0.810256 0.345931 0.838672 0.501252
4 0.169076 0.582912 0.171418 0.550629 0.154302 0.546681 0.151961 0.578964 0.417942
4 0.244194 0.759512 0.246571 0.72843 0.229927 0.724381 0.22755 0.755463 0.377586
4 0.417823 0.391313 0.420691 0.353289 0.400801 0.348518 0.397933 0.386542 0.296853
4 0.201968 0.392737 0.203829 0.362493 0.185961 0.358998 0.184101 0.389242 0.922715
4 0.50123 0.474304 0.502184 0.447306 0.485859 0.445471 0.484905 0.472469 0.879005
4 0.303179 0.245058 0.3055 0.21339 0.287849 0.209276 0.285529 0.240944 0.865961
4 0.401269 0.433169 0.403361 0.404887 0.387296 0.401106 0.385203 0.429388 0.864383
4 0.435153 0.304573 0.437325 0.275711 0.421311 0.271879 0.41914 0.300741 0.844746
4 0.337615 0.55706 0.339995 0.522701 0.320456 0.518395 0.318075 0.552754 0.793743
0 0.448111 0.449244 0.450199 0.413497 0.430633 0.409862 0.428545 0.445609 0.748775
4 0.361922 0.841585 0.36355 0.813169 0.347559 0.810256 0.345931 0.838672 0.501252
4 0.169076 0.582912 0.171418 0.550629 0.154302 0.546681 0.151961 0.578964 0.417942
4 0.244194 0.759512 0.246571 0.72843 0.229927 0.724381 0.22755 0.755463 0.377586
4 0.417823 0.391313 0.420691 0.353289 0.400801 0.348518 0.397933 0.386542 0.296853
