4 0.201747 0.392683 0.203565 0.36241 0.185796 0.359015 0.183978 0.389288 0.921679
4 0.401457 0.432654 0.40256 0.404006 0.38682 0.402079 0.385717 0.430726 0.913852
4 0.303199 0.244787 0.30537 0.213365 0.287753 0.209495 0.285582 0.240917 0.876494
4 0.501327 0.474538 0.502307 0.44742 0.485985 0.445544 0.485005 0.472662 0.862545
4 0.435191 0.304956 0.437438 0.275627 0.42129 0.271693 0.419043 0.301022 0.857802
4 0.337643 0.556826 0.340016 0.522635 0.320454 0.518317 0.318081 0.552508 0.787433
0 0.446246 0.438644 0.447155 0.402634 0.427643 0.401067 0.426734 0.437077 0.562675
4 0.361822 0.841625 0.363421 0.813619 0.347561 0.81074 0.345962 0.838746 0.46907
4 0.244189 0.759609 0.246582 0.728179 0.229695 0.724089 0.227301 0.755519 0.335104
4 0.168556 0.580256 0.171092 0.548602 0.153324 0.544073 0.150787 0.575727 0.329063
4 0.201747 0.392683 0.203565 0.36241 0.185796 0.359015 0.183978 0.389288 0.921679
4 0.401457 0.432654 0.40256 0.404006 0.38682 0.402079 0.385717 0.430726 0.913852
4 0.303199 0.244787 0.30537 0.213365 0.287753 0.209495 0.285582 0.240917 0.876494
4 0.501327 0.474538 0.502307 0.44742 0.485985 0.445544 0.485005 0.472662 0.862545
4 0.435191 0.304956 0.437438 0.275627 0.42129 0.271693 0.419043 0.301022 0.857802
4 0.337643 0.556826 0.340016 0.522635 0.320454 0.518317 0.318081 0.552508 0.787433
0 0.446246 0.438644 0.447155 0.402634 0.427643 0.401067 0.426734 0.437077 0.562675
4 0.361822 0.841625 0.363421 0.813619 0.347561 0.81074 0.345962 0.838746 0.46907
4 0.244189 0.759609 0.246582 0.728179 0.229695 0.724089 0.227301 0.755519 0.335104
4 0.168556 0.580256 0.171092 0.548602 0.153324 0.544073 0.150787 0.575727 0.329063
