4 0.201551 0.392642 0.203495 0.362465 0.185842 0.358849 0.183898 0.389026 0.920954
4 0.501211 0.474653 0.502188 0.447641 0.485799 0.445755 0.484821 0.472767 0.880816
4 0.30329 0.24462 0.305414 0.213226 0.288009 0.209483 0.285886 0.240876 0.876477
4 0.401272 0.433036 0.403184 0.404743 0.387178 0.401302 0.385266 0.429595 0.864573
4 0.435185 0.304316 0.437426 0.275623 0.421449 0.271654 0.419208 0.300347 0.825819
4 0.337776 0.556758 0.339947 0.522548 0.320368 0.518596 0.318197 0.552806 0.80249
0 0.443776 0.45603 0.447112 0.418507 0.428205 0.41316 0.424868 0.450684 0.701409
4 0.36197 0.84144 0.363447 0.813297 0.347495 0.810635 0.346018 0.838778 0.490948
4 0.244165 0.75963 0.246432 0.728537 0.229787 0.724677 0.22752 0.755771 0.361845
4 0.168491 0.580448 0.171114 0.548295 0.153041 0.543607 0.150419 0.575761 0.358121
4 0.201551 0.392642 0.203495 0.362465 0.185842 0.358849 0.183898 0.389026 0.920954
4 0.501211 0.474653 0.502188 0.447641 0.485799 0.445755 0.484821 0.472767 0.880816
4 0.30329 0.24462 0.305414 0.213226 0.288009 0.209483 0.285886 0.240876 0.876477
4 0.401272 0.433036 0.403184 0.404743 0.387178 0.401302 0.385266 0.429595 0.864573
4 0.435185 0.304316 0.437426 0.275623 0.421449 0.271654 0.419208 0.300347 0.825819
4 0.337776 0.556758 0.339947 0.522548 0.320368 0.518596 0.318197 0.552806 0.80249
0 0.443776 0.45603 0.447112 0.418507 0.428205 0.41316 0.424868 0.450684 0.701409
4 0.36197 0.84144 0.363447 0.813297 0.347495 0.810635 0.346018 0.838778 0.490948
4 0.244165 0.75963 0.246432 0.728537 0.229787 0.724677 0.22752 0.755771 0.361845
4 0.168491 0.580448 0.171114 0.548295 0.153041 0.543607 0.150419 0.575761 0.358121
