4 0.391231 0.546565 0.39258 0.519509 0.375658 0.516825 0.374308 0.543881 0.866849
0 0.268242 0.380512 0.271288 0.343197 0.250171 0.337715 0.247125 0.37503 0.761373
4 0.398539 0.360765 0.399822 0.331512 0.383701 0.329264 0.382418 0.358517 0.727338
4 0.419307 0.704965 0.420873 0.674402 0.403059 0.671499 0.401493 0.702062 0.716986
4 0.338442 0.576607 0.340467 0.547949 0.324147 0.544282 0.322122 0.572939 0.664401
4 0.482158 0.637284 0.484626 0.605046 0.466726 0.600688 0.464258 0.632925 0.60041
4 0.258434 0.344291 0.260415 0.319024 0.245025 0.315186 0.243044 0.340453 0.468769
4 0.476735 0.624738 0.478554 0.59047 0.461392 0.587573 0.459573 0.62184 0.463379
4 0.391231 0.546565 0.39258 0.519509 0.375658 0.516825 0.374308 0.543881 0.866849
0 0.268242 0.380512 0.271288 0.343197 0.250171 0.337715 0.247125 0.37503 0.761373
4 0.398539 0.360765 0.399822 0.331512 0.383701 0.329264 0.382418 0.358517 0.727338
4 0.419307 0.704965 0.420873 0.674402 0.403059 0.671499 0.401493 0.702062 0.716986
4 0.338442 0.576607 0.340467 0.547949 0.324147 0.544282 0.322122 0.572939 0.664401
4 0.482158 0.637284 0.484626 0.605046 0.466726 0.600688 0.464258 0.632925 0.60041
4 0.258434 0.344291 0.260415 0.319024 0.245025 0.315186 0.243044 0.340453 0.468769
4 0.476735 0.624738 0.478554 0.59047 0.461392 0.587573 0.459573 0.62184 0.463379
