4 0.201701 0.392503 0.203544 0.362461 0.185922 0.359023 0.184079 0.389066 0.924477
4 0.402388 0.433121 0.403767 0.404372 0.388077 0.401978 0.386698 0.430727 0.870075
4 0.303254 0.245052 0.305482 0.213327 0.287836 0.209384 0.285607 0.24111 0.863244
4 0.435229 0.304749 0.437332 0.275909 0.421396 0.272214 0.419294 0.301054 0.842028
4 0.501181 0.474755 0.502296 0.44732 0.485721 0.445179 0.484607 0.472614 0.841349
4 0.337682 0.556781 0.339882 0.522702 0.320368 0.518697 0.318168 0.552775 0.814369
0 0.447123 0.452139 0.44884 0.4168 0.430464 0.413961 0.428747 0.4493 0.811974
4 0.361951 0.84163 0.363507 0.813594 0.347695 0.810803 0.346139 0.838838 0.489388
4 0.244133 0.759459 0.246477 0.72851 0.229832 0.724501 0.227488 0.75545 0.407489
4 0.16884 0.582861 0.171228 0.550493 0.154248 0.546509 0.15186 0.578877 0.341654
4 0.201701 0.392503 0.203544 0.362461 0.185922 0.359023 0.184079 0.389066 0.924477
4 0.402388 0.433121 0.403767 0.404372 0.388077 0.401978 0.386698 0.430727 0.870075
4 0.303254 0.245052 0.305482 0.213327 0.287836 0.209384 0.285607 0.24111 0.863244
4 0.435229 0.304749 0.437332 0.275909 0.421396 0.272214 0.419294 0.301054 0.842028
4 0.501181 0.474755 0.502296 0.44732 0.485721 0.445179 0.484607 0.472614 0.841349
4 0.337682 0.556781 0.339882 0.522702 0.320368 0.518697 0.318168 0.552775 0.814369
0 0.447123 0.452139 0.44884 0.4168 0.430464 0.413961 0.428747 0.4493 0.811974
4 0.361951 0.84163 0.363507 0.813594 0.347695 0.810803 0.346139 0.838838 0.489388
4 0.244133 0.759459 0.246477 0.72851 0.229832 0.724501 0.227488 0.75545 0.407489
4 0.16884 0.582861 0.171228 0.550493 0.154248 0.546509 0.15186 0.578877 0.341654
