4 0.361529 0.497519 0.362878 0.469306 0.346444 0.466807 0.345095 0.495021 0.95121
0 0.403375 0.679387 0.407668 0.641854 0.388581 0.63491 0.384287 0.672443 0.756499
4 0.425963 0.682685 0.428351 0.654594 0.411117 0.649934 0.408728 0.678025 0.566616
4 0.331097 0.497857 0.333303 0.458106 0.310571 0.454093 0.308364 0.493844 0.53909
4 0.336512 0.473135 0.337512 0.444125 0.321197 0.442337 0.320198 0.471348 0.519235
4 0.341314 0.584664 0.344726 0.553312 0.327583 0.547378 0.324171 0.57873 0.340981
4 0.361529 0.497519 0.362878 0.469306 0.346444 0.466807 0.345095 0.495021 0.95121
0 0.403375 0.679387 0.407668 0.641854 0.388581 0.63491 0.384287 0.672443 0.756499
4 0.425963 0.682685 0.428351 0.654594 0.411117 0.649934 0.408728 0.678025 0.566616
4 0.331097 0.497857 0.333303 0.458106 0.310571 0.454093 0.308364 0.493844 0.53909
4 0.336512 0.473135 0.337512 0.444125 0.321197 0.442337 0.320198 0.471348 0.519235
4 0.341314 0.584664 0.344726 0.553312 0.327583 0.547378 0.324171 0.57873 0.340981
