4 0.337351 0.471843 0.339578 0.443268 0.32363 0.439315 0.321403 0.46789 0.903965
4 0.367169 0.563832 0.367685 0.536377 0.351216 0.535391 0.3507 0.562847 0.8662
4 0.358503 0.446784 0.360241 0.418799 0.344696 0.415729 0.342958 0.443713 0.78736
4 0.477706 0.623092 0.47884 0.591787 0.461949 0.589843 0.460816 0.621148 0.717565
4 0.398471 0.360316 0.399713 0.330944 0.383715 0.328794 0.382473 0.358166 0.667526
4 0.381136 0.659131 0.383553 0.628661 0.367567 0.624628 0.365149 0.655097 0.571274
4 0.371459 0.616695 0.374404 0.588808 0.357998 0.583299 0.355053 0.611185 0.544028
4 0.342963 0.580568 0.343997 0.550699 0.32751 0.548885 0.326477 0.578754 0.409545
4 0.484664 0.635472 0.48719 0.60621 0.470227 0.601552 0.467701 0.630814 0.373747
0 0.461951 0.629517 0.465185 0.591701 0.445537 0.586357 0.442303 0.624172 0.289202
4 0.337351 0.471843 0.339578 0.443268 0.32363 0.439315 0.321403 0.46789 0.903965
4 0.367169 0.563832 0.367685 0.536377 0.351216 0.535391 0.3507 0.562847 0.8662
4 0.358503 0.446784 0.360241 0.418799 0.344696 0.415729 0.342958 0.443713 0.78736
4 0.477706 0.623092 0.47884 0.591787 0.461949 0.589843 0.460816 0.621148 0.717565
4 0.398471 0.360316 0.399713 0.330944 0.383715 0.328794 0.382473 0.358166 0.667526
4 0.381136 0.659131 0.383553 0.628661 0.367567 0.624628 0.365149 0.655097 0.571274
4 0.371459 0.616695 0.374404 0.588808 0.357998 0.583299 0.355053 0.611185 0.544028
4 0.342963 0.580568 0.343997 0.550699 0.32751 0.548885 0.326477 0.578754 0.409545
4 0.484664 0.635472 0.48719 0.60621 0.470227 0.601552 0.467701 0.630814 0.373747
0 0.461951 0.629517 0.465185 0.591701 0.445537 0.586357 0.442303 0.624172 0.289202
