4 0.201905 0.392463 0.203715 0.362442 0.186101 0.359063 0.18429 0.389085 0.924056
4 0.401197 0.433404 0.403502 0.405664 0.387383 0.401402 0.385077 0.429143 0.911301
4 0.501321 0.474532 0.502281 0.447361 0.485834 0.445512 0.484873 0.472683 0.868974
4 0.303039 0.244992 0.305292 0.213285 0.287681 0.209305 0.285428 0.241012 0.868343
4 0.435219 0.304599 0.437383 0.275749 0.421441 0.271946 0.419277 0.300796 0.843797
4 0.337686 0.556728 0.339998 0.522733 0.320454 0.518505 0.318142 0.5525 0.805922
0 0.44784 0.449438 0.450366 0.413307 0.431055 0.409013 0.428529 0.445144 0.697825
4 0.362015 0.841663 0.363581 0.813461 0.347623 0.810642 0.346057 0.838844 0.473712
4 0.244162 0.759392 0.246508 0.728181 0.229803 0.724187 0.227456 0.755398 0.384784
4 0.168548 0.580285 0.171125 0.548301 0.153015 0.54366 0.150438 0.575645 0.344102
4 0.416346 0.400631 0.419563 0.365053 0.400581 0.359594 0.397364 0.395172 0.260471
4 0.201905 0.392463 0.203715 0.362442 0.186101 0.359063 0.18429 0.389085 0.924056
4 0.401197 0.433404 0.403502 0.405664 0.387383 0.401402 0.385077 0.429143 0.911301
4 0.501321 0.474532 0.502281 0.447361 0.485834 0.445512 0.484873 0.472683 0.868974
4 0.303039 0.244992 0.305292 0.213285 0.287681 0.209305 0.285428 0.241012 0.868343
4 0.435219 0.304599 0.437383 0.275749 0.421441 0.271946 0.419277 0.300796 0.843797
4 0.337686 0.556728 0.339998 0.522733 0.320454 0.518505 0.318142 0.5525 0.805922
0 0.44784 0.449438 0.450366 0.413307 0.431055 0.409013 0.428529 0.445144 0.697825
4 0.362015 0.841663 0.363581 0.813461 0.347623 0.810642 0.346057 0.838844 0.473712
4 0.244162 0.759392 0.246508 0.728181 0.229803 0.724187 0.227456 0.755398 0.384784
4 0.168548 0.580285 0.171125 0.548301 0.153015 0.54366 0.150438 0.575645 0.344102
4 0.416346 0.400631 0.419563 0.365053 0.400581 0.359594 0.397364 0.395172 0.260471
