4 0.36129 0.498198 0.362706 0.469752 0.346371 0.467166 0.344955 0.495612 0.946916
0 0.40381 0.677714 0.407637 0.641156 0.389376 0.635076 0.385548 0.671633 0.714883
4 0.331282 0.497485 0.333313 0.457788 0.310541 0.454083 0.30851 0.49378 0.558937
4 0.425737 0.682348 0.428075 0.654837 0.411062 0.650239 0.408724 0.67775 0.55271
4 0.336644 0.473467 0.337595 0.444463 0.321356 0.442771 0.320406 0.471774 0.456253
4 0.341181 0.584965 0.344646 0.553632 0.327518 0.547608 0.324053 0.578942 0.37967
4 0.36129 0.498198 0.362706 0.469752 0.346371 0.467166 0.344955 0.495612 0.946916
0 0.40381 0.677714 0.407637 0.641156 0.389376 0.635076 0.385548 0.671633 0.714883
4 0.331282 0.497485 0.333313 0.457788 0.310541 0.454083 0.30851 0.49378 0.558937
4 0.425737 0.682348 0.428075 0.654837 0.411062 0.650239 0.408724 0.67775 0.55271
4 0.336644 0.473467 0.337595 0.444463 0.321356 0.442771 0.320406 0.471774 0.456253
4 0.341181 0.584965 0.344646 0.553632 0.327518 0.547608 0.324053 0.578942 0.37967
