4 0.201794 0.392554 0.203624 0.362615 0.186042 0.359198 0.184212 0.389137 0.924887
4 0.401306 0.43307 0.403364 0.404898 0.387346 0.401178 0.385289 0.429351 0.876099
4 0.501192 0.47457 0.502204 0.447438 0.485853 0.445497 0.48484 0.472629 0.875601
4 0.303296 0.244832 0.305508 0.213401 0.287956 0.209472 0.285744 0.240903 0.873663
4 0.435125 0.304471 0.43734 0.275706 0.421317 0.271782 0.419102 0.300547 0.825434
4 0.337595 0.557236 0.340021 0.522702 0.320442 0.518327 0.318015 0.552862 0.806388
0 0.448073 0.44915 0.450118 0.413361 0.430624 0.409818 0.428579 0.445608 0.73197
4 0.361983 0.841557 0.363627 0.813236 0.347564 0.810271 0.34592 0.838592 0.511418
4 0.169047 0.582748 0.171282 0.550538 0.154287 0.546788 0.152052 0.578998 0.426146
4 0.244207 0.759525 0.246573 0.728366 0.229857 0.72433 0.227491 0.755489 0.370266
4 0.418164 0.390883 0.420862 0.353146 0.401246 0.348685 0.398547 0.386422 0.276592
4 0.201794 0.392554 0.203624 0.362615 0.186042 0.359198 0.184212 0.389137 0.924887
4 0.401306 0.43307 0.403364 0.404898 0.387346 0.401178 0.385289 0.429351 0.876099
4 0.501192 0.47457 0.502204 0.447438 0.485853 0.445497 0.48484 0.472629 0.875601
4 0.303296 0.244832 0.305508 0.213401 0.287956 0.209472 0.285744 0.240903 0.873663
4 0.435125 0.304471 0.43734 0.275706 0.421317 0.271782 0.419102 0.300547 0.825434
4 0.337595 0.557236 0.340021 0.522702 0.320442 0.518327 0.318015 0.552862 0.806388
0 0.448073 0.44915 0.450118 0.413361 0.430624 0.409818 0.428579 0.445608 0.73197
4 0.361983 0.841557 0.363627 0.813236 0.347564 0.810271 0.34592 0.838592 0.511418
4 0.169047 0.582748 0.171282 0.550538 0.154287 0.546788 0.152052 0.578998 0.426146
4 0.244207 0.759525 0.246573 0.728366 0.229857 0.72433 0.227491 0.755489 0.370266
4 0.418164 0.390883 0.420862 0.353146 0.401246 0.348685 0.398547 0.386422 0.276592
