4 0.201949 0.392668 0.203795 0.3626 0.186121 0.359149 0.184275 0.389216 0.921994
4 0.401997 0.433113 0.403308 0.404398 0.38712 0.402047 0.385809 0.430762 0.885928
4 0.303321 0.244782 0.305369 0.213272 0.287967 0.209675 0.285919 0.241185 0.884597
4 0.50127 0.474216 0.502166 0.447161 0.485595 0.445417 0.4847 0.472471 0.883609
4 0.435317 0.304874 0.437392 0.275791 0.421268 0.272132 0.419193 0.301215 0.842361
4 0.337565 0.556771 0.339903 0.522707 0.320442 0.518459 0.318105 0.552524 0.795224
0 0.442163 0.457369 0.445467 0.421065 0.425777 0.415365 0.422473 0.451669 0.756675
4 0.361963 0.841684 0.36359 0.813445 0.347672 0.810528 0.346044 0.838766 0.498176
4 0.244221 0.759364 0.24653 0.728224 0.229886 0.724299 0.227577 0.755439 0.407683
4 0.168923 0.583123 0.171355 0.550607 0.15416 0.546517 0.151728 0.579032 0.352436
4 0.201949 0.392668 0.203795 0.3626 0.186121 0.359149 0.184275 0.389216 0.921994
4 0.401997 0.433113 0.403308 0.404398 0.38712 0.402047 0.385809 0.430762 0.885928
4 0.303321 0.244782 0.305369 0.213272 0.287967 0.209675 0.285919 0.241185 0.884597
4 0.50127 0.474216 0.502166 0.447161 0.485595 0.445417 0.4847 0.472471 0.883609
4 0.435317 0.304874 0.437392 0.275791 0.421268 0.272132 0.419193 0.301215 0.842361
4 0.337565 0.556771 0.339903 0.522707 0.320442 0.518459 0.318105 0.552524 0.795224
0 0.442163 0.457369 0.445467 0.421065 0.425777 0.415365 0.422473 0.451669 0.756675
4 0.361963 0.841684 0.36359 0.813445 0.347672 0.810528 0.346044 0.838766 0.498176
4 0.244221 0.759364 0.24653 0.728224 0.229886 0.724299 0.227577 0.755439 0.407683
4 0.168923 0.583123 0.171355 0.550607 0.15416 0.546517 0.151728 0.579032 0.352436
