4 0.201795 0.392676 0.203605 0.362241 0.185743 0.358863 0.183934 0.389298 0.923367
4 0.303219 0.244478 0.305213 0.2133 0.287852 0.209767 0.285858 0.240946 0.880536
4 0.501154 0.474483 0.502154 0.447547 0.485954 0.445633 0.484954 0.47257 0.851013
4 0.435137 0.304551 0.437259 0.275912 0.421524 0.272205 0.419402 0.300844 0.82628
4 0.413677 0.659411 0.416064 0.627461 0.398056 0.623181 0.395668 0.655131 0.583844
4 0.361947 0.841795 0.36369 0.813531 0.347694 0.810395 0.345951 0.838658 0.475126
0 0.397111 0.630052 0.399636 0.593658 0.378724 0.589043 0.376199 0.625437 0.454937
4 0.244053 0.759463 0.246443 0.728591 0.22974 0.724479 0.22735 0.755351 0.414852
4 0.168453 0.580384 0.171009 0.548344 0.152874 0.543744 0.150318 0.575785 0.377104
4 0.436949 0.619322 0.439042 0.592114 0.424 0.588434 0.421907 0.615642 0.319173
4 0.201795 0.392676 0.203605 0.362241 0.185743 0.358863 0.183934 0.389298 0.923367
4 0.303219 0.244478 0.305213 0.2133 0.287852 0.209767 0.285858 0.240946 0.880536
4 0.501154 0.474483 0.502154 0.447547 0.485954 0.445633 0.484954 0.47257 0.851013
4 0.435137 0.304551 0.437259 0.275912 0.421524 0.272205 0.419402 0.300844 0.82628
4 0.413677 0.659411 0.416064 0.627461 0.398056 0.623181 0.395668 0.655131 0.583844
4 0.361947 0.841795 0.36369 0.813531 0.347694 0.810395 0.345951 0.838658 0.475126
0 0.397111 0.630052 0.399636 0.593658 0.378724 0.589043 0.376199 0.625437 0.454937
4 0.244053 0.759463 0.246443 0.728591 0.22974 0.724479 0.22735 0.755351 0.414852
4 0.168453 0.580384 0.171009 0.548344 0.152874 0.543744 0.150318 0.575785 0.377104
4 0.436949 0.619322 0.439042 0.592114 0.424 0.588434 0.421907 0.615642 0.319173
