4 0.337341 0.471686 0.339509 0.443017 0.323565 0.439182 0.321396 0.467851 0.893499
4 0.366928 0.564278 0.367446 0.536781 0.350953 0.535792 0.350435 0.56329 0.857287
4 0.358394 0.446671 0.360123 0.418909 0.344712 0.415857 0.342983 0.443619 0.774183
4 0.477744 0.623117 0.478891 0.591686 0.461961 0.589722 0.460814 0.621152 0.718819
4 0.398458 0.360355 0.399721 0.331009 0.383762 0.328827 0.3825 0.358172 0.674977
4 0.381105 0.659155 0.383516 0.628742 0.367529 0.624712 0.365118 0.655125 0.572742
4 0.371524 0.61676 0.374419 0.588895 0.357994 0.583468 0.355099 0.611333 0.557981
4 0.342894 0.580612 0.343947 0.550745 0.327417 0.548892 0.326364 0.57876 0.441191
4 0.484595 0.635377 0.487051 0.606077 0.470103 0.601559 0.467647 0.630859 0.376973
0 0.461997 0.629429 0.465222 0.59168 0.445555 0.586335 0.442329 0.624084 0.27685
4 0.337341 0.471686 0.339509 0.443017 0.323565 0.439182 0.321396 0.467851 0.893499
4 0.366928 0.564278 0.367446 0.536781 0.350953 0.535792 0.350435 0.56329 0.857287
4 0.358394 0.446671 0.360123 0.418909 0.344712 0.415857 0.342983 0.443619 0.774183
4 0.477744 0.623117 0.478891 0.591686 0.461961 0.589722 0.460814 0.621152 0.718819
4 0.398458 0.360355 0.399721 0.331009 0.383762 0.328827 0.3825 0.358172 0.674977
4 0.381105 0.659155 0.383516 0.628742 0.367529 0.624712 0.365118 0.655125 0.572742
4 0.371524 0.61676 0.374419 0.588895 0.357994 0.583468 0.355099 0.611333 0.557981
4 0.342894 0.580612 0.343947 0.550745 0.327417 0.548892 0.326364 0.57876 0.441191
4 0.484595 0.635377 0.487051 0.606077 0.470103 0.601559 0.467647 0.630859 0.376973
0 0.461997 0.629429 0.465222 0.59168 0.445555 0.586335 0.442329 0.624084 0.27685
