4 0.20195 0.392659 0.203798 0.362566 0.18611 0.35911 0.184261 0.389203 0.924828
4 0.501286 0.474519 0.5023 0.447607 0.485946 0.445647 0.484932 0.472559 0.883186
4 0.401254 0.433194 0.403217 0.404916 0.387144 0.401369 0.385182 0.429647 0.869906
4 0.303233 0.24525 0.305446 0.213243 0.287779 0.209358 0.285566 0.241365 0.869697
4 0.435219 0.304475 0.437386 0.275859 0.42146 0.272024 0.419293 0.300639 0.82891
4 0.337735 0.556887 0.340122 0.522534 0.320466 0.51819 0.318079 0.552544 0.796133
0 0.447669 0.449593 0.449676 0.414553 0.430345 0.411032 0.428338 0.446071 0.750099
4 0.36203 0.841359 0.363432 0.813434 0.347528 0.810895 0.346126 0.83882 0.45784
4 0.168517 0.580369 0.171084 0.548319 0.153131 0.543746 0.150564 0.575796 0.380809
4 0.24426 0.759621 0.246588 0.727908 0.229688 0.723963 0.22736 0.755675 0.351535
4 0.20195 0.392659 0.203798 0.362566 0.18611 0.35911 0.184261 0.389203 0.924828
4 0.501286 0.474519 0.5023 0.447607 0.485946 0.445647 0.484932 0.472559 0.883186
4 0.401254 0.433194 0.403217 0.404916 0.387144 0.401369 0.385182 0.429647 0.869906
4 0.303233 0.24525 0.305446 0.213243 0.287779 0.209358 0.285566 0.241365 0.869697
4 0.435219 0.304475 0.437386 0.275859 0.42146 0.272024 0.419293 0.300639 0.82891
4 0.337735 0.556887 0.340122 0.522534 0.320466 0.51819 0.318079 0.552544 0.796133
0 0.447669 0.449593 0.449676 0.414553 0.430345 0.411032 0.428338 0.446071 0.750099
4 0.36203 0.841359 0.363432 0.813434 0.347528 0.810895 0.346126 0.83882 0.45784
4 0.168517 0.580369 0.171084 0.548319 0.153131 0.543746 0.150564 0.575796 0.380809
4 0.24426 0.759621 0.246588 0.727908 0.229688 0.723963 0.22736 0.755675 0.351535
