0 0.323112 0.502462 0.32322 0.466055 0.304356 0.465877 0.304248 0.502285 0.915926
4 0.391465 0.546503 0.392741 0.519272 0.375681 0.51673 0.374405 0.543961 0.853387
4 0.338692 0.575636 0.340322 0.547845 0.324378 0.544872 0.322749 0.572663 0.767964
4 0.419241 0.704272 0.420737 0.674077 0.402914 0.671269 0.401419 0.701464 0.720345
4 0.39853 0.360498 0.39972 0.331134 0.383743 0.329074 0.382552 0.358438 0.672809
4 0.482004 0.636936 0.484306 0.604972 0.466641 0.600926 0.464339 0.63289 0.591015
4 0.31076 0.472735 0.311915 0.444834 0.29617 0.442761 0.295015 0.470663 0.496797
0 0.323112 0.502462 0.32322 0.466055 0.304356 0.465877 0.304248 0.502285 0.915926
4 0.391465 0.546503 0.392741 0.519272 0.375681 0.51673 0.374405 0.543961 0.853387
4 0.338692 0.575636 0.340322 0.547845 0.324378 0.544872 0.322749 0.572663 0.767964
4 0.419241 0.704272 0.420737 0.674077 0.402914 0.671269 0.401419 0.701464 0.720345
4 0.39853 0.360498 0.39972 0.331134 0.383743 0.329074 0.382552 0.358438 0.672809
4 0.482004 0.636936 0.484306 0.604972 0.466641 0.600926 0.464339 0.63289 0.591015
4 0.31076 0.472735 0.311915 0.444834 0.29617 0.442761 0.295015 0.470663 0.496797
