4 0.201795 0.392581 0.203732 0.362233 0.185987 0.358632 0.184051 0.38898 0.923491
4 0.40266 0.43382 0.405251 0.404979 0.387816 0.399997 0.385225 0.428839 0.918348
4 0.303201 0.244728 0.305347 0.213406 0.287819 0.209587 0.285673 0.240909 0.874396
4 0.435243 0.304556 0.437384 0.275998 0.421477 0.272205 0.419337 0.300764 0.840455
4 0.50103 0.474902 0.502091 0.447398 0.485614 0.445376 0.484552 0.47288 0.840155
4 0.337623 0.55685 0.33998 0.522594 0.320471 0.518325 0.318114 0.552581 0.789791
0 0.439009 0.505882 0.441486 0.470973 0.421718 0.466512 0.41924 0.50142 0.535851
4 0.361992 0.841647 0.363657 0.813603 0.347636 0.810579 0.345972 0.838623 0.473228
4 0.244293 0.75929 0.246597 0.728141 0.229868 0.724207 0.227564 0.755355 0.441622
4 0.168663 0.580502 0.171304 0.548156 0.153207 0.543456 0.150566 0.575802 0.3426
4 0.201795 0.392581 0.203732 0.362233 0.185987 0.358632 0.184051 0.38898 0.923491
4 0.40266 0.43382 0.405251 0.404979 0.387816 0.399997 0.385225 0.428839 0.918348
4 0.303201 0.244728 0.305347 0.213406 0.287819 0.209587 0.285673 0.240909 0.874396
4 0.435243 0.304556 0.437384 0.275998 0.421477 0.272205 0.419337 0.300764 0.840455
4 0.50103 0.474902 0.502091 0.447398 0.485614 0.445376 0.484552 0.47288 0.840155
4 0.337623 0.55685 0.33998 0.522594 0.320471 0.518325 0.318114 0.552581 0.789791
0 0.439009 0.505882 0.441486 0.470973 0.421718 0.466512 0.41924 0.50142 0.535851
4 0.361992 0.841647 0.363657 0.813603 0.347636 0.810579 0.345972 0.838623 0.473228
4 0.244293 0.75929 0.246597 0.728141 0.229868 0.724207 0.227564 0.755355 0.441622
4 0.168663 0.580502 0.171304 0.548156 0.153207 0.543456 0.150566 0.575802 0.3426
