4 0.201789 0.392582 0.203645 0.362372 0.185984 0.358921 0.184128 0.389132 0.920941
4 0.401259 0.434073 0.402704 0.405223 0.386799 0.40269 0.385355 0.43154 0.890746
4 0.303387 0.244823 0.305587 0.213356 0.287933 0.209429 0.285733 0.240896 0.877297
0 0.440244 0.446229 0.442411 0.412434 0.421175 0.408103 0.419007 0.441898 0.865146
4 0.501168 0.47449 0.502146 0.447246 0.485704 0.44537 0.484727 0.472614 0.8602
4 0.435371 0.304896 0.437467 0.275846 0.421245 0.272123 0.419149 0.301173 0.833666
4 0.337522 0.556772 0.339981 0.522733 0.320497 0.518257 0.318038 0.552297 0.804238
4 0.435043 0.394565 0.43757 0.362439 0.420428 0.35815 0.417901 0.390276 0.492974
4 0.36194 0.84154 0.363562 0.813778 0.347829 0.810854 0.346207 0.838616 0.479341
4 0.169015 0.58271 0.171305 0.55034 0.154276 0.546509 0.151986 0.578879 0.392591
4 0.244186 0.759564 0.246538 0.728369 0.229889 0.724377 0.227537 0.755572 0.347707
4 0.201789 0.392582 0.203645 0.362372 0.185984 0.358921 0.184128 0.389132 0.920941
4 0.401259 0.434073 0.402704 0.405223 0.386799 0.40269 0.385355 0.43154 0.890746
4 0.303387 0.244823 0.305587 0.213356 0.287933 0.209429 0.285733 0.240896 0.877297
0 0.440244 0.446229 0.442411 0.412434 0.421175 0.408103 0.419007 0.441898 0.865146
4 0.501168 0.47449 0.502146 0.447246 0.485704 0.44537 0.484727 0.472614 0.8602
4 0.435371 0.304896 0.437467 0.275846 0.421245 0.272123 0.419149 0.301173 0.833666
4 0.337522 0.556772 0.339981 0.522733 0.320497 0.518257 0.318038 0.552297 0.804238
4 0.435043 0.394565 0.43757 0.362439 0.420428 0.35815 0.417901 0.390276 0.492974
4 0.36194 0.84154 0.363562 0.813778 0.347829 0.810854 0.346207 0.838616 0.479341
4 0.169015 0.58271 0.171305 0.55034 0.154276 0.546509 0.151986 0.578879 0.392591
4 0.244186 0.759564 0.246538 0.728369 0.229889 0.724377 0.227537 0.755572 0.347707
