4 0.367462 0.564978 0.368118 0.537169 0.351528 0.535924 0.350872 0.563733 0.927109
4 0.337412 0.471807 0.339534 0.443359 0.323563 0.439569 0.321441 0.468017 0.893534
4 0.3585 0.446451 0.360107 0.419056 0.344793 0.416198 0.343186 0.443594 0.80034
4 0.398509 0.360392 0.399683 0.331394 0.38377 0.329345 0.382596 0.358343 0.743008
0 0.42737 0.596232 0.430845 0.560609 0.411093 0.55448 0.407617 0.590103 0.5901
4 0.342786 0.581033 0.344023 0.551382 0.327443 0.549182 0.326206 0.578834 0.561582
4 0.380741 0.657809 0.382665 0.62549 0.364059 0.621968 0.362135 0.654287 0.549447
4 0.44994 0.610553 0.452392 0.573127 0.433351 0.569159 0.430899 0.606585 0.344992
4 0.367462 0.564978 0.368118 0.537169 0.351528 0.535924 0.350872 0.563733 0.927109
4 0.337412 0.471807 0.339534 0.443359 0.323563 0.439569 0.321441 0.468017 0.893534
4 0.3585 0.446451 0.360107 0.419056 0.344793 0.416198 0.343186 0.443594 0.80034
4 0.398509 0.360392 0.399683 0.331394 0.38377 0.329345 0.382596 0.358343 0.743008
0 0.42737 0.596232 0.430845 0.560609 0.411093 0.55448 0.407617 0.590103 0.5901
4 0.342786 0.581033 0.344023 0.551382 0.327443 0.549182 0.326206 0.578834 0.561582
4 0.380741 0.657809 0.382665 0.62549 0.364059 0.621968 0.362135 0.654287 0.549447
4 0.44994 0.610553 0.452392 0.573127 0.433351 0.569159 0.430899 0.606585 0.344992
