0 0.286714 0.343041 0.289912 0.304492 0.268568 0.29886 0.26537 0.33741 0.906977
4 0.391064 0.546512 0.392397 0.519307 0.37554 0.516681 0.374208 0.543886 0.86496
4 0.242834 0.308238 0.245228 0.276828 0.227977 0.272647 0.225583 0.304058 0.806024
4 0.419404 0.704412 0.420849 0.674136 0.403063 0.671435 0.401617 0.701711 0.734311
4 0.398491 0.360514 0.399709 0.331484 0.383742 0.329353 0.382523 0.358382 0.720033
4 0.33834 0.576167 0.340373 0.547683 0.324061 0.54398 0.322028 0.572464 0.665343
4 0.48207 0.637324 0.484584 0.605093 0.466932 0.600714 0.464418 0.632945 0.590408
4 0.476634 0.625006 0.478312 0.590352 0.461066 0.587696 0.459388 0.622349 0.509257
0 0.286714 0.343041 0.289912 0.304492 0.268568 0.29886 0.26537 0.33741 0.906977
4 0.391064 0.546512 0.392397 0.519307 0.37554 0.516681 0.374208 0.543886 0.86496
4 0.242834 0.308238 0.245228 0.276828 0.227977 0.272647 0.225583 0.304058 0.806024
4 0.419404 0.704412 0.420849 0.674136 0.403063 0.671435 0.401617 0.701711 0.734311
4 0.398491 0.360514 0.399709 0.331484 0.383742 0.329353 0.382523 0.358382 0.720033
4 0.33834 0.576167 0.340373 0.547683 0.324061 0.54398 0.322028 0.572464 0.665343
4 0.48207 0.637324 0.484584 0.605093 0.466932 0.600714 0.464418 0.632945 0.590408
4 0.476634 0.625006 0.478312 0.590352 0.461066 0.587696 0.459388 0.622349 0.509257
