4 0.36789 0.567623 0.371198 0.535369 0.352747 0.529352 0.349439 0.561605 0.878626
4 0.337287 0.471716 0.339168 0.444295 0.323714 0.440925 0.321833 0.468345 0.834485
4 0.358549 0.44623 0.360142 0.418508 0.344795 0.415703 0.343202 0.443424 0.805546
4 0.398597 0.360319 0.399795 0.330992 0.383636 0.328892 0.382438 0.358219 0.640197
4 0.381002 0.65738 0.382924 0.624719 0.364196 0.621215 0.362275 0.653876 0.505805
4 0.342339 0.581219 0.343959 0.551961 0.327579 0.549077 0.325959 0.578334 0.496891
4 0.377244 0.54352 0.37997 0.507374 0.36146 0.502933 0.358734 0.53908 0.479783
4 0.36789 0.567623 0.371198 0.535369 0.352747 0.529352 0.349439 0.561605 0.878626
4 0.337287 0.471716 0.339168 0.444295 0.323714 0.440925 0.321833 0.468345 0.834485
4 0.358549 0.44623 0.360142 0.418508 0.344795 0.415703 0.343202 0.443424 0.805546
4 0.398597 0.360319 0.399795 0.330992 0.383636 0.328892 0.382438 0.358219 0.640197
4 0.381002 0.65738 0.382924 0.624719 0.364196 0.621215 0.362275 0.653876 0.505805
4 0.342339 0.581219 0.343959 0.551961 0.327579 0.549077 0.325959 0.578334 0.496891
4 0.377244 0.54352 0.37997 0.507374 0.36146 0.502933 0.358734 0.53908 0.479783
