4 0.201916 0.39277 0.203832 0.362568 0.186072 0.358985 0.184156 0.389187 0.920481
4 0.402967 0.433733 0.405402 0.405375 0.38796 0.400611 0.385525 0.428969 0.912488
4 0.30308 0.244926 0.305312 0.213587 0.287911 0.209647 0.28568 0.240986 0.872956
4 0.501263 0.474975 0.50233 0.447287 0.485727 0.445253 0.484661 0.472941 0.867876
4 0.435303 0.304712 0.437425 0.275816 0.4214 0.272074 0.419278 0.30097 0.854098
4 0.33759 0.557087 0.340034 0.522719 0.320467 0.518293 0.318023 0.552661 0.786454
0 0.46268 0.533923 0.465149 0.497937 0.444233 0.493373 0.441764 0.529359 0.704172
4 0.362061 0.841509 0.363655 0.813473 0.347756 0.810598 0.346162 0.838635 0.454778
4 0.244314 0.759557 0.246663 0.72815 0.229764 0.72413 0.227415 0.755538 0.426116
4 0.16865 0.58053 0.171292 0.548183 0.15309 0.543455 0.150448 0.575802 0.359739
4 0.201916 0.39277 0.203832 0.362568 0.186072 0.358985 0.184156 0.389187 0.920481
4 0.402967 0.433733 0.405402 0.405375 0.38796 0.400611 0.385525 0.428969 0.912488
4 0.30308 0.244926 0.305312 0.213587 0.287911 0.209647 0.28568 0.240986 0.872956
4 0.501263 0.474975 0.50233 0.447287 0.485727 0.445253 0.484661 0.472941 0.867876
4 0.435303 0.304712 0.437425 0.275816 0.4214 0.272074 0.419278 0.30097 0.854098
4 0.33759 0.557087 0.340034 0.522719 0.320467 0.518293 0.318023 0.552661 0.786454
0 0.46268 0.533923 0.465149 0.497937 0.444233 0.493373 0.441764 0.529359 0.704172
4 0.362061 0.841509 0.363655 0.813473 0.347756 0.810598 0.346162 0.838635 0.454778
4 0.244314 0.759557 0.246663 0.72815 0.229764 0.72413 0.227415 0.755538 0.426116
4 0.16865 0.58053 0.171292 0.548183 0.15309 0.543455 0.150448 0.575802 0.359739
