4 0.20172 0.392538 0.203546 0.362465 0.185867 0.359051 0.18404 0.389124 0.92926
4 0.401496 0.434059 0.402565 0.40474 0.386815 0.402913 0.385746 0.432232 0.928936
4 0.303139 0.244141 0.305221 0.213203 0.28785 0.209485 0.285768 0.240423 0.87571
4 0.501117 0.474661 0.502102 0.44756 0.485967 0.445695 0.484982 0.472796 0.858004
4 0.435244 0.30485 0.437406 0.275952 0.421504 0.272169 0.419343 0.301067 0.836307
4 0.337622 0.556898 0.339947 0.522721 0.320425 0.518498 0.3181 0.552675 0.790547
0 0.439082 0.443135 0.441848 0.400795 0.421119 0.396488 0.418353 0.438829 0.691113
4 0.362003 0.841667 0.363528 0.813642 0.347631 0.81089 0.346106 0.838916 0.452958
4 0.244288 0.759293 0.246412 0.728545 0.229954 0.72493 0.227831 0.755677 0.450644
4 0.16857 0.58053 0.171202 0.548356 0.153116 0.543651 0.150484 0.575825 0.334579
4 0.20172 0.392538 0.203546 0.362465 0.185867 0.359051 0.18404 0.389124 0.92926
4 0.401496 0.434059 0.402565 0.40474 0.386815 0.402913 0.385746 0.432232 0.928936
4 0.303139 0.244141 0.305221 0.213203 0.28785 0.209485 0.285768 0.240423 0.87571
4 0.501117 0.474661 0.502102 0.44756 0.485967 0.445695 0.484982 0.472796 0.858004
4 0.435244 0.30485 0.437406 0.275952 0.421504 0.272169 0.419343 0.301067 0.836307
4 0.337622 0.556898 0.339947 0.522721 0.320425 0.518498 0.3181 0.552675 0.790547
0 0.439082 0.443135 0.441848 0.400795 0.421119 0.396488 0.418353 0.438829 0.691113
4 0.362003 0.841667 0.363528 0.813642 0.347631 0.81089 0.346106 0.838916 0.452958
4 0.244288 0.759293 0.246412 0.728545 0.229954 0.72493 0.227831 0.755677 0.450644
4 0.16857 0.58053 0.171202 0.548356 0.153116 0.543651 0.150484 0.575825 0.334579
