4 0.361572 0.497621 0.362981 0.469399 0.34653 0.466786 0.345121 0.495008 0.946169
0 0.4028 0.68054 0.407467 0.641641 0.388148 0.634269 0.383481 0.673168 0.740266
4 0.426057 0.682715 0.428446 0.654746 0.411132 0.650042 0.408743 0.678011 0.577457
4 0.336538 0.473198 0.337583 0.444145 0.321216 0.442273 0.320171 0.471326 0.540416
4 0.331003 0.498003 0.333199 0.45832 0.310491 0.454324 0.308295 0.494008 0.525539
4 0.341283 0.584634 0.344748 0.553299 0.327668 0.547293 0.324203 0.578628 0.33536
4 0.361572 0.497621 0.362981 0.469399 0.34653 0.466786 0.345121 0.495008 0.946169
0 0.4028 0.68054 0.407467 0.641641 0.388148 0.634269 0.383481 0.673168 0.740266
4 0.426057 0.682715 0.428446 0.654746 0.411132 0.650042 0.408743 0.678011 0.577457
4 0.336538 0.473198 0.337583 0.444145 0.321216 0.442273 0.320171 0.471326 0.540416
4 0.331003 0.498003 0.333199 0.45832 0.310491 0.454324 0.308295 0.494008 0.525539
4 0.341283 0.584634 0.344748 0.553299 0.327668 0.547293 0.324203 0.578628 0.33536
