4 0.201892 0.392604 0.203714 0.362495 0.186 0.359086 0.184178 0.389194 0.924795
4 0.402912 0.434054 0.405496 0.405093 0.387979 0.400121 0.385394 0.429082 0.91396
4 0.30313 0.244729 0.305295 0.213306 0.287809 0.209474 0.285644 0.240898 0.875305
4 0.50093 0.47458 0.501933 0.447028 0.485099 0.445079 0.484096 0.472631 0.868307
4 0.435276 0.304699 0.437433 0.275864 0.421448 0.27206 0.419291 0.300895 0.845633
4 0.337602 0.55685 0.339897 0.522537 0.320395 0.518389 0.3181 0.552702 0.784657
0 0.451284 0.520543 0.453932 0.483936 0.433085 0.479141 0.430437 0.515747 0.709093
4 0.36202 0.841654 0.363594 0.813553 0.347628 0.810709 0.346053 0.83881 0.481253
4 0.244219 0.759528 0.246597 0.728178 0.229746 0.724113 0.227368 0.755463 0.406282
4 0.142247 0.213324 0.143863 0.181869 0.123438 0.178533 0.121822 0.209988 0.374638
4 0.168726 0.580504 0.171368 0.548222 0.153248 0.543507 0.150606 0.575789 0.367976
4 0.201892 0.392604 0.203714 0.362495 0.186 0.359086 0.184178 0.389194 0.924795
4 0.402912 0.434054 0.405496 0.405093 0.387979 0.400121 0.385394 0.429082 0.91396
4 0.30313 0.244729 0.305295 0.213306 0.287809 0.209474 0.285644 0.240898 0.875305
4 0.50093 0.47458 0.501933 0.447028 0.485099 0.445079 0.484096 0.472631 0.868307
4 0.435276 0.304699 0.437433 0.275864 0.421448 0.27206 0.419291 0.300895 0.845633
4 0.337602 0.55685 0.339897 0.522537 0.320395 0.518389 0.3181 0.552702 0.784657
0 0.451284 0.520543 0.453932 0.483936 0.433085 0.479141 0.430437 0.515747 0.709093
4 0.36202 0.841654 0.363594 0.813553 0.347628 0.810709 0.346053 0.83881 0.481253
4 0.244219 0.759528 0.246597 0.728178 0.229746 0.724113 0.227368 0.755463 0.406282
4 0.142247 0.213324 0.143863 0.181869 0.123438 0.178533 0.121822 0.209988 0.374638
4 0.168726 0.580504 0.171368 0.548222 0.153248 0.543507 0.150606 0.575789 0.367976
