4 0.201778 0.392614 0.20368 0.362414 0.185947 0.358863 0.184045 0.389062 0.925565
4 0.40286 0.433844 0.405351 0.405363 0.38788 0.400503 0.385389 0.428985 0.909346
4 0.303284 0.244722 0.305488 0.21332 0.287802 0.209372 0.285598 0.240774 0.873867
4 0.501306 0.47485 0.502187 0.447288 0.485793 0.445622 0.484913 0.473184 0.856147
4 0.435096 0.304634 0.43725 0.275726 0.42125 0.271934 0.419096 0.300843 0.849076
4 0.33767 0.557147 0.340055 0.522765 0.320443 0.518439 0.318058 0.552821 0.78166
0 0.463284 0.527949 0.465793 0.489634 0.445518 0.485413 0.44301 0.523728 0.684407
4 0.362004 0.84147 0.363426 0.81352 0.34751 0.810944 0.346087 0.838895 0.502155
4 0.24411 0.759417 0.246577 0.728158 0.229687 0.723919 0.227221 0.755178 0.427403
4 0.168558 0.580295 0.17109 0.548445 0.153184 0.543917 0.150651 0.575767 0.353542
4 0.201778 0.392614 0.20368 0.362414 0.185947 0.358863 0.184045 0.389062 0.925565
4 0.40286 0.433844 0.405351 0.405363 0.38788 0.400503 0.385389 0.428985 0.909346
4 0.303284 0.244722 0.305488 0.21332 0.287802 0.209372 0.285598 0.240774 0.873867
4 0.501306 0.47485 0.502187 0.447288 0.485793 0.445622 0.484913 0.473184 0.856147
4 0.435096 0.304634 0.43725 0.275726 0.42125 0.271934 0.419096 0.300843 0.849076
4 0.33767 0.557147 0.340055 0.522765 0.320443 0.518439 0.318058 0.552821 0.78166
0 0.463284 0.527949 0.465793 0.489634 0.445518 0.485413 0.44301 0.523728 0.684407
4 0.362004 0.84147 0.363426 0.81352 0.34751 0.810944 0.346087 0.838895 0.502155
4 0.24411 0.759417 0.246577 0.728158 0.229687 0.723919 0.227221 0.755178 0.427403
4 0.168558 0.580295 0.17109 0.548445 0.153184 0.543917 0.150651 0.575767 0.353542
