4 0.391411 0.546418 0.392767 0.519093 0.375791 0.516413 0.374435 0.543738 0.871305
0 0.253302 0.343941 0.255715 0.302883 0.233694 0.298767 0.231281 0.339825 0.78253
4 0.338421 0.575579 0.340092 0.54786 0.324161 0.544804 0.322489 0.572524 0.69763
4 0.398558 0.36055 0.39983 0.330886 0.383718 0.328689 0.382446 0.358352 0.69326
4 0.419315 0.704012 0.420831 0.673614 0.403129 0.670806 0.401612 0.701203 0.678707
4 0.481912 0.637275 0.484442 0.604828 0.466528 0.600384 0.463997 0.632832 0.532062
4 0.241404 0.310703 0.244296 0.282512 0.227772 0.277122 0.224881 0.305313 0.400372
4 0.391411 0.546418 0.392767 0.519093 0.375791 0.516413 0.374435 0.543738 0.871305
0 0.253302 0.343941 0.255715 0.302883 0.233694 0.298767 0.231281 0.339825 0.78253
4 0.338421 0.575579 0.340092 0.54786 0.324161 0.544804 0.322489 0.572524 0.69763
4 0.398558 0.36055 0.39983 0.330886 0.383718 0.328689 0.382446 0.358352 0.69326
4 0.419315 0.704012 0.420831 0.673614 0.403129 0.670806 0.401612 0.701203 0.678707
4 0.481912 0.637275 0.484442 0.604828 0.466528 0.600384 0.463997 0.632832 0.532062
4 0.241404 0.310703 0.244296 0.282512 0.227772 0.277122 0.224881 0.305313 0.400372
