4 0.201919 0.392493 0.203762 0.362493 0.186013 0.359025 0.18417 0.389025 0.925679
4 0.303239 0.244298 0.30525 0.213202 0.288007 0.209656 0.285997 0.240753 0.887499
4 0.501171 0.474275 0.502109 0.447512 0.48602 0.445717 0.485081 0.47248 0.853089
4 0.435164 0.305004 0.437325 0.275993 0.421352 0.272209 0.419191 0.301219 0.842631
4 0.440216 0.708013 0.4425 0.678331 0.424078 0.673823 0.421794 0.703505 0.640388
4 0.430555 0.609764 0.431655 0.58203 0.415135 0.579945 0.414035 0.60768 0.568169
4 0.361946 0.841603 0.363575 0.813693 0.347833 0.810771 0.346204 0.838681 0.445982
4 0.244251 0.759403 0.246613 0.728112 0.229674 0.724044 0.227312 0.755335 0.419739
4 0.168522 0.580394 0.171119 0.548599 0.153277 0.543964 0.15068 0.57576 0.333161
4 0.201919 0.392493 0.203762 0.362493 0.186013 0.359025 0.18417 0.389025 0.925679
4 0.303239 0.244298 0.30525 0.213202 0.288007 0.209656 0.285997 0.240753 0.887499
4 0.501171 0.474275 0.502109 0.447512 0.48602 0.445717 0.485081 0.47248 0.853089
4 0.435164 0.305004 0.437325 0.275993 0.421352 0.272209 0.419191 0.301219 0.842631
4 0.440216 0.708013 0.4425 0.678331 0.424078 0.673823 0.421794 0.703505 0.640388
4 0.430555 0.609764 0.431655 0.58203 0.415135 0.579945 0.414035 0.60768 0.568169
4 0.361946 0.841603 0.363575 0.813693 0.347833 0.810771 0.346204 0.838681 0.445982
4 0.244251 0.759403 0.246613 0.728112 0.229674 0.724044 0.227312 0.755335 0.419739
4 0.168522 0.580394 0.171119 0.548599 0.153277 0.543964 0.15068 0.57576 0.333161
