4 0.20182 0.392543 0.203698 0.362451 0.18596 0.358931 0.184082 0.389023 0.921798
4 0.303377 0.244652 0.305491 0.213056 0.287802 0.209292 0.285688 0.240887 0.868309
4 0.501189 0.474213 0.502197 0.447418 0.486009 0.445481 0.485001 0.472276 0.859767
4 0.435162 0.304748 0.437317 0.27601 0.421402 0.272215 0.419247 0.300952 0.840536
4 0.369013 0.575172 0.370623 0.544331 0.350085 0.54092 0.348475 0.571762 0.794814
4 0.361918 0.841509 0.363517 0.813662 0.347665 0.810766 0.346066 0.838614 0.485083
4 0.168605 0.580154 0.171121 0.548298 0.153321 0.543826 0.150804 0.575682 0.391754
4 0.244066 0.759326 0.246456 0.728377 0.22987 0.724303 0.227479 0.755252 0.384572
0 0.351191 0.555035 0.353694 0.517256 0.332967 0.512889 0.330464 0.550668 0.310357
4 0.20182 0.392543 0.203698 0.362451 0.18596 0.358931 0.184082 0.389023 0.921798
4 0.303377 0.244652 0.305491 0.213056 0.287802 0.209292 0.285688 0.240887 0.868309
4 0.501189 0.474213 0.502197 0.447418 0.486009 0.445481 0.485001 0.472276 0.859767
4 0.435162 0.304748 0.437317 0.27601 0.421402 0.272215 0.419247 0.300952 0.840536
4 0.369013 0.575172 0.370623 0.544331 0.350085 0.54092 0.348475 0.571762 0.794814
4 0.361918 0.841509 0.363517 0.813662 0.347665 0.810766 0.346066 0.838614 0.485083
4 0.168605 0.580154 0.171121 0.548298 0.153321 0.543826 0.150804 0.575682 0.391754
4 0.244066 0.759326 0.246456 0.728377 0.22987 0.724303 0.227479 0.755252 0.384572
0 0.351191 0.555035 0.353694 0.517256 0.332967 0.512889 0.330464 0.550668 0.310357
