4 0.20186 0.392605 0.203703 0.362591 0.186037 0.359141 0.184194 0.389154 0.915939
4 0.303378 0.244382 0.305286 0.213152 0.287767 0.209748 0.285859 0.240978 0.8744
4 0.501068 0.474556 0.502138 0.447646 0.485997 0.445604 0.484927 0.472513 0.851606
4 0.435111 0.304706 0.43726 0.275922 0.421365 0.272147 0.419215 0.300931 0.83824
4 0.361797 0.570092 0.363902 0.538933 0.34622 0.535135 0.344116 0.566294 0.828937
0 0.3406 0.545453 0.344756 0.507027 0.325357 0.500355 0.321201 0.538781 0.755729
4 0.361848 0.841402 0.363474 0.813659 0.347748 0.810727 0.346121 0.83847 0.457725
4 0.168566 0.580116 0.171036 0.548297 0.153263 0.54391 0.150793 0.575729 0.381197
4 0.243941 0.759403 0.246222 0.728622 0.229748 0.724739 0.227467 0.75552 0.331418
4 0.470218 0.676792 0.471809 0.650049 0.457353 0.647314 0.455761 0.674057 0.321051
4 0.20186 0.392605 0.203703 0.362591 0.186037 0.359141 0.184194 0.389154 0.915939
4 0.303378 0.244382 0.305286 0.213152 0.287767 0.209748 0.285859 0.240978 0.8744
4 0.501068 0.474556 0.502138 0.447646 0.485997 0.445604 0.484927 0.472513 0.851606
4 0.435111 0.304706 0.43726 0.275922 0.421365 0.272147 0.419215 0.300931 0.83824
4 0.361797 0.570092 0.363902 0.538933 0.34622 0.535135 0.344116 0.566294 0.828937
0 0.3406 0.545453 0.344756 0.507027 0.325357 0.500355 0.321201 0.538781 0.755729
4 0.361848 0.841402 0.363474 0.813659 0.347748 0.810727 0.346121 0.83847 0.457725
4 0.168566 0.580116 0.171036 0.548297 0.153263 0.54391 0.150793 0.575729 0.381197
4 0.243941 0.759403 0.246222 0.728622 0.229748 0.724739 0.227467 0.75552 0.331418
4 0.470218 0.676792 0.471809 0.650049 0.457353 0.647314 0.455761 0.674057 0.321051
