0 0.267611 0.342477 0.27189 0.302144 0.251279 0.29519 0.247 0.335523 0.919263
4 0.391284 0.546485 0.392505 0.519413 0.375705 0.517002 0.374484 0.544075 0.885534
4 0.242376 0.308071 0.244593 0.277782 0.227496 0.273803 0.225279 0.304092 0.853029
4 0.398636 0.360535 0.399828 0.33148 0.383794 0.329389 0.382602 0.358444 0.732053
4 0.419479 0.704304 0.420968 0.674171 0.403273 0.67139 0.401784 0.701523 0.693665
4 0.338408 0.575956 0.340274 0.548144 0.324377 0.544751 0.322511 0.572563 0.684132
4 0.481944 0.637364 0.484555 0.604929 0.466847 0.600396 0.464236 0.632831 0.557846
0 0.267611 0.342477 0.27189 0.302144 0.251279 0.29519 0.247 0.335523 0.919263
4 0.391284 0.546485 0.392505 0.519413 0.375705 0.517002 0.374484 0.544075 0.885534
4 0.242376 0.308071 0.244593 0.277782 0.227496 0.273803 0.225279 0.304092 0.853029
4 0.398636 0.360535 0.399828 0.33148 0.383794 0.329389 0.382602 0.358444 0.732053
4 0.419479 0.704304 0.420968 0.674171 0.403273 0.67139 0.401784 0.701523 0.693665
4 0.338408 0.575956 0.340274 0.548144 0.324377 0.544751 0.322511 0.572563 0.684132
4 0.481944 0.637364 0.484555 0.604929 0.466847 0.600396 0.464236 0.632831 0.557846
