4 0.367591 0.564954 0.368229 0.536896 0.351436 0.535683 0.350798 0.563741 0.932939
4 0.33744 0.471745 0.339477 0.44328 0.323445 0.43963 0.321408 0.468095 0.898246
4 0.358495 0.446406 0.360031 0.419502 0.3449 0.416755 0.343364 0.443659 0.775604
0 0.415805 0.590279 0.420173 0.552533 0.400653 0.545348 0.396284 0.583094 0.74118
4 0.398549 0.360533 0.399802 0.331169 0.383824 0.329001 0.382571 0.358365 0.66707
4 0.342784 0.580954 0.344013 0.55128 0.327365 0.549087 0.326136 0.578761 0.553037
4 0.380848 0.65729 0.382611 0.625184 0.364496 0.622021 0.362733 0.654127 0.499589
4 0.373108 0.649618 0.375573 0.614533 0.357975 0.610601 0.35551 0.645686 0.370398
1 0.394218 0.749004 0.396908 0.711903 0.3765 0.707198 0.373811 0.744299 0.271219
4 0.367591 0.564954 0.368229 0.536896 0.351436 0.535683 0.350798 0.563741 0.932939
4 0.33744 0.471745 0.339477 0.44328 0.323445 0.43963 0.321408 0.468095 0.898246
4 0.358495 0.446406 0.360031 0.419502 0.3449 0.416755 0.343364 0.443659 0.775604
0 0.415805 0.590279 0.420173 0.552533 0.400653 0.545348 0.396284 0.583094 0.74118
4 0.398549 0.360533 0.399802 0.331169 0.383824 0.329001 0.382571 0.358365 0.66707
4 0.342784 0.580954 0.344013 0.55128 0.327365 0.549087 0.326136 0.578761 0.553037
4 0.380848 0.65729 0.382611 0.625184 0.364496 0.622021 0.362733 0.654127 0.499589
4 0.373108 0.649618 0.375573 0.614533 0.357975 0.610601 0.35551 0.645686 0.370398
1 0.394218 0.749004 0.396908 0.711903 0.3765 0.707198 0.373811 0.744299 0.271219
