4 0.391216 0.546469 0.392493 0.519281 0.375603 0.516757 0.374326 0.543945 0.876885
0 0.299621 0.449575 0.300647 0.412222 0.280376 0.41045 0.27935 0.447803 0.843443
4 0.338311 0.575783 0.340057 0.547804 0.323959 0.544607 0.322212 0.572586 0.711937
4 0.419376 0.704279 0.420885 0.674086 0.403225 0.671278 0.401716 0.701471 0.706225
4 0.398658 0.360242 0.399882 0.330623 0.383756 0.328504 0.382532 0.358123 0.63751
4 0.482097 0.636775 0.484372 0.604857 0.466694 0.60085 0.46442 0.632768 0.587188
4 0.2882 0.417129 0.290302 0.390997 0.274024 0.386832 0.271922 0.412964 0.351176
4 0.456977 0.558781 0.459763 0.521398 0.440453 0.516821 0.437667 0.554204 0.277263
4 0.391216 0.546469 0.392493 0.519281 0.375603 0.516757 0.374326 0.543945 0.876885
0 0.299621 0.449575 0.300647 0.412222 0.280376 0.41045 0.27935 0.447803 0.843443
4 0.338311 0.575783 0.340057 0.547804 0.323959 0.544607 0.322212 0.572586 0.711937
4 0.419376 0.704279 0.420885 0.674086 0.403225 0.671278 0.401716 0.701471 0.706225
4 0.398658 0.360242 0.399882 0.330623 0.383756 0.328504 0.382532 0.358123 0.63751
4 0.482097 0.636775 0.484372 0.604857 0.466694 0.60085 0.46442 0.632768 0.587188
4 0.2882 0.417129 0.290302 0.390997 0.274024 0.386832 0.271922 0.412964 0.351176
4 0.456977 0.558781 0.459763 0.521398 0.440453 0.516821 0.437667 0.554204 0.277263
