4 0.367222 0.565922 0.367991 0.537189 0.350771 0.535723 0.350002 0.564456 0.924112
4 0.337308 0.471784 0.339376 0.443589 0.323489 0.439884 0.321422 0.46808 0.917881
4 0.358356 0.446599 0.359978 0.419525 0.344849 0.416642 0.343226 0.443715 0.788766
4 0.398564 0.360567 0.399857 0.331318 0.383824 0.329064 0.382531 0.358313 0.717657
4 0.381146 0.659883 0.383276 0.627573 0.366744 0.624108 0.364615 0.656419 0.690018
4 0.477386 0.630184 0.478809 0.595295 0.461796 0.593088 0.460373 0.627978 0.619723
0 0.455012 0.630497 0.459002 0.592164 0.439223 0.585615 0.435233 0.623949 0.570649
4 0.37059 0.61687 0.373226 0.586517 0.353823 0.581159 0.351188 0.611512 0.491063
4 0.343362 0.581191 0.344316 0.550556 0.327384 0.548879 0.32643 0.579513 0.327048
4 0.367222 0.565922 0.367991 0.537189 0.350771 0.535723 0.350002 0.564456 0.924112
4 0.337308 0.471784 0.339376 0.443589 0.323489 0.439884 0.321422 0.46808 0.917881
4 0.358356 0.446599 0.359978 0.419525 0.344849 0.416642 0.343226 0.443715 0.788766
4 0.398564 0.360567 0.399857 0.331318 0.383824 0.329064 0.382531 0.358313 0.717657
4 0.381146 0.659883 0.383276 0.627573 0.366744 0.624108 0.364615 0.656419 0.690018
4 0.477386 0.630184 0.478809 0.595295 0.461796 0.593088 0.460373 0.627978 0.619723
0 0.455012 0.630497 0.459002 0.592164 0.439223 0.585615 0.435233 0.623949 0.570649
4 0.37059 0.61687 0.373226 0.586517 0.353823 0.581159 0.351188 0.611512 0.491063
4 0.343362 0.581191 0.344316 0.550556 0.327384 0.548879 0.32643 0.579513 0.327048
