4 0.201974 0.392732 0.203846 0.362511 0.186 0.358997 0.184129 0.389218 0.926582
4 0.501239 0.474597 0.50225 0.44759 0.485878 0.445641 0.484867 0.472647 0.878789
4 0.303251 0.245051 0.30545 0.213285 0.287879 0.209416 0.28568 0.241182 0.870147
4 0.401261 0.433272 0.40332 0.404908 0.387197 0.401186 0.385138 0.42955 0.857071
4 0.435219 0.304514 0.437393 0.275889 0.421434 0.272034 0.41926 0.300659 0.824471
4 0.33782 0.556927 0.340078 0.52259 0.320402 0.518476 0.318145 0.552813 0.79194
0 0.446775 0.450626 0.448048 0.416286 0.429387 0.414087 0.428114 0.448427 0.703337
4 0.361988 0.841336 0.363356 0.813468 0.347525 0.810996 0.346157 0.838864 0.451834
4 0.16841 0.580408 0.17105 0.548024 0.152952 0.543332 0.150312 0.575717 0.365095
4 0.244164 0.759841 0.246551 0.728058 0.229623 0.724017 0.227237 0.755799 0.317379
4 0.201974 0.392732 0.203846 0.362511 0.186 0.358997 0.184129 0.389218 0.926582
4 0.501239 0.474597 0.50225 0.44759 0.485878 0.445641 0.484867 0.472647 0.878789
4 0.303251 0.245051 0.30545 0.213285 0.287879 0.209416 0.28568 0.241182 0.870147
4 0.401261 0.433272 0.40332 0.404908 0.387197 0.401186 0.385138 0.42955 0.857071
4 0.435219 0.304514 0.437393 0.275889 0.421434 0.272034 0.41926 0.300659 0.824471
4 0.33782 0.556927 0.340078 0.52259 0.320402 0.518476 0.318145 0.552813 0.79194
0 0.446775 0.450626 0.448048 0.416286 0.429387 0.414087 0.428114 0.448427 0.703337
4 0.361988 0.841336 0.363356 0.813468 0.347525 0.810996 0.346157 0.838864 0.451834
4 0.16841 0.580408 0.17105 0.548024 0.152952 0.543332 0.150312 0.575717 0.365095
4 0.244164 0.759841 0.246551 0.728058 0.229623 0.724017 0.227237 0.755799 0.317379
