4 0.361435 0.497613 0.362914 0.469153 0.346436 0.466429 0.344957 0.494889 0.940197
0 0.407128 0.660907 0.410933 0.618803 0.390292 0.61287 0.386487 0.654974 0.61121
4 0.331082 0.498076 0.333368 0.458056 0.310561 0.453913 0.308275 0.493933 0.5306
4 0.425796 0.683197 0.427693 0.654403 0.409933 0.650683 0.408037 0.679476 0.526797
4 0.336403 0.473809 0.337518 0.444039 0.320919 0.442063 0.319805 0.471832 0.451239
4 0.341222 0.584949 0.344653 0.55373 0.327713 0.547809 0.324282 0.579027 0.344314
4 0.361435 0.497613 0.362914 0.469153 0.346436 0.466429 0.344957 0.494889 0.940197
0 0.407128 0.660907 0.410933 0.618803 0.390292 0.61287 0.386487 0.654974 0.61121
4 0.331082 0.498076 0.333368 0.458056 0.310561 0.453913 0.308275 0.493933 0.5306
4 0.425796 0.683197 0.427693 0.654403 0.409933 0.650683 0.408037 0.679476 0.526797
4 0.336403 0.473809 0.337518 0.444039 0.320919 0.442063 0.319805 0.471832 0.451239
4 0.341222 0.584949 0.344653 0.55373 0.327713 0.547809 0.324282 0.579027 0.344314
