4 0.337808 0.47171 0.339628 0.443305 0.323464 0.440013 0.321645 0.468418 0.901409
4 0.358346 0.446711 0.359964 0.419496 0.344825 0.416635 0.343208 0.44385 0.778956
0 0.363961 0.537517 0.367124 0.497523 0.346034 0.492218 0.342871 0.532213 0.751492
4 0.368157 0.563944 0.369706 0.53715 0.352361 0.533963 0.350813 0.560757 0.746275
4 0.398538 0.360868 0.399807 0.331258 0.383585 0.329048 0.382316 0.358658 0.657409
4 0.341964 0.582122 0.343966 0.552972 0.327456 0.549365 0.325454 0.578515 0.553285
4 0.380896 0.657502 0.382757 0.625302 0.364222 0.621895 0.362361 0.654096 0.549195
4 0.386321 0.552704 0.389688 0.519854 0.370534 0.513612 0.367168 0.546462 0.436839
4 0.337808 0.47171 0.339628 0.443305 0.323464 0.440013 0.321645 0.468418 0.901409
4 0.358346 0.446711 0.359964 0.419496 0.344825 0.416635 0.343208 0.44385 0.778956
0 0.363961 0.537517 0.367124 0.497523 0.346034 0.492218 0.342871 0.532213 0.751492
4 0.368157 0.563944 0.369706 0.53715 0.352361 0.533963 0.350813 0.560757 0.746275
4 0.398538 0.360868 0.399807 0.331258 0.383585 0.329048 0.382316 0.358658 0.657409
4 0.341964 0.582122 0.343966 0.552972 0.327456 0.549365 0.325454 0.578515 0.553285
4 0.380896 0.657502 0.382757 0.625302 0.364222 0.621895 0.362361 0.654096 0.549195
4 0.386321 0.552704 0.389688 0.519854 0.370534 0.513612 0.367168 0.546462 0.436839
