4 0.201597 0.3926 0.203462 0.362485 0.185873 0.359021 0.184008 0.389136 0.92006
4 0.40198 0.433798 0.404377 0.404976 0.387603 0.400539 0.385206 0.429361 0.912657
4 0.30328 0.244662 0.305393 0.213306 0.28788 0.209551 0.285767 0.240908 0.873064
4 0.501187 0.474547 0.502169 0.447521 0.485884 0.44564 0.484902 0.472666 0.867582
4 0.435221 0.304675 0.437416 0.275735 0.421365 0.271863 0.41917 0.300803 0.84647
4 0.337655 0.556971 0.340004 0.522752 0.320411 0.518474 0.318061 0.552693 0.792883
0 0.441679 0.441138 0.444422 0.406466 0.426295 0.401905 0.423552 0.436577 0.710103
4 0.36195 0.84157 0.363531 0.813612 0.347689 0.810764 0.346109 0.838722 0.497909
4 0.244237 0.759651 0.246593 0.728127 0.2296 0.724089 0.227245 0.755612 0.426564
4 0.168943 0.583085 0.171292 0.550504 0.154075 0.546557 0.151727 0.579138 0.358009
4 0.201597 0.3926 0.203462 0.362485 0.185873 0.359021 0.184008 0.389136 0.92006
4 0.40198 0.433798 0.404377 0.404976 0.387603 0.400539 0.385206 0.429361 0.912657
4 0.30328 0.244662 0.305393 0.213306 0.28788 0.209551 0.285767 0.240908 0.873064
4 0.501187 0.474547 0.502169 0.447521 0.485884 0.44564 0.484902 0.472666 0.867582
4 0.435221 0.304675 0.437416 0.275735 0.421365 0.271863 0.41917 0.300803 0.84647
4 0.337655 0.556971 0.340004 0.522752 0.320411 0.518474 0.318061 0.552693 0.792883
0 0.441679 0.441138 0.444422 0.406466 0.426295 0.401905 0.423552 0.436577 0.710103
4 0.36195 0.84157 0.363531 0.813612 0.347689 0.810764 0.346109 0.838722 0.497909
4 0.244237 0.759651 0.246593 0.728127 0.2296 0.724089 0.227245 0.755612 0.426564
4 0.168943 0.583085 0.171292 0.550504 0.154075 0.546557 0.151727 0.579138 0.358009
