4 0.361429 0.497585 0.36291 0.469181 0.346462 0.466454 0.344981 0.494858 0.943424
0 0.405624 0.670446 0.410018 0.629743 0.388837 0.622471 0.384443 0.663173 0.654755
4 0.426263 0.683171 0.428451 0.654756 0.410831 0.650441 0.408643 0.678856 0.566006
4 0.331073 0.497893 0.333304 0.457956 0.310586 0.453922 0.308356 0.493858 0.526837
4 0.336532 0.473498 0.33749 0.444016 0.321016 0.442313 0.320058 0.471795 0.484617
4 0.341204 0.584939 0.344671 0.553622 0.327654 0.547631 0.324187 0.578948 0.346623
4 0.361429 0.497585 0.36291 0.469181 0.346462 0.466454 0.344981 0.494858 0.943424
0 0.405624 0.670446 0.410018 0.629743 0.388837 0.622471 0.384443 0.663173 0.654755
4 0.426263 0.683171 0.428451 0.654756 0.410831 0.650441 0.408643 0.678856 0.566006
4 0.331073 0.497893 0.333304 0.457956 0.310586 0.453922 0.308356 0.493858 0.526837
4 0.336532 0.473498 0.33749 0.444016 0.321016 0.442313 0.320058 0.471795 0.484617
4 0.341204 0.584939 0.344671 0.553622 0.327654 0.547631 0.324187 0.578948 0.346623
