4 0.201654 0.392726 0.203521 0.3626 0.185897 0.359125 0.18403 0.389251 0.921222
4 0.402183 0.433682 0.404512 0.404946 0.387678 0.400608 0.38535 0.429344 0.911205
4 0.501208 0.474729 0.502193 0.4476 0.485922 0.445722 0.484937 0.472851 0.87026
4 0.303202 0.24465 0.305333 0.213307 0.287781 0.209511 0.28565 0.240855 0.867356
4 0.43522 0.304686 0.437403 0.275715 0.421346 0.271868 0.419163 0.300839 0.846379
4 0.337532 0.55691 0.339903 0.52272 0.320348 0.518407 0.317977 0.552597 0.797415
0 0.442095 0.440984 0.444809 0.405769 0.426525 0.401287 0.423811 0.436502 0.682876
4 0.361983 0.84147 0.3635 0.813534 0.347688 0.810803 0.346171 0.838739 0.484572
4 0.244147 0.759273 0.24641 0.72816 0.229648 0.724282 0.227384 0.755395 0.425246
4 0.168588 0.580292 0.171097 0.548158 0.152916 0.543644 0.150407 0.575778 0.365275
4 0.201654 0.392726 0.203521 0.3626 0.185897 0.359125 0.18403 0.389251 0.921222
4 0.402183 0.433682 0.404512 0.404946 0.387678 0.400608 0.38535 0.429344 0.911205
4 0.501208 0.474729 0.502193 0.4476 0.485922 0.445722 0.484937 0.472851 0.87026
4 0.303202 0.24465 0.305333 0.213307 0.287781 0.209511 0.28565 0.240855 0.867356
4 0.43522 0.304686 0.437403 0.275715 0.421346 0.271868 0.419163 0.300839 0.846379
4 0.337532 0.55691 0.339903 0.52272 0.320348 0.518407 0.317977 0.552597 0.797415
0 0.442095 0.440984 0.444809 0.405769 0.426525 0.401287 0.423811 0.436502 0.682876
4 0.361983 0.84147 0.3635 0.813534 0.347688 0.810803 0.346171 0.838739 0.484572
4 0.244147 0.759273 0.24641 0.72816 0.229648 0.724282 0.227384 0.755395 0.425246
4 0.168588 0.580292 0.171097 0.548158 0.152916 0.543644 0.150407 0.575778 0.365275
