4 0.201808 0.392709 0.203654 0.36244 0.185887 0.358994 0.184041 0.389263 0.917911
4 0.303314 0.244442 0.30528 0.213229 0.287968 0.209762 0.286003 0.240975 0.886867
4 0.435198 0.304783 0.437304 0.275872 0.421376 0.272182 0.41927 0.301093 0.844673
4 0.501082 0.474658 0.502173 0.44752 0.485874 0.445437 0.484784 0.472575 0.834918
4 0.39535 0.617978 0.396237 0.587604 0.37744 0.585858 0.376553 0.616231 0.799082
0 0.376252 0.596394 0.378942 0.556677 0.358142 0.552197 0.355452 0.591914 0.537759
4 0.361887 0.841557 0.36351 0.813752 0.347796 0.810834 0.346173 0.838639 0.47756
4 0.244159 0.7594 0.246382 0.728543 0.22971 0.724722 0.227486 0.755579 0.438979
4 0.168524 0.58034 0.170912 0.548216 0.152625 0.543893 0.150237 0.576017 0.39917
4 0.201808 0.392709 0.203654 0.36244 0.185887 0.358994 0.184041 0.389263 0.917911
4 0.303314 0.244442 0.30528 0.213229 0.287968 0.209762 0.286003 0.240975 0.886867
4 0.435198 0.304783 0.437304 0.275872 0.421376 0.272182 0.41927 0.301093 0.844673
4 0.501082 0.474658 0.502173 0.44752 0.485874 0.445437 0.484784 0.472575 0.834918
4 0.39535 0.617978 0.396237 0.587604 0.37744 0.585858 0.376553 0.616231 0.799082
0 0.376252 0.596394 0.378942 0.556677 0.358142 0.552197 0.355452 0.591914 0.537759
4 0.361887 0.841557 0.36351 0.813752 0.347796 0.810834 0.346173 0.838639 0.47756
4 0.244159 0.7594 0.246382 0.728543 0.22971 0.724722 0.227486 0.755579 0.438979
4 0.168524 0.58034 0.170912 0.548216 0.152625 0.543893 0.150237 0.576017 0.39917
