4 0.201644 0.392522 0.203622 0.362269 0.185863 0.358576 0.183885 0.388829 0.924246
4 0.401571 0.434139 0.402675 0.404594 0.387243 0.402759 0.386138 0.432304 0.896538
4 0.303176 0.244271 0.305196 0.213327 0.287923 0.209742 0.285903 0.240685 0.872487
4 0.500963 0.474775 0.501986 0.447581 0.48599 0.445666 0.484967 0.47286 0.858333
4 0.435229 0.304863 0.437388 0.275979 0.421483 0.272199 0.419324 0.301082 0.83871
4 0.337627 0.556636 0.340065 0.522649 0.320555 0.518197 0.318117 0.552184 0.789994
0 0.430094 0.435939 0.433736 0.39619 0.412798 0.390089 0.409156 0.429838 0.588902
4 0.361991 0.841639 0.363591 0.813482 0.34764 0.810601 0.346041 0.838758 0.477383
4 0.24412 0.759512 0.246384 0.728631 0.229754 0.724754 0.22749 0.755635 0.403139
4 0.168649 0.58039 0.171174 0.548235 0.15304 0.543708 0.150516 0.575863 0.331394
4 0.201644 0.392522 0.203622 0.362269 0.185863 0.358576 0.183885 0.388829 0.924246
4 0.401571 0.434139 0.402675 0.404594 0.387243 0.402759 0.386138 0.432304 0.896538
4 0.303176 0.244271 0.305196 0.213327 0.287923 0.209742 0.285903 0.240685 0.872487
4 0.500963 0.474775 0.501986 0.447581 0.48599 0.445666 0.484967 0.47286 0.858333
4 0.435229 0.304863 0.437388 0.275979 0.421483 0.272199 0.419324 0.301082 0.83871
4 0.337627 0.556636 0.340065 0.522649 0.320555 0.518197 0.318117 0.552184 0.789994
0 0.430094 0.435939 0.433736 0.39619 0.412798 0.390089 0.409156 0.429838 0.588902
4 0.361991 0.841639 0.363591 0.813482 0.34764 0.810601 0.346041 0.838758 0.477383
4 0.24412 0.759512 0.246384 0.728631 0.229754 0.724754 0.22749 0.755635 0.403139
4 0.168649 0.58039 0.171174 0.548235 0.15304 0.543708 0.150516 0.575863 0.331394
