4 0.201946 0.392758 0.203809 0.362523 0.185992 0.359032 0.18413 0.389268 0.92067
4 0.401836 0.433244 0.403212 0.404795 0.386966 0.402297 0.38559 0.430746 0.902202
4 0.501217 0.474307 0.50209 0.447385 0.48565 0.445689 0.484776 0.47261 0.88865
4 0.303293 0.245046 0.305535 0.213146 0.287768 0.209176 0.285527 0.241075 0.875905
4 0.435329 0.304878 0.437388 0.275747 0.421221 0.272113 0.419162 0.301244 0.841113
4 0.33765 0.556759 0.339934 0.522632 0.320406 0.518475 0.318122 0.552603 0.811277
0 0.442079 0.45739 0.445623 0.421264 0.426295 0.415233 0.422751 0.451359 0.808117
4 0.362053 0.841706 0.363712 0.813527 0.347787 0.810546 0.346129 0.838726 0.463727
4 0.2442 0.75941 0.246471 0.728312 0.229793 0.724439 0.227522 0.755537 0.383789
4 0.169067 0.582937 0.171386 0.55028 0.154331 0.546429 0.152012 0.579086 0.359068
4 0.201946 0.392758 0.203809 0.362523 0.185992 0.359032 0.18413 0.389268 0.92067
4 0.401836 0.433244 0.403212 0.404795 0.386966 0.402297 0.38559 0.430746 0.902202
4 0.501217 0.474307 0.50209 0.447385 0.48565 0.445689 0.484776 0.47261 0.88865
4 0.303293 0.245046 0.305535 0.213146 0.287768 0.209176 0.285527 0.241075 0.875905
4 0.435329 0.304878 0.437388 0.275747 0.421221 0.272113 0.419162 0.301244 0.841113
4 0.33765 0.556759 0.339934 0.522632 0.320406 0.518475 0.318122 0.552603 0.811277
0 0.442079 0.45739 0.445623 0.421264 0.426295 0.415233 0.422751 0.451359 0.808117
4 0.362053 0.841706 0.363712 0.813527 0.347787 0.810546 0.346129 0.838726 0.463727
4 0.2442 0.75941 0.246471 0.728312 0.229793 0.724439 0.227522 0.755537 0.383789
4 0.169067 0.582937 0.171386 0.55028 0.154331 0.546429 0.152012 0.579086 0.359068
