4 0.361599 0.497522 0.363042 0.469303 0.346583 0.466626 0.34514 0.494846 0.945356
0 0.401453 0.677838 0.406256 0.639531 0.386825 0.631783 0.382022 0.670091 0.829542
4 0.426035 0.683419 0.428744 0.65478 0.411032 0.649451 0.408323 0.67809 0.507149
4 0.336453 0.473434 0.337464 0.444387 0.32112 0.442578 0.320109 0.471625 0.498941
4 0.330975 0.498062 0.333194 0.458084 0.310383 0.454057 0.308164 0.494035 0.498934
4 0.341477 0.584974 0.344951 0.553307 0.327613 0.54726 0.32414 0.578927 0.366517
4 0.361599 0.497522 0.363042 0.469303 0.346583 0.466626 0.34514 0.494846 0.945356
0 0.401453 0.677838 0.406256 0.639531 0.386825 0.631783 0.382022 0.670091 0.829542
4 0.426035 0.683419 0.428744 0.65478 0.411032 0.649451 0.408323 0.67809 0.507149
4 0.336453 0.473434 0.337464 0.444387 0.32112 0.442578 0.320109 0.471625 0.498941
4 0.330975 0.498062 0.333194 0.458084 0.310383 0.454057 0.308164 0.494035 0.498934
4 0.341477 0.584974 0.344951 0.553307 0.327613 0.54726 0.32414 0.578927 0.366517
