4 0.337321 0.471638 0.339451 0.443081 0.323539 0.439308 0.321409 0.467864 0.898952
4 0.367008 0.564202 0.367488 0.536703 0.350903 0.535783 0.350423 0.563281 0.864797
4 0.358369 0.446586 0.360105 0.418868 0.344737 0.415806 0.343001 0.443525 0.775799
4 0.477757 0.623248 0.478912 0.591671 0.461917 0.589693 0.460761 0.62127 0.724335
4 0.398439 0.360411 0.399699 0.331055 0.383722 0.328873 0.382461 0.358229 0.681385
4 0.381145 0.659106 0.383532 0.628634 0.367481 0.624635 0.365094 0.655107 0.571279
4 0.371622 0.616972 0.374518 0.589104 0.358042 0.58366 0.355147 0.611528 0.568205
4 0.342911 0.580704 0.343979 0.55082 0.327433 0.54894 0.326365 0.578823 0.446367
4 0.484557 0.635429 0.48702 0.606023 0.470023 0.601497 0.46756 0.630902 0.376332
0 0.462056 0.629569 0.465288 0.591692 0.445524 0.586329 0.442292 0.624206 0.275525
4 0.337321 0.471638 0.339451 0.443081 0.323539 0.439308 0.321409 0.467864 0.898952
4 0.367008 0.564202 0.367488 0.536703 0.350903 0.535783 0.350423 0.563281 0.864797
4 0.358369 0.446586 0.360105 0.418868 0.344737 0.415806 0.343001 0.443525 0.775799
4 0.477757 0.623248 0.478912 0.591671 0.461917 0.589693 0.460761 0.62127 0.724335
4 0.398439 0.360411 0.399699 0.331055 0.383722 0.328873 0.382461 0.358229 0.681385
4 0.381145 0.659106 0.383532 0.628634 0.367481 0.624635 0.365094 0.655107 0.571279
4 0.371622 0.616972 0.374518 0.589104 0.358042 0.58366 0.355147 0.611528 0.568205
4 0.342911 0.580704 0.343979 0.55082 0.327433 0.54894 0.326365 0.578823 0.446367
4 0.484557 0.635429 0.48702 0.606023 0.470023 0.601497 0.46756 0.630902 0.376332
0 0.462056 0.629569 0.465288 0.591692 0.445524 0.586329 0.442292 0.624206 0.275525
