4 0.201557 0.392403 0.203384 0.362412 0.185862 0.359017 0.184035 0.389008 0.926524
4 0.401286 0.432953 0.403299 0.404868 0.387343 0.401232 0.38533 0.429317 0.888956
4 0.501207 0.474594 0.502223 0.447422 0.48586 0.445476 0.484843 0.472648 0.877091
4 0.303248 0.24496 0.30553 0.213553 0.287978 0.209498 0.285697 0.240905 0.862647
4 0.435135 0.304469 0.437294 0.275793 0.421326 0.27197 0.419167 0.300646 0.829599
4 0.33763 0.557258 0.340017 0.522756 0.32043 0.518446 0.318043 0.552949 0.807665
0 0.44806 0.449254 0.450147 0.413578 0.43074 0.409967 0.428652 0.445642 0.735345
4 0.361986 0.84145 0.363586 0.813428 0.347623 0.810529 0.346024 0.838552 0.503921
4 0.169091 0.582799 0.171341 0.550493 0.154338 0.546727 0.152088 0.579032 0.391788
4 0.244084 0.759463 0.246453 0.728344 0.229772 0.724304 0.227403 0.755424 0.372426
4 0.201557 0.392403 0.203384 0.362412 0.185862 0.359017 0.184035 0.389008 0.926524
4 0.401286 0.432953 0.403299 0.404868 0.387343 0.401232 0.38533 0.429317 0.888956
4 0.501207 0.474594 0.502223 0.447422 0.48586 0.445476 0.484843 0.472648 0.877091
4 0.303248 0.24496 0.30553 0.213553 0.287978 0.209498 0.285697 0.240905 0.862647
4 0.435135 0.304469 0.437294 0.275793 0.421326 0.27197 0.419167 0.300646 0.829599
4 0.33763 0.557258 0.340017 0.522756 0.32043 0.518446 0.318043 0.552949 0.807665
0 0.44806 0.449254 0.450147 0.413578 0.43074 0.409967 0.428652 0.445642 0.735345
4 0.361986 0.84145 0.363586 0.813428 0.347623 0.810529 0.346024 0.838552 0.503921
4 0.169091 0.582799 0.171341 0.550493 0.154338 0.546727 0.152088 0.579032 0.391788
4 0.244084 0.759463 0.246453 0.728344 0.229772 0.724304 0.227403 0.755424 0.372426
