4 0.357994 0.446172 0.359628 0.418319 0.344439 0.415485 0.342805 0.443338 0.740928
4 0.336509 0.470939 0.338581 0.444676 0.323685 0.440938 0.321613 0.467201 0.728422
4 0.397927 0.360505 0.399705 0.330219 0.383056 0.32711 0.381278 0.357396 0.674569
4 0.34225 0.583835 0.344707 0.55223 0.327913 0.548078 0.325456 0.579684 0.66849
4 0.154117 0.188341 0.155426 0.158208 0.135265 0.155424 0.133957 0.185556 0.628048
4 0.373773 0.648268 0.375829 0.614111 0.358005 0.610699 0.355949 0.644855 0.538974
4 0.363857 0.55336 0.368066 0.516027 0.34862 0.509054 0.344411 0.546388 0.519446
0 0.347705 0.520717 0.350998 0.480453 0.330231 0.475052 0.326939 0.515317 0.33144
4 0.357994 0.446172 0.359628 0.418319 0.344439 0.415485 0.342805 0.443338 0.740928
4 0.336509 0.470939 0.338581 0.444676 0.323685 0.440938 0.321613 0.467201 0.728422
4 0.397927 0.360505 0.399705 0.330219 0.383056 0.32711 0.381278 0.357396 0.674569
4 0.34225 0.583835 0.344707 0.55223 0.327913 0.548078 0.325456 0.579684 0.66849
4 0.154117 0.188341 0.155426 0.158208 0.135265 0.155424 0.133957 0.185556 0.628048
4 0.373773 0.648268 0.375829 0.614111 0.358005 0.610699 0.355949 0.644855 0.538974
4 0.363857 0.55336 0.368066 0.516027 0.34862 0.509054 0.344411 0.546388 0.519446
0 0.347705 0.520717 0.350998 0.480453 0.330231 0.475052 0.326939 0.515317 0.33144
