4 0.391226 0.546623 0.392568 0.519511 0.375615 0.516843 0.374273 0.543956 0.866379
0 0.268316 0.380446 0.271334 0.343091 0.250191 0.337658 0.247173 0.375013 0.759571
4 0.398544 0.360768 0.399826 0.331468 0.383686 0.329222 0.382404 0.358522 0.72702
4 0.419309 0.704924 0.42087 0.674477 0.403052 0.671572 0.401492 0.70202 0.711828
4 0.338382 0.576535 0.340315 0.548037 0.32407 0.544533 0.322137 0.573031 0.67611
4 0.482159 0.637375 0.484629 0.605094 0.466718 0.600735 0.464248 0.633016 0.595846
4 0.258454 0.344343 0.260448 0.319027 0.24504 0.315167 0.243046 0.340482 0.463579
4 0.476688 0.624808 0.478511 0.590484 0.461332 0.587582 0.459509 0.621906 0.459617
4 0.391226 0.546623 0.392568 0.519511 0.375615 0.516843 0.374273 0.543956 0.866379
0 0.268316 0.380446 0.271334 0.343091 0.250191 0.337658 0.247173 0.375013 0.759571
4 0.398544 0.360768 0.399826 0.331468 0.383686 0.329222 0.382404 0.358522 0.72702
4 0.419309 0.704924 0.42087 0.674477 0.403052 0.671572 0.401492 0.70202 0.711828
4 0.338382 0.576535 0.340315 0.548037 0.32407 0.544533 0.322137 0.573031 0.67611
4 0.482159 0.637375 0.484629 0.605094 0.466718 0.600735 0.464248 0.633016 0.595846
4 0.258454 0.344343 0.260448 0.319027 0.24504 0.315167 0.243046 0.340482 0.463579
4 0.476688 0.624808 0.478511 0.590484 0.461332 0.587582 0.459509 0.621906 0.459617
