4 0.201844 0.39254 0.203722 0.362331 0.185983 0.358825 0.184105 0.389033 0.920748
4 0.303315 0.244809 0.305369 0.21335 0.287911 0.209724 0.285857 0.241183 0.878651
4 0.501049 0.474465 0.502062 0.447543 0.48587 0.445606 0.484857 0.472528 0.857684
4 0.435099 0.304753 0.437216 0.276108 0.421395 0.27239 0.419279 0.301035 0.842194
4 0.422598 0.675887 0.425268 0.646622 0.408689 0.641811 0.406019 0.671076 0.542092
0 0.404202 0.648077 0.408003 0.610185 0.387986 0.603798 0.384185 0.64169 0.494337
4 0.36206 0.841623 0.363668 0.813655 0.347783 0.810751 0.346175 0.838718 0.47271
4 0.244277 0.759302 0.246524 0.728376 0.229947 0.724546 0.2277 0.755472 0.428158
4 0.168602 0.580492 0.171139 0.548493 0.153077 0.543938 0.15054 0.575937 0.375916
4 0.201844 0.39254 0.203722 0.362331 0.185983 0.358825 0.184105 0.389033 0.920748
4 0.303315 0.244809 0.305369 0.21335 0.287911 0.209724 0.285857 0.241183 0.878651
4 0.501049 0.474465 0.502062 0.447543 0.48587 0.445606 0.484857 0.472528 0.857684
4 0.435099 0.304753 0.437216 0.276108 0.421395 0.27239 0.419279 0.301035 0.842194
4 0.422598 0.675887 0.425268 0.646622 0.408689 0.641811 0.406019 0.671076 0.542092
0 0.404202 0.648077 0.408003 0.610185 0.387986 0.603798 0.384185 0.64169 0.494337
4 0.36206 0.841623 0.363668 0.813655 0.347783 0.810751 0.346175 0.838718 0.47271
4 0.244277 0.759302 0.246524 0.728376 0.229947 0.724546 0.2277 0.755472 0.428158
4 0.168602 0.580492 0.171139 0.548493 0.153077 0.543938 0.15054 0.575937 0.375916
