4 0.202057 0.392667 0.203941 0.362447 0.186135 0.358916 0.184251 0.389136 0.924901
4 0.403024 0.433862 0.405527 0.405073 0.387849 0.400186 0.385347 0.428975 0.915571
4 0.303277 0.244852 0.305564 0.213229 0.287921 0.209171 0.285634 0.240794 0.868235
4 0.501053 0.474338 0.502042 0.447216 0.485465 0.445295 0.484477 0.472417 0.841145
4 0.435166 0.304488 0.437395 0.275668 0.421442 0.271743 0.419212 0.300563 0.83958
4 0.337721 0.556902 0.340034 0.522601 0.32045 0.518402 0.318137 0.552702 0.777152
0 0.456 0.513418 0.458552 0.477041 0.438559 0.472581 0.436007 0.508958 0.54519
4 0.362006 0.841445 0.3634 0.813418 0.347442 0.810893 0.346048 0.83892 0.501826
4 0.244174 0.759553 0.246515 0.728114 0.229648 0.72412 0.227307 0.755559 0.373207
4 0.168956 0.582647 0.171177 0.550774 0.154458 0.547068 0.152237 0.578941 0.368726
4 0.202057 0.392667 0.203941 0.362447 0.186135 0.358916 0.184251 0.389136 0.924901
4 0.403024 0.433862 0.405527 0.405073 0.387849 0.400186 0.385347 0.428975 0.915571
4 0.303277 0.244852 0.305564 0.213229 0.287921 0.209171 0.285634 0.240794 0.868235
4 0.501053 0.474338 0.502042 0.447216 0.485465 0.445295 0.484477 0.472417 0.841145
4 0.435166 0.304488 0.437395 0.275668 0.421442 0.271743 0.419212 0.300563 0.83958
4 0.337721 0.556902 0.340034 0.522601 0.32045 0.518402 0.318137 0.552702 0.777152
0 0.456 0.513418 0.458552 0.477041 0.438559 0.472581 0.436007 0.508958 0.54519
4 0.362006 0.841445 0.3634 0.813418 0.347442 0.810893 0.346048 0.83892 0.501826
4 0.244174 0.759553 0.246515 0.728114 0.229648 0.72412 0.227307 0.755559 0.373207
4 0.168956 0.582647 0.171177 0.550774 0.154458 0.547068 0.152237 0.578941 0.368726
