4 0.367549 0.56491 0.368191 0.536927 0.351441 0.535706 0.350799 0.563689 0.933658
4 0.337338 0.471863 0.339414 0.443492 0.323406 0.439768 0.32133 0.468139 0.901603
4 0.358456 0.446358 0.360013 0.419236 0.344848 0.416469 0.343292 0.443591 0.779621
0 0.418007 0.591293 0.421598 0.553079 0.401899 0.547193 0.398309 0.585407 0.75691
4 0.398557 0.360524 0.399827 0.331105 0.383807 0.328906 0.382538 0.358326 0.70705
4 0.342839 0.581009 0.344021 0.551426 0.327485 0.549323 0.326302 0.578906 0.540591
4 0.380882 0.657547 0.382655 0.625389 0.36443 0.622195 0.362658 0.654352 0.503885
4 0.441278 0.602554 0.444271 0.568228 0.422709 0.562248 0.419715 0.596574 0.443667
4 0.367549 0.56491 0.368191 0.536927 0.351441 0.535706 0.350799 0.563689 0.933658
4 0.337338 0.471863 0.339414 0.443492 0.323406 0.439768 0.32133 0.468139 0.901603
4 0.358456 0.446358 0.360013 0.419236 0.344848 0.416469 0.343292 0.443591 0.779621
0 0.418007 0.591293 0.421598 0.553079 0.401899 0.547193 0.398309 0.585407 0.75691
4 0.398557 0.360524 0.399827 0.331105 0.383807 0.328906 0.382538 0.358326 0.70705
4 0.342839 0.581009 0.344021 0.551426 0.327485 0.549323 0.326302 0.578906 0.540591
4 0.380882 0.657547 0.382655 0.625389 0.36443 0.622195 0.362658 0.654352 0.503885
4 0.441278 0.602554 0.444271 0.568228 0.422709 0.562248 0.419715 0.596574 0.443667
