4 0.201977 0.392671 0.203846 0.362544 0.186113 0.359046 0.184245 0.389173 0.921265
4 0.401979 0.433146 0.403314 0.404487 0.387082 0.402082 0.385747 0.430741 0.892581
4 0.303353 0.244678 0.305416 0.213167 0.287895 0.209519 0.285832 0.241031 0.883537
4 0.501269 0.474111 0.502193 0.446997 0.485503 0.445187 0.484579 0.472302 0.876014
4 0.435302 0.304843 0.437378 0.275762 0.421251 0.2721 0.419175 0.301181 0.842867
4 0.337623 0.556775 0.33994 0.522626 0.320418 0.518414 0.318101 0.552563 0.800385
0 0.442059 0.457665 0.445715 0.421359 0.425961 0.415033 0.422305 0.451339 0.765276
4 0.362006 0.841659 0.363602 0.813409 0.347673 0.810547 0.346077 0.838797 0.505789
4 0.244186 0.759342 0.246472 0.728319 0.22987 0.724429 0.227585 0.755453 0.406475
4 0.168871 0.583168 0.171317 0.550558 0.154106 0.546451 0.151659 0.579061 0.340615
4 0.201977 0.392671 0.203846 0.362544 0.186113 0.359046 0.184245 0.389173 0.921265
4 0.401979 0.433146 0.403314 0.404487 0.387082 0.402082 0.385747 0.430741 0.892581
4 0.303353 0.244678 0.305416 0.213167 0.287895 0.209519 0.285832 0.241031 0.883537
4 0.501269 0.474111 0.502193 0.446997 0.485503 0.445187 0.484579 0.472302 0.876014
4 0.435302 0.304843 0.437378 0.275762 0.421251 0.2721 0.419175 0.301181 0.842867
4 0.337623 0.556775 0.33994 0.522626 0.320418 0.518414 0.318101 0.552563 0.800385
0 0.442059 0.457665 0.445715 0.421359 0.425961 0.415033 0.422305 0.451339 0.765276
4 0.362006 0.841659 0.363602 0.813409 0.347673 0.810547 0.346077 0.838797 0.505789
4 0.244186 0.759342 0.246472 0.728319 0.22987 0.724429 0.227585 0.755453 0.406475
4 0.168871 0.583168 0.171317 0.550558 0.154106 0.546451 0.151659 0.579061 0.340615
