4 0.201971 0.392741 0.203828 0.362518 0.186048 0.359044 0.184192 0.389267 0.918669
4 0.303312 0.244787 0.305448 0.21337 0.287835 0.209563 0.2857 0.24098 0.877017
4 0.400552 0.433801 0.402516 0.404993 0.38675 0.401575 0.384787 0.430383 0.862191
4 0.501252 0.474527 0.502235 0.447402 0.485919 0.445521 0.484935 0.472646 0.858491
4 0.435242 0.304493 0.43742 0.27603 0.421584 0.272177 0.419406 0.30064 0.826387
4 0.337554 0.556646 0.339952 0.522768 0.320551 0.518402 0.318153 0.55228 0.802502
0 0.440294 0.441275 0.443226 0.407137 0.424691 0.402075 0.42176 0.436213 0.784323
4 0.361945 0.841621 0.363484 0.813613 0.34769 0.810852 0.34615 0.838861 0.480484
4 0.168856 0.582789 0.171124 0.550822 0.154207 0.547004 0.151938 0.578972 0.416416
4 0.244154 0.759604 0.246475 0.728038 0.229448 0.724055 0.227126 0.755621 0.38105
4 0.201971 0.392741 0.203828 0.362518 0.186048 0.359044 0.184192 0.389267 0.918669
4 0.303312 0.244787 0.305448 0.21337 0.287835 0.209563 0.2857 0.24098 0.877017
4 0.400552 0.433801 0.402516 0.404993 0.38675 0.401575 0.384787 0.430383 0.862191
4 0.501252 0.474527 0.502235 0.447402 0.485919 0.445521 0.484935 0.472646 0.858491
4 0.435242 0.304493 0.43742 0.27603 0.421584 0.272177 0.419406 0.30064 0.826387
4 0.337554 0.556646 0.339952 0.522768 0.320551 0.518402 0.318153 0.55228 0.802502
0 0.440294 0.441275 0.443226 0.407137 0.424691 0.402075 0.42176 0.436213 0.784323
4 0.361945 0.841621 0.363484 0.813613 0.34769 0.810852 0.34615 0.838861 0.480484
4 0.168856 0.582789 0.171124 0.550822 0.154207 0.547004 0.151938 0.578972 0.416416
4 0.244154 0.759604 0.246475 0.728038 0.229448 0.724055 0.227126 0.755621 0.38105
