0 0.315918 0.489477 0.318367 0.454603 0.29858 0.450183 0.296131 0.485057 0.921682
4 0.39138 0.546461 0.39269 0.51921 0.375623 0.5166 0.374312 0.543851 0.855978
4 0.306403 0.458962 0.307565 0.43283 0.29159 0.43057 0.290427 0.456702 0.761888
4 0.419294 0.704245 0.420822 0.673982 0.402993 0.671119 0.401465 0.701382 0.725058
4 0.338432 0.575898 0.340259 0.548038 0.324332 0.544717 0.322505 0.572577 0.686938
4 0.398623 0.360479 0.399818 0.331058 0.383805 0.328989 0.38261 0.35841 0.658753
4 0.482011 0.637109 0.484308 0.605032 0.466515 0.600979 0.464217 0.633057 0.612907
4 0.11816 0.263183 0.120611 0.230261 0.0996793 0.225305 0.0972282 0.258227 0.399618
0 0.315918 0.489477 0.318367 0.454603 0.29858 0.450183 0.296131 0.485057 0.921682
4 0.39138 0.546461 0.39269 0.51921 0.375623 0.5166 0.374312 0.543851 0.855978
4 0.306403 0.458962 0.307565 0.43283 0.29159 0.43057 0.290427 0.456702 0.761888
4 0.419294 0.704245 0.420822 0.673982 0.402993 0.671119 0.401465 0.701382 0.725058
4 0.338432 0.575898 0.340259 0.548038 0.324332 0.544717 0.322505 0.572577 0.686938
4 0.398623 0.360479 0.399818 0.331058 0.383805 0.328989 0.38261 0.35841 0.658753
4 0.482011 0.637109 0.484308 0.605032 0.466515 0.600979 0.464217 0.633057 0.612907
4 0.11816 0.263183 0.120611 0.230261 0.0996793 0.225305 0.0972282 0.258227 0.399618
