4 0.20151 0.392406 0.203334 0.362438 0.185817 0.359046 0.183992 0.389014 0.927728
4 0.401306 0.433031 0.403343 0.404926 0.387353 0.401241 0.385316 0.429346 0.882819
4 0.501201 0.474569 0.502217 0.447418 0.485861 0.445472 0.484845 0.472623 0.876172
4 0.303258 0.244969 0.30555 0.2135 0.287969 0.209428 0.285677 0.240897 0.865931
4 0.435122 0.304516 0.437316 0.275755 0.421344 0.27188 0.41915 0.30064 0.828833
4 0.33762 0.557235 0.339997 0.52275 0.320425 0.518461 0.318049 0.552945 0.809193
0 0.448057 0.449182 0.450136 0.413516 0.430707 0.409915 0.428629 0.445582 0.734811
4 0.361908 0.841535 0.363604 0.813292 0.347608 0.810237 0.345912 0.838481 0.512057
4 0.169079 0.582878 0.171345 0.550521 0.15432 0.546729 0.152054 0.579086 0.389997
4 0.244086 0.759502 0.246465 0.728337 0.229751 0.724278 0.227372 0.755443 0.368431
4 0.20151 0.392406 0.203334 0.362438 0.185817 0.359046 0.183992 0.389014 0.927728
4 0.401306 0.433031 0.403343 0.404926 0.387353 0.401241 0.385316 0.429346 0.882819
4 0.501201 0.474569 0.502217 0.447418 0.485861 0.445472 0.484845 0.472623 0.876172
4 0.303258 0.244969 0.30555 0.2135 0.287969 0.209428 0.285677 0.240897 0.865931
4 0.435122 0.304516 0.437316 0.275755 0.421344 0.27188 0.41915 0.30064 0.828833
4 0.33762 0.557235 0.339997 0.52275 0.320425 0.518461 0.318049 0.552945 0.809193
0 0.448057 0.449182 0.450136 0.413516 0.430707 0.409915 0.428629 0.445582 0.734811
4 0.361908 0.841535 0.363604 0.813292 0.347608 0.810237 0.345912 0.838481 0.512057
4 0.169079 0.582878 0.171345 0.550521 0.15432 0.546729 0.152054 0.579086 0.389997
4 0.244086 0.759502 0.246465 0.728337 0.229751 0.724278 0.227372 0.755443 0.368431
