4 0.201744 0.392659 0.203649 0.362316 0.185717 0.358735 0.183812 0.389078 0.918493
4 0.501241 0.474732 0.502268 0.447343 0.485724 0.44537 0.484697 0.472759 0.869022
4 0.303233 0.245204 0.305525 0.213398 0.287918 0.209363 0.285626 0.241169 0.863866
4 0.402175 0.432519 0.403118 0.403949 0.387561 0.402316 0.386618 0.430886 0.852698
4 0.435241 0.304715 0.437311 0.276038 0.421497 0.272408 0.419427 0.301084 0.84716
4 0.3376 0.557135 0.340057 0.522688 0.32044 0.51824 0.317984 0.552686 0.789305
0 0.447425 0.451436 0.449567 0.416126 0.430705 0.412487 0.428562 0.447796 0.708142
4 0.361907 0.841469 0.363462 0.813692 0.34778 0.8109 0.346225 0.838677 0.489721
4 0.244372 0.759623 0.246674 0.728293 0.229829 0.724355 0.227526 0.755686 0.396791
4 0.169048 0.582877 0.171387 0.550545 0.154364 0.546628 0.152025 0.57896 0.368036
4 0.201744 0.392659 0.203649 0.362316 0.185717 0.358735 0.183812 0.389078 0.918493
4 0.501241 0.474732 0.502268 0.447343 0.485724 0.44537 0.484697 0.472759 0.869022
4 0.303233 0.245204 0.305525 0.213398 0.287918 0.209363 0.285626 0.241169 0.863866
4 0.402175 0.432519 0.403118 0.403949 0.387561 0.402316 0.386618 0.430886 0.852698
4 0.435241 0.304715 0.437311 0.276038 0.421497 0.272408 0.419427 0.301084 0.84716
4 0.3376 0.557135 0.340057 0.522688 0.32044 0.51824 0.317984 0.552686 0.789305
0 0.447425 0.451436 0.449567 0.416126 0.430705 0.412487 0.428562 0.447796 0.708142
4 0.361907 0.841469 0.363462 0.813692 0.34778 0.8109 0.346225 0.838677 0.489721
4 0.244372 0.759623 0.246674 0.728293 0.229829 0.724355 0.227526 0.755686 0.396791
4 0.169048 0.582877 0.171387 0.550545 0.154364 0.546628 0.152025 0.57896 0.368036
