4 0.201859 0.392472 0.203776 0.362243 0.18599 0.358657 0.184073 0.388885 0.913936
4 0.401773 0.433164 0.403055 0.404514 0.386942 0.40222 0.385659 0.43087 0.904882
4 0.501152 0.474623 0.502128 0.44721 0.485516 0.445329 0.48454 0.472741 0.877828
4 0.303214 0.244905 0.30543 0.213283 0.287851 0.209365 0.285634 0.240987 0.873569
4 0.435221 0.304795 0.437347 0.275755 0.421233 0.272004 0.419107 0.301044 0.832641
4 0.337782 0.556847 0.339954 0.522696 0.320396 0.518739 0.318224 0.55289 0.79312
0 0.444795 0.454482 0.445548 0.418807 0.424612 0.417402 0.423859 0.453077 0.692411
4 0.362055 0.8414 0.363474 0.813624 0.347687 0.81106 0.346268 0.838836 0.478504
4 0.244268 0.759268 0.246534 0.728249 0.229819 0.724365 0.227553 0.755384 0.444289
4 0.168651 0.58049 0.171256 0.548523 0.153149 0.543831 0.150544 0.575797 0.341465
4 0.201859 0.392472 0.203776 0.362243 0.18599 0.358657 0.184073 0.388885 0.913936
4 0.401773 0.433164 0.403055 0.404514 0.386942 0.40222 0.385659 0.43087 0.904882
4 0.501152 0.474623 0.502128 0.44721 0.485516 0.445329 0.48454 0.472741 0.877828
4 0.303214 0.244905 0.30543 0.213283 0.287851 0.209365 0.285634 0.240987 0.873569
4 0.435221 0.304795 0.437347 0.275755 0.421233 0.272004 0.419107 0.301044 0.832641
4 0.337782 0.556847 0.339954 0.522696 0.320396 0.518739 0.318224 0.55289 0.79312
0 0.444795 0.454482 0.445548 0.418807 0.424612 0.417402 0.423859 0.453077 0.692411
4 0.362055 0.8414 0.363474 0.813624 0.347687 0.81106 0.346268 0.838836 0.478504
4 0.244268 0.759268 0.246534 0.728249 0.229819 0.724365 0.227553 0.755384 0.444289
4 0.168651 0.58049 0.171256 0.548523 0.153149 0.543831 0.150544 0.575797 0.341465
