4 0.201825 0.392732 0.203772 0.362544 0.185903 0.35888 0.183957 0.389069 0.916871
4 0.303277 0.244847 0.305344 0.213594 0.287983 0.209943 0.285916 0.241196 0.872993
4 0.501056 0.474404 0.502024 0.447478 0.485865 0.445632 0.484898 0.472558 0.861699
4 0.435139 0.304961 0.437306 0.275994 0.421345 0.272196 0.419178 0.301162 0.840922
4 0.429317 0.688184 0.431677 0.658642 0.412595 0.653795 0.410235 0.683337 0.641767
0 0.412558 0.665719 0.417302 0.624292 0.396835 0.616837 0.39209 0.658265 0.486621
4 0.361894 0.841522 0.363448 0.813742 0.347661 0.810933 0.346106 0.838712 0.459963
4 0.168587 0.580299 0.171074 0.548509 0.153263 0.544078 0.150776 0.575868 0.369175
4 0.244044 0.759261 0.246534 0.727877 0.229672 0.723623 0.227182 0.755007 0.355952
4 0.201825 0.392732 0.203772 0.362544 0.185903 0.35888 0.183957 0.389069 0.916871
4 0.303277 0.244847 0.305344 0.213594 0.287983 0.209943 0.285916 0.241196 0.872993
4 0.501056 0.474404 0.502024 0.447478 0.485865 0.445632 0.484898 0.472558 0.861699
4 0.435139 0.304961 0.437306 0.275994 0.421345 0.272196 0.419178 0.301162 0.840922
4 0.429317 0.688184 0.431677 0.658642 0.412595 0.653795 0.410235 0.683337 0.641767
0 0.412558 0.665719 0.417302 0.624292 0.396835 0.616837 0.39209 0.658265 0.486621
4 0.361894 0.841522 0.363448 0.813742 0.347661 0.810933 0.346106 0.838712 0.459963
4 0.168587 0.580299 0.171074 0.548509 0.153263 0.544078 0.150776 0.575868 0.369175
4 0.244044 0.759261 0.246534 0.727877 0.229672 0.723623 0.227182 0.755007 0.355952
