4 0.201722 0.392712 0.203581 0.362494 0.185819 0.35902 0.183961 0.389238 0.927113
4 0.303196 0.244808 0.30528 0.213154 0.287825 0.209498 0.28574 0.241153 0.877155
4 0.501102 0.474486 0.502114 0.447524 0.485924 0.445592 0.484912 0.472553 0.846181
4 0.435094 0.304676 0.437295 0.275566 0.421262 0.271711 0.419061 0.30082 0.840065
4 0.43072 0.609262 0.431926 0.581269 0.414637 0.578899 0.41343 0.606892 0.689961
4 0.361917 0.841505 0.363548 0.813516 0.347751 0.810589 0.346121 0.838578 0.463974
4 0.443072 0.710578 0.444766 0.682186 0.426989 0.678813 0.425295 0.707205 0.418689
4 0.244085 0.759399 0.246437 0.728291 0.229906 0.724317 0.227555 0.755425 0.391396
0 0.428029 0.68622 0.432675 0.654119 0.412332 0.644755 0.407685 0.676856 0.372377
4 0.168565 0.58052 0.171128 0.548566 0.153151 0.54398 0.150587 0.575934 0.365064
4 0.201722 0.392712 0.203581 0.362494 0.185819 0.35902 0.183961 0.389238 0.927113
4 0.303196 0.244808 0.30528 0.213154 0.287825 0.209498 0.28574 0.241153 0.877155
4 0.501102 0.474486 0.502114 0.447524 0.485924 0.445592 0.484912 0.472553 0.846181
4 0.435094 0.304676 0.437295 0.275566 0.421262 0.271711 0.419061 0.30082 0.840065
4 0.43072 0.609262 0.431926 0.581269 0.414637 0.578899 0.41343 0.606892 0.689961
4 0.361917 0.841505 0.363548 0.813516 0.347751 0.810589 0.346121 0.838578 0.463974
4 0.443072 0.710578 0.444766 0.682186 0.426989 0.678813 0.425295 0.707205 0.418689
4 0.244085 0.759399 0.246437 0.728291 0.229906 0.724317 0.227555 0.755425 0.391396
0 0.428029 0.68622 0.432675 0.654119 0.412332 0.644755 0.407685 0.676856 0.372377
4 0.168565 0.58052 0.171128 0.548566 0.153151 0.54398 0.150587 0.575934 0.365064
