4 0.361364 0.498049 0.362743 0.46954 0.346359 0.467018 0.344979 0.495526 0.945041
4 0.425318 0.682153 0.427356 0.654032 0.410071 0.650048 0.408033 0.67817 0.620446
0 0.402795 0.66245 0.406295 0.622112 0.38661 0.61668 0.38311 0.657018 0.613727
4 0.330891 0.498535 0.333255 0.457744 0.310326 0.453516 0.307961 0.494307 0.518077
4 0.336289 0.474235 0.337419 0.444326 0.320852 0.442333 0.319721 0.472243 0.332853
4 0.341219 0.585442 0.344852 0.553779 0.327586 0.547478 0.323953 0.579141 0.32172
4 0.361364 0.498049 0.362743 0.46954 0.346359 0.467018 0.344979 0.495526 0.945041
4 0.425318 0.682153 0.427356 0.654032 0.410071 0.650048 0.408033 0.67817 0.620446
0 0.402795 0.66245 0.406295 0.622112 0.38661 0.61668 0.38311 0.657018 0.613727
4 0.330891 0.498535 0.333255 0.457744 0.310326 0.453516 0.307961 0.494307 0.518077
4 0.336289 0.474235 0.337419 0.444326 0.320852 0.442333 0.319721 0.472243 0.332853
4 0.341219 0.585442 0.344852 0.553779 0.327586 0.547478 0.323953 0.579141 0.32172
