4 0.402861 0.433535 0.405329 0.40473 0.387868 0.399972 0.3854 0.428778 0.934406
4 0.20177 0.39273 0.203711 0.362451 0.185998 0.358839 0.184057 0.389119 0.920265
4 0.303398 0.245102 0.305647 0.213459 0.288063 0.209483 0.285813 0.241127 0.875592
4 0.5011 0.474629 0.502096 0.447346 0.485573 0.445427 0.484577 0.47271 0.868285
4 0.43521 0.304672 0.437438 0.275762 0.421367 0.271821 0.419138 0.300732 0.843578
4 0.337814 0.556723 0.340037 0.522609 0.320461 0.518552 0.318238 0.552667 0.812335
0 0.449108 0.477035 0.452034 0.442482 0.432764 0.437291 0.429838 0.471844 0.803505
4 0.361998 0.841439 0.363445 0.813431 0.347557 0.810821 0.34611 0.838829 0.501008
4 0.168994 0.582816 0.17121 0.550903 0.154373 0.547184 0.152157 0.579096 0.362196
4 0.244032 0.759585 0.246442 0.728237 0.22965 0.724131 0.22724 0.755479 0.328514
4 0.402861 0.433535 0.405329 0.40473 0.387868 0.399972 0.3854 0.428778 0.934406
4 0.20177 0.39273 0.203711 0.362451 0.185998 0.358839 0.184057 0.389119 0.920265
4 0.303398 0.245102 0.305647 0.213459 0.288063 0.209483 0.285813 0.241127 0.875592
4 0.5011 0.474629 0.502096 0.447346 0.485573 0.445427 0.484577 0.47271 0.868285
4 0.43521 0.304672 0.437438 0.275762 0.421367 0.271821 0.419138 0.300732 0.843578
4 0.337814 0.556723 0.340037 0.522609 0.320461 0.518552 0.318238 0.552667 0.812335
0 0.449108 0.477035 0.452034 0.442482 0.432764 0.437291 0.429838 0.471844 0.803505
4 0.361998 0.841439 0.363445 0.813431 0.347557 0.810821 0.34611 0.838829 0.501008
4 0.168994 0.582816 0.17121 0.550903 0.154373 0.547184 0.152157 0.579096 0.362196
4 0.244032 0.759585 0.246442 0.728237 0.22965 0.724131 0.22724 0.755479 0.328514
