4 0.201666 0.392749 0.203502 0.362365 0.185662 0.358937 0.183826 0.389321 0.921723
4 0.303261 0.244377 0.305223 0.213141 0.287842 0.209669 0.28588 0.240906 0.88307
4 0.501136 0.474573 0.502154 0.447584 0.485967 0.445643 0.484949 0.472631 0.852973
4 0.435162 0.304565 0.437278 0.275945 0.42153 0.272243 0.419415 0.300863 0.825933
4 0.412642 0.656551 0.414889 0.625091 0.396927 0.621012 0.394681 0.652472 0.592327
0 0.395308 0.629242 0.398456 0.592279 0.378116 0.586769 0.374968 0.623732 0.579004
4 0.361923 0.841783 0.363651 0.813498 0.347645 0.810388 0.345917 0.838673 0.47267
4 0.244008 0.759481 0.246399 0.728583 0.229686 0.724469 0.227294 0.755367 0.406885
4 0.168519 0.580484 0.17112 0.548271 0.152896 0.543591 0.150295 0.575804 0.380464
4 0.438407 0.622104 0.440533 0.594552 0.425422 0.590843 0.423295 0.618395 0.349545
4 0.201666 0.392749 0.203502 0.362365 0.185662 0.358937 0.183826 0.389321 0.921723
4 0.303261 0.244377 0.305223 0.213141 0.287842 0.209669 0.28588 0.240906 0.88307
4 0.501136 0.474573 0.502154 0.447584 0.485967 0.445643 0.484949 0.472631 0.852973
4 0.435162 0.304565 0.437278 0.275945 0.42153 0.272243 0.419415 0.300863 0.825933
4 0.412642 0.656551 0.414889 0.625091 0.396927 0.621012 0.394681 0.652472 0.592327
0 0.395308 0.629242 0.398456 0.592279 0.378116 0.586769 0.374968 0.623732 0.579004
4 0.361923 0.841783 0.363651 0.813498 0.347645 0.810388 0.345917 0.838673 0.47267
4 0.244008 0.759481 0.246399 0.728583 0.229686 0.724469 0.227294 0.755367 0.406885
4 0.168519 0.580484 0.17112 0.548271 0.152896 0.543591 0.150295 0.575804 0.380464
4 0.438407 0.622104 0.440533 0.594552 0.425422 0.590843 0.423295 0.618395 0.349545
