4 0.201711 0.392728 0.203593 0.362478 0.185936 0.358983 0.184054 0.389233 0.924236
4 0.403028 0.433756 0.405423 0.405297 0.388068 0.400652 0.385673 0.429111 0.9145
4 0.303191 0.244438 0.305308 0.213242 0.28788 0.209482 0.285764 0.240677 0.877142
4 0.501334 0.474974 0.502363 0.447272 0.485735 0.445308 0.484706 0.47301 0.873038
4 0.435222 0.304677 0.437315 0.275869 0.421369 0.272184 0.419276 0.300992 0.856662
4 0.337575 0.557318 0.339963 0.522714 0.320388 0.518419 0.318001 0.553023 0.784793
0 0.462838 0.534477 0.465479 0.498344 0.444606 0.493492 0.441965 0.529625 0.721613
4 0.361976 0.841528 0.363606 0.813399 0.347683 0.810465 0.346053 0.838593 0.473614
4 0.244279 0.759711 0.24663 0.728291 0.229685 0.724259 0.227335 0.75568 0.412461
4 0.168572 0.580549 0.171181 0.54829 0.153084 0.543635 0.150475 0.575894 0.385461
4 0.201711 0.392728 0.203593 0.362478 0.185936 0.358983 0.184054 0.389233 0.924236
4 0.403028 0.433756 0.405423 0.405297 0.388068 0.400652 0.385673 0.429111 0.9145
4 0.303191 0.244438 0.305308 0.213242 0.28788 0.209482 0.285764 0.240677 0.877142
4 0.501334 0.474974 0.502363 0.447272 0.485735 0.445308 0.484706 0.47301 0.873038
4 0.435222 0.304677 0.437315 0.275869 0.421369 0.272184 0.419276 0.300992 0.856662
4 0.337575 0.557318 0.339963 0.522714 0.320388 0.518419 0.318001 0.553023 0.784793
0 0.462838 0.534477 0.465479 0.498344 0.444606 0.493492 0.441965 0.529625 0.721613
4 0.361976 0.841528 0.363606 0.813399 0.347683 0.810465 0.346053 0.838593 0.473614
4 0.244279 0.759711 0.24663 0.728291 0.229685 0.724259 0.227335 0.75568 0.412461
4 0.168572 0.580549 0.171181 0.54829 0.153084 0.543635 0.150475 0.575894 0.385461
