0 0.248038 0.335377 0.248713 0.298204 0.227943 0.297004 0.227267 0.334176 0.883426
4 0.391198 0.546591 0.392399 0.519346 0.375592 0.51699 0.374391 0.544235 0.883123
4 0.419343 0.70433 0.420879 0.674038 0.403046 0.671162 0.401509 0.701453 0.704451
4 0.338316 0.575735 0.340092 0.547993 0.324141 0.544747 0.322366 0.572489 0.696844
4 0.398454 0.36041 0.399642 0.331521 0.383751 0.329443 0.382563 0.358332 0.694781
4 0.481948 0.637209 0.484553 0.605096 0.466962 0.600559 0.464358 0.632672 0.57501
4 0.476434 0.625306 0.478201 0.590443 0.460983 0.587667 0.459216 0.622531 0.535629
4 0.241763 0.306994 0.244621 0.27795 0.22813 0.27279 0.225272 0.301834 0.487017
0 0.248038 0.335377 0.248713 0.298204 0.227943 0.297004 0.227267 0.334176 0.883426
4 0.391198 0.546591 0.392399 0.519346 0.375592 0.51699 0.374391 0.544235 0.883123
4 0.419343 0.70433 0.420879 0.674038 0.403046 0.671162 0.401509 0.701453 0.704451
4 0.338316 0.575735 0.340092 0.547993 0.324141 0.544747 0.322366 0.572489 0.696844
4 0.398454 0.36041 0.399642 0.331521 0.383751 0.329443 0.382563 0.358332 0.694781
4 0.481948 0.637209 0.484553 0.605096 0.466962 0.600559 0.464358 0.632672 0.57501
4 0.476434 0.625306 0.478201 0.590443 0.460983 0.587667 0.459216 0.622531 0.535629
4 0.241763 0.306994 0.244621 0.27795 0.22813 0.27279 0.225272 0.301834 0.487017
