4 0.36141 0.497561 0.362831 0.469364 0.346477 0.466742 0.345056 0.494939 0.945607
0 0.403461 0.678734 0.407617 0.641239 0.388809 0.634608 0.384652 0.672103 0.750208
4 0.426018 0.68275 0.428409 0.654748 0.411169 0.650068 0.408779 0.67807 0.564343
4 0.331211 0.497959 0.333302 0.458175 0.310593 0.454378 0.308501 0.494162 0.506607
4 0.336677 0.473377 0.337635 0.444134 0.321307 0.442433 0.320349 0.471676 0.486368
4 0.341291 0.585029 0.344788 0.553445 0.327656 0.547413 0.324159 0.578996 0.374457
4 0.36141 0.497561 0.362831 0.469364 0.346477 0.466742 0.345056 0.494939 0.945607
0 0.403461 0.678734 0.407617 0.641239 0.388809 0.634608 0.384652 0.672103 0.750208
4 0.426018 0.68275 0.428409 0.654748 0.411169 0.650068 0.408779 0.67807 0.564343
4 0.331211 0.497959 0.333302 0.458175 0.310593 0.454378 0.308501 0.494162 0.506607
4 0.336677 0.473377 0.337635 0.444134 0.321307 0.442433 0.320349 0.471676 0.486368
4 0.341291 0.585029 0.344788 0.553445 0.327656 0.547413 0.324159 0.578996 0.374457
