4 0.201849 0.392834 0.203698 0.362695 0.185886 0.359221 0.184038 0.389359 0.92322
4 0.30319 0.244708 0.305395 0.213134 0.287709 0.209206 0.285504 0.24078 0.869723
4 0.501065 0.474597 0.502065 0.447601 0.485867 0.445693 0.484867 0.472689 0.851311
4 0.435083 0.304678 0.437251 0.275831 0.421351 0.272031 0.419183 0.300879 0.84288
4 0.439035 0.7082 0.440984 0.678655 0.423574 0.675002 0.421625 0.704547 0.720318
0 0.423281 0.681759 0.427189 0.644916 0.407223 0.638181 0.403315 0.675024 0.716562
4 0.430169 0.609037 0.430904 0.580648 0.41508 0.579346 0.414345 0.607735 0.521354
4 0.361941 0.84152 0.363525 0.813503 0.347807 0.810677 0.346223 0.838694 0.458726
4 0.24422 0.759642 0.246573 0.728179 0.22973 0.724173 0.227377 0.755636 0.386245
4 0.168613 0.580479 0.171108 0.54866 0.153239 0.544204 0.150744 0.576023 0.354436
4 0.201849 0.392834 0.203698 0.362695 0.185886 0.359221 0.184038 0.389359 0.92322
4 0.30319 0.244708 0.305395 0.213134 0.287709 0.209206 0.285504 0.24078 0.869723
4 0.501065 0.474597 0.502065 0.447601 0.485867 0.445693 0.484867 0.472689 0.851311
4 0.435083 0.304678 0.437251 0.275831 0.421351 0.272031 0.419183 0.300879 0.84288
4 0.439035 0.7082 0.440984 0.678655 0.423574 0.675002 0.421625 0.704547 0.720318
0 0.423281 0.681759 0.427189 0.644916 0.407223 0.638181 0.403315 0.675024 0.716562
4 0.430169 0.609037 0.430904 0.580648 0.41508 0.579346 0.414345 0.607735 0.521354
4 0.361941 0.84152 0.363525 0.813503 0.347807 0.810677 0.346223 0.838694 0.458726
4 0.24422 0.759642 0.246573 0.728179 0.22973 0.724173 0.227377 0.755636 0.386245
4 0.168613 0.580479 0.171108 0.54866 0.153239 0.544204 0.150744 0.576023 0.354436
