4 0.201753 0.39253 0.203647 0.362194 0.185914 0.358673 0.18402 0.389009 0.92199
4 0.501424 0.474345 0.50237 0.447325 0.485921 0.445495 0.484975 0.472515 0.88161
4 0.303317 0.244688 0.30542 0.213106 0.287822 0.20938 0.285719 0.240962 0.875643
4 0.401322 0.433429 0.40335 0.40529 0.387204 0.401591 0.385177 0.42973 0.874864
4 0.435203 0.304438 0.437305 0.275944 0.421417 0.272216 0.419315 0.300711 0.83387
4 0.337773 0.556811 0.340078 0.522771 0.320483 0.518552 0.318179 0.552592 0.800036
0 0.447877 0.449115 0.450322 0.413341 0.430846 0.409109 0.428401 0.444883 0.725694
4 0.36201 0.841561 0.363468 0.813383 0.347608 0.810772 0.346149 0.83895 0.464728
4 0.244145 0.759515 0.246542 0.728265 0.229652 0.724145 0.227255 0.755395 0.382091
4 0.168593 0.580284 0.17114 0.548459 0.153065 0.543857 0.150517 0.575683 0.351288
4 0.201753 0.39253 0.203647 0.362194 0.185914 0.358673 0.18402 0.389009 0.92199
4 0.501424 0.474345 0.50237 0.447325 0.485921 0.445495 0.484975 0.472515 0.88161
4 0.303317 0.244688 0.30542 0.213106 0.287822 0.20938 0.285719 0.240962 0.875643
4 0.401322 0.433429 0.40335 0.40529 0.387204 0.401591 0.385177 0.42973 0.874864
4 0.435203 0.304438 0.437305 0.275944 0.421417 0.272216 0.419315 0.300711 0.83387
4 0.337773 0.556811 0.340078 0.522771 0.320483 0.518552 0.318179 0.552592 0.800036
0 0.447877 0.449115 0.450322 0.413341 0.430846 0.409109 0.428401 0.444883 0.725694
4 0.36201 0.841561 0.363468 0.813383 0.347608 0.810772 0.346149 0.83895 0.464728
4 0.244145 0.759515 0.246542 0.728265 0.229652 0.724145 0.227255 0.755395 0.382091
4 0.168593 0.580284 0.17114 0.548459 0.153065 0.543857 0.150517 0.575683 0.351288
