4 0.366971 0.564161 0.367501 0.536823 0.351279 0.535823 0.35075 0.563161 0.91036
4 0.337289 0.471692 0.339356 0.443582 0.323527 0.43988 0.32146 0.46799 0.908133
4 0.358404 0.446607 0.360038 0.419525 0.344893 0.416619 0.343259 0.443701 0.793473
4 0.398591 0.360551 0.399866 0.331414 0.383845 0.329185 0.382569 0.358321 0.712795
4 0.477968 0.627634 0.47923 0.593259 0.462285 0.59128 0.461023 0.625655 0.641448
4 0.37127 0.616887 0.374307 0.588373 0.357382 0.582638 0.354344 0.611152 0.600342
0 0.455886 0.631605 0.459474 0.593738 0.440258 0.587947 0.43667 0.625815 0.597038
4 0.381194 0.659274 0.38354 0.628753 0.367577 0.624852 0.365231 0.655372 0.591455
4 0.342845 0.579678 0.343821 0.5506 0.327656 0.548875 0.32668 0.577953 0.388588
4 0.366971 0.564161 0.367501 0.536823 0.351279 0.535823 0.35075 0.563161 0.91036
4 0.337289 0.471692 0.339356 0.443582 0.323527 0.43988 0.32146 0.46799 0.908133
4 0.358404 0.446607 0.360038 0.419525 0.344893 0.416619 0.343259 0.443701 0.793473
4 0.398591 0.360551 0.399866 0.331414 0.383845 0.329185 0.382569 0.358321 0.712795
4 0.477968 0.627634 0.47923 0.593259 0.462285 0.59128 0.461023 0.625655 0.641448
4 0.37127 0.616887 0.374307 0.588373 0.357382 0.582638 0.354344 0.611152 0.600342
0 0.455886 0.631605 0.459474 0.593738 0.440258 0.587947 0.43667 0.625815 0.597038
4 0.381194 0.659274 0.38354 0.628753 0.367577 0.624852 0.365231 0.655372 0.591455
4 0.342845 0.579678 0.343821 0.5506 0.327656 0.548875 0.32668 0.577953 0.388588
