4 0.337523 0.471701 0.339373 0.443359 0.323507 0.440064 0.321657 0.468407 0.868206
4 0.367815 0.565076 0.369839 0.537035 0.35244 0.533043 0.350417 0.561084 0.803346
4 0.358565 0.44649 0.360204 0.418755 0.344818 0.415864 0.34318 0.443599 0.79303
4 0.398698 0.360944 0.399985 0.331252 0.383617 0.328995 0.38233 0.358686 0.660039
4 0.384151 0.551415 0.387211 0.518511 0.367699 0.51274 0.364639 0.545644 0.551432
4 0.380887 0.657839 0.382848 0.625382 0.364079 0.621775 0.362118 0.654232 0.523258
4 0.342159 0.5817 0.344046 0.552621 0.327636 0.549235 0.32575 0.578314 0.49396
0 0.361165 0.532334 0.363291 0.493623 0.343864 0.49023 0.341738 0.528941 0.265176
4 0.337523 0.471701 0.339373 0.443359 0.323507 0.440064 0.321657 0.468407 0.868206
4 0.367815 0.565076 0.369839 0.537035 0.35244 0.533043 0.350417 0.561084 0.803346
4 0.358565 0.44649 0.360204 0.418755 0.344818 0.415864 0.34318 0.443599 0.79303
4 0.398698 0.360944 0.399985 0.331252 0.383617 0.328995 0.38233 0.358686 0.660039
4 0.384151 0.551415 0.387211 0.518511 0.367699 0.51274 0.364639 0.545644 0.551432
4 0.380887 0.657839 0.382848 0.625382 0.364079 0.621775 0.362118 0.654232 0.523258
4 0.342159 0.5817 0.344046 0.552621 0.327636 0.549235 0.32575 0.578314 0.49396
0 0.361165 0.532334 0.363291 0.493623 0.343864 0.49023 0.341738 0.528941 0.265176
