4 0.202042 0.392605 0.203871 0.362389 0.186099 0.358968 0.18427 0.389183 0.924399
4 0.402901 0.433976 0.405388 0.405475 0.387933 0.40063 0.385445 0.429131 0.914407
4 0.501172 0.474625 0.502115 0.447174 0.48545 0.445354 0.484507 0.472804 0.882987
4 0.303315 0.244831 0.305505 0.213266 0.287876 0.209377 0.285687 0.240942 0.87756
4 0.435133 0.30443 0.437307 0.275725 0.42141 0.271896 0.419236 0.3006 0.840504
4 0.337789 0.556995 0.340058 0.522762 0.320492 0.518637 0.318222 0.552869 0.793309
0 0.459224 0.522456 0.45975 0.487755 0.4397 0.486789 0.439174 0.52149 0.78853
4 0.362014 0.841464 0.363518 0.81372 0.347717 0.810997 0.346214 0.83874 0.501977
4 0.244204 0.759434 0.246537 0.72804 0.229684 0.724056 0.22735 0.755449 0.408044
4 0.168923 0.582773 0.171186 0.55081 0.15441 0.547032 0.152147 0.578995 0.35734
4 0.202042 0.392605 0.203871 0.362389 0.186099 0.358968 0.18427 0.389183 0.924399
4 0.402901 0.433976 0.405388 0.405475 0.387933 0.40063 0.385445 0.429131 0.914407
4 0.501172 0.474625 0.502115 0.447174 0.48545 0.445354 0.484507 0.472804 0.882987
4 0.303315 0.244831 0.305505 0.213266 0.287876 0.209377 0.285687 0.240942 0.87756
4 0.435133 0.30443 0.437307 0.275725 0.42141 0.271896 0.419236 0.3006 0.840504
4 0.337789 0.556995 0.340058 0.522762 0.320492 0.518637 0.318222 0.552869 0.793309
0 0.459224 0.522456 0.45975 0.487755 0.4397 0.486789 0.439174 0.52149 0.78853
4 0.362014 0.841464 0.363518 0.81372 0.347717 0.810997 0.346214 0.83874 0.501977
4 0.244204 0.759434 0.246537 0.72804 0.229684 0.724056 0.22735 0.755449 0.408044
4 0.168923 0.582773 0.171186 0.55081 0.15441 0.547032 0.152147 0.578995 0.35734
