4 0.201808 0.392735 0.203641 0.3627 0.185836 0.359244 0.184003 0.389278 0.917353
4 0.303125 0.244965 0.305278 0.213488 0.287998 0.209728 0.285844 0.241205 0.878736
4 0.501107 0.474513 0.502101 0.447474 0.485869 0.445577 0.484875 0.472615 0.859704
4 0.435189 0.305026 0.437466 0.275887 0.421371 0.271887 0.419094 0.301026 0.833762
4 0.361864 0.841707 0.363547 0.813682 0.347706 0.810658 0.346023 0.838683 0.47895
4 0.430072 0.688589 0.432517 0.659482 0.413314 0.654352 0.410869 0.683458 0.472838
4 0.244219 0.759286 0.246522 0.728272 0.229875 0.724341 0.227573 0.755355 0.405382
0 0.412313 0.663365 0.416567 0.627477 0.398757 0.620764 0.394503 0.656652 0.404024
4 0.168584 0.580425 0.171141 0.548603 0.15319 0.544017 0.150634 0.575838 0.353394
4 0.201808 0.392735 0.203641 0.3627 0.185836 0.359244 0.184003 0.389278 0.917353
4 0.303125 0.244965 0.305278 0.213488 0.287998 0.209728 0.285844 0.241205 0.878736
4 0.501107 0.474513 0.502101 0.447474 0.485869 0.445577 0.484875 0.472615 0.859704
4 0.435189 0.305026 0.437466 0.275887 0.421371 0.271887 0.419094 0.301026 0.833762
4 0.361864 0.841707 0.363547 0.813682 0.347706 0.810658 0.346023 0.838683 0.47895
4 0.430072 0.688589 0.432517 0.659482 0.413314 0.654352 0.410869 0.683458 0.472838
4 0.244219 0.759286 0.246522 0.728272 0.229875 0.724341 0.227573 0.755355 0.405382
0 0.412313 0.663365 0.416567 0.627477 0.398757 0.620764 0.394503 0.656652 0.404024
4 0.168584 0.580425 0.171141 0.548603 0.15319 0.544017 0.150634 0.575838 0.353394
