4 0.201677 0.392415 0.203458 0.362552 0.185988 0.359239 0.184207 0.389101 0.918378
4 0.303234 0.244721 0.305236 0.213351 0.287815 0.209816 0.285814 0.241186 0.877556
4 0.501082 0.47453 0.502095 0.447624 0.485985 0.445694 0.484971 0.4726 0.855757
4 0.435111 0.305079 0.437402 0.275856 0.421298 0.271841 0.419007 0.301064 0.842502
4 0.354184 0.55402 0.356102 0.523276 0.335642 0.519218 0.333724 0.549963 0.775005
0 0.335774 0.534716 0.337583 0.492387 0.316756 0.489555 0.314946 0.531884 0.504455
4 0.361849 0.84137 0.363465 0.813636 0.347695 0.810713 0.346079 0.838446 0.460455
4 0.470191 0.676478 0.471771 0.649768 0.457316 0.647049 0.455737 0.67376 0.381619
4 0.168724 0.580281 0.171232 0.548291 0.153289 0.543818 0.150781 0.575809 0.351678
4 0.243843 0.759256 0.246206 0.728509 0.229813 0.724503 0.22745 0.75525 0.318368
4 0.201677 0.392415 0.203458 0.362552 0.185988 0.359239 0.184207 0.389101 0.918378
4 0.303234 0.244721 0.305236 0.213351 0.287815 0.209816 0.285814 0.241186 0.877556
4 0.501082 0.47453 0.502095 0.447624 0.485985 0.445694 0.484971 0.4726 0.855757
4 0.435111 0.305079 0.437402 0.275856 0.421298 0.271841 0.419007 0.301064 0.842502
4 0.354184 0.55402 0.356102 0.523276 0.335642 0.519218 0.333724 0.549963 0.775005
0 0.335774 0.534716 0.337583 0.492387 0.316756 0.489555 0.314946 0.531884 0.504455
4 0.361849 0.84137 0.363465 0.813636 0.347695 0.810713 0.346079 0.838446 0.460455
4 0.470191 0.676478 0.471771 0.649768 0.457316 0.647049 0.455737 0.67376 0.381619
4 0.168724 0.580281 0.171232 0.548291 0.153289 0.543818 0.150781 0.575809 0.351678
4 0.243843 0.759256 0.246206 0.728509 0.229813 0.724503 0.22745 0.75525 0.318368
