4 0.201939 0.392594 0.203786 0.362328 0.185984 0.358873 0.184137 0.38914 0.922885
0 0.440205 0.450892 0.442681 0.416351 0.42146 0.411514 0.418985 0.446055 0.907112
4 0.401468 0.433921 0.402863 0.405214 0.386891 0.402745 0.385496 0.431452 0.892535
4 0.303329 0.244791 0.30548 0.213432 0.287934 0.209605 0.285784 0.240964 0.879839
4 0.501371 0.474411 0.502294 0.447348 0.486073 0.445587 0.485149 0.47265 0.866693
4 0.435314 0.304781 0.437431 0.275838 0.421225 0.272068 0.419108 0.301011 0.833879
4 0.337489 0.556664 0.339961 0.522674 0.320484 0.518169 0.318012 0.552159 0.80405
4 0.362001 0.841554 0.363627 0.813648 0.34775 0.810705 0.346124 0.838612 0.492178
4 0.435136 0.395238 0.43777 0.362107 0.420318 0.357694 0.417684 0.390825 0.434878
4 0.168949 0.582725 0.171185 0.550528 0.154166 0.546768 0.151929 0.578965 0.42857
4 0.244204 0.759555 0.246484 0.728312 0.229803 0.72444 0.227523 0.755683 0.354035
4 0.201939 0.392594 0.203786 0.362328 0.185984 0.358873 0.184137 0.38914 0.922885
0 0.440205 0.450892 0.442681 0.416351 0.42146 0.411514 0.418985 0.446055 0.907112
4 0.401468 0.433921 0.402863 0.405214 0.386891 0.402745 0.385496 0.431452 0.892535
4 0.303329 0.244791 0.30548 0.213432 0.287934 0.209605 0.285784 0.240964 0.879839
4 0.501371 0.474411 0.502294 0.447348 0.486073 0.445587 0.485149 0.47265 0.866693
4 0.435314 0.304781 0.437431 0.275838 0.421225 0.272068 0.419108 0.301011 0.833879
4 0.337489 0.556664 0.339961 0.522674 0.320484 0.518169 0.318012 0.552159 0.80405
4 0.362001 0.841554 0.363627 0.813648 0.34775 0.810705 0.346124 0.838612 0.492178
4 0.435136 0.395238 0.43777 0.362107 0.420318 0.357694 0.417684 0.390825 0.434878
4 0.168949 0.582725 0.171185 0.550528 0.154166 0.546768 0.151929 0.578965 0.42857
4 0.244204 0.759555 0.246484 0.728312 0.229803 0.72444 0.227523 0.755683 0.354035
