4 0.337244 0.471792 0.339763 0.445017 0.324661 0.4405 0.322142 0.467275 0.94821
4 0.368044 0.567413 0.370504 0.535185 0.351965 0.530684 0.349504 0.562912 0.924064
4 0.246345 0.0816902 0.247487 0.0461023 0.22357 0.0436612 0.222428 0.0792492 0.767138
4 0.454955 0.609206 0.457363 0.572161 0.436081 0.567762 0.433673 0.604807 0.738888
4 0.565881 0.285129 0.567226 0.253638 0.547846 0.251006 0.546501 0.282497 0.713772
4 0.16717 0.470567 0.168475 0.429493 0.144078 0.427028 0.142773 0.468102 0.699367
4 0.379981 0.658564 0.38238 0.623177 0.361346 0.618642 0.358947 0.654029 0.686546
4 0.158042 0.490434 0.160268 0.450709 0.136615 0.446495 0.13439 0.48622 0.650323
4 0.441233 0.219896 0.445679 0.184144 0.423864 0.175518 0.419418 0.211269 0.624802
4 0.398528 0.359595 0.399469 0.332106 0.384484 0.330476 0.383543 0.357964 0.619045
4 0.343375 0.580752 0.34491 0.550639 0.328505 0.54798 0.326971 0.578094 0.598557
4 0.0897586 0.399486 0.0916059 0.360374 0.0676643 0.356778 0.0658171 0.39589 0.565815
4 0.358494 0.447439 0.36088 0.418643 0.344547 0.41434 0.342162 0.443137 0.527959
4 0.2488 0.393957 0.251399 0.34988 0.227843 0.345463 0.225244 0.38954 0.513916
4 0.243462 0.578074 0.247137 0.537567 0.223356 0.530705 0.219681 0.571211 0.495459
4 0.154103 0.220304 0.157245 0.178287 0.132719 0.172455 0.129578 0.214472 0.491821
4 0.25086 0.252926 0.254129 0.195463 0.224709 0.19014 0.22144 0.247603 0.491309
4 0.389455 0.223424 0.390728 0.183192 0.369958 0.181103 0.368685 0.221334 0.487582
4 0.400203 0.212837 0.400749 0.182909 0.384392 0.181958 0.383845 0.211886 0.428063
4 0.153177 0.356547 0.15501 0.317015 0.133232 0.313803 0.131398 0.353334 0.416265
4 0.503104 0.171755 0.504741 0.13876 0.48593 0.135791 0.484293 0.168786 0.410288
4 0.250769 0.11342 0.253138 0.0654876 0.228894 0.0616777 0.226526 0.109611 0.407504
4 0.365158 0.373713 0.367162 0.335683 0.34556 0.332062 0.343555 0.370092 0.38258
4 0.0863951 0.424789 0.0884512 0.384279 0.0618978 0.379993 0.0598418 0.420503 0.368927
4 0.0924128 0.683802 0.093896 0.649695 0.0734562 0.646868 0.071973 0.680976 0.366981
4 0.450064 0.458264 0.451962 0.420946 0.430671 0.417501 0.428773 0.454819 0.364733
4 0.190005 0.712521 0.191919 0.677262 0.171379 0.673715 0.169464 0.708974 0.362596
4 0.176532 0.602497 0.178267 0.564339 0.156963 0.561258 0.155228 0.599415 0.356207
4 0.401102 0.327314 0.401266 0.291321 0.382955 0.291055 0.382791 0.327048 0.343527
4 0.17724 0.172963 0.179652 0.133727 0.157121 0.129322 0.15471 0.168559 0.33731
4 0.141442 0.239647 0.144274 0.201633 0.1211 0.196145 0.118269 0.234158 0.33639
0 0.435695 0.60447 0.437587 0.566761 0.416856 0.563452 0.414963 0.60116 0.330329
4 0.244158 0.292711 0.248698 0.240999 0.219137 0.232745 0.214597 0.284457 0.325861
1 0.387227 0.723384 0.389472 0.682066 0.368944 0.678518 0.366698 0.719836 0.325806
4 0.0853506 0.577856 0.0888681 0.533654 0.0612204 0.526657 0.0577029 0.570859 0.318109
4 0.242533 0.651793 0.246711 0.606743 0.221929 0.599434 0.217751 0.644483 0.314046
4 0.0898449 0.556507 0.0928736 0.51124 0.0667467 0.505681 0.063718 0.550948 0.302719
4 0.243308 0.508673 0.246997 0.466492 0.223325 0.459909 0.219637 0.50209 0.302185
4 0.501875 0.310471 0.504258 0.273802 0.483482 0.269508 0.481099 0.306177 0.301586
4 0.247539 0.694243 0.250918 0.64409 0.224104 0.638344 0.220725 0.688498 0.29571
4 0.243737 0.442787 0.248362 0.398808 0.223093 0.390357 0.218467 0.434335 0.284702
4 0.366971 0.0891558 0.368432 0.0518445 0.346416 0.0491025 0.344955 0.0864139 0.280147
4 0.377068 0.237857 0.380217 0.19567 0.356864 0.190126 0.353715 0.232313 0.27418
4 0.24295 0.841587 0.245618 0.801908 0.222348 0.796933 0.21968 0.836612 0.2681
4 0.245287 0.157701 0.249768 0.106472 0.221796 0.0986913 0.217315 0.14992 0.268083
4 0.453606 0.175754 0.456982 0.132207 0.433741 0.126478 0.430365 0.170024 0.250097
4 0.337244 0.471792 0.339763 0.445017 0.324661 0.4405 0.322142 0.467275 0.94821
4 0.368044 0.567413 0.370504 0.535185 0.351965 0.530684 0.349504 0.562912 0.924064
4 0.246345 0.0816902 0.247487 0.0461023 0.22357 0.0436612 0.222428 0.0792492 0.767138
4 0.454955 0.609206 0.457363 0.572161 0.436081 0.567762 0.433673 0.604807 0.738888
4 0.565881 0.285129 0.567226 0.253638 0.547846 0.251006 0.546501 0.282497 0.713772
4 0.16717 0.470567 0.168475 0.429493 0.144078 0.427028 0.142773 0.468102 0.699367
4 0.379981 0.658564 0.38238 0.623177 0.361346 0.618642 0.358947 0.654029 0.686546
4 0.158042 0.490434 0.160268 0.450709 0.136615 0.446495 0.13439 0.48622 0.650323
4 0.441233 0.219896 0.445679 0.184144 0.423864 0.175518 0.419418 0.211269 0.624802
4 0.398528 0.359595 0.399469 0.332106 0.384484 0.330476 0.383543 0.357964 0.619045
4 0.343375 0.580752 0.34491 0.550639 0.328505 0.54798 0.326971 0.578094 0.598557
4 0.0897586 0.399486 0.0916059 0.360374 0.0676643 0.356778 0.0658171 0.39589 0.565815
4 0.358494 0.447439 0.36088 0.418643 0.344547 0.41434 0.342162 0.443137 0.527959
4 0.2488 0.393957 0.251399 0.34988 0.227843 0.345463 0.225244 0.38954 0.513916
4 0.243462 0.578074 0.247137 0.537567 0.223356 0.530705 0.219681 0.571211 0.495459
4 0.154103 0.220304 0.157245 0.178287 0.132719 0.172455 0.129578 0.214472 0.491821
4 0.25086 0.252926 0.254129 0.195463 0.224709 0.19014 0.22144 0.247603 0.491309
4 0.389455 0.223424 0.390728 0.183192 0.369958 0.181103 0.368685 0.221334 0.487582
4 0.400203 0.212837 0.400749 0.182909 0.384392 0.181958 0.383845 0.211886 0.428063
4 0.153177 0.356547 0.15501 0.317015 0.133232 0.313803 0.131398 0.353334 0.416265
4 0.503104 0.171755 0.504741 0.13876 0.48593 0.135791 0.484293 0.168786 0.410288
4 0.250769 0.11342 0.253138 0.0654876 0.228894 0.0616777 0.226526 0.109611 0.407504
4 0.365158 0.373713 0.367162 0.335683 0.34556 0.332062 0.343555 0.370092 0.38258
4 0.0863951 0.424789 0.0884512 0.384279 0.0618978 0.379993 0.0598418 0.420503 0.368927
4 0.0924128 0.683802 0.093896 0.649695 0.0734562 0.646868 0.071973 0.680976 0.366981
4 0.450064 0.458264 0.451962 0.420946 0.430671 0.417501 0.428773 0.454819 0.364733
4 0.190005 0.712521 0.191919 0.677262 0.171379 0.673715 0.169464 0.708974 0.362596
4 0.176532 0.602497 0.178267 0.564339 0.156963 0.561258 0.155228 0.599415 0.356207
4 0.401102 0.327314 0.401266 0.291321 0.382955 0.291055 0.382791 0.327048 0.343527
4 0.17724 0.172963 0.179652 0.133727 0.157121 0.129322 0.15471 0.168559 0.33731
4 0.141442 0.239647 0.144274 0.201633 0.1211 0.196145 0.118269 0.234158 0.33639
0 0.435695 0.60447 0.437587 0.566761 0.416856 0.563452 0.414963 0.60116 0.330329
4 0.244158 0.292711 0.248698 0.240999 0.219137 0.232745 0.214597 0.284457 0.325861
1 0.387227 0.723384 0.389472 0.682066 0.368944 0.678518 0.366698 0.719836 0.325806
4 0.0853506 0.577856 0.0888681 0.533654 0.0612204 0.526657 0.0577029 0.570859 0.318109
4 0.242533 0.651793 0.246711 0.606743 0.221929 0.599434 0.217751 0.644483 0.314046
4 0.0898449 0.556507 0.0928736 0.51124 0.0667467 0.505681 0.063718 0.550948 0.302719
4 0.243308 0.508673 0.246997 0.466492 0.223325 0.459909 0.219637 0.50209 0.302185
4 0.501875 0.310471 0.504258 0.273802 0.483482 0.269508 0.481099 0.306177 0.301586
4 0.247539 0.694243 0.250918 0.64409 0.224104 0.638344 0.220725 0.688498 0.29571
4 0.243737 0.442787 0.248362 0.398808 0.223093 0.390357 0.218467 0.434335 0.284702
4 0.366971 0.0891558 0.368432 0.0518445 0.346416 0.0491025 0.344955 0.0864139 0.280147
4 0.377068 0.237857 0.380217 0.19567 0.356864 0.190126 0.353715 0.232313 0.27418
4 0.24295 0.841587 0.245618 0.801908 0.222348 0.796933 0.21968 0.836612 0.2681
4 0.245287 0.157701 0.249768 0.106472 0.221796 0.0986913 0.217315 0.14992 0.268083
4 0.453606 0.175754 0.456982 0.132207 0.433741 0.126478 0.430365 0.170024 0.250097
