4 0.403694 0.433891 0.406081 0.40421 0.388307 0.399664 0.38592 0.429345 0.923783
4 0.201858 0.392704 0.203724 0.362415 0.186013 0.358946 0.184148 0.389234 0.918449
4 0.501376 0.474653 0.50241 0.447512 0.485938 0.445516 0.484904 0.472657 0.875506
4 0.303087 0.244784 0.305274 0.213133 0.287576 0.209244 0.285389 0.240894 0.873414
4 0.435214 0.304761 0.437425 0.275758 0.421354 0.271863 0.419143 0.300866 0.839194
4 0.3377 0.556952 0.340024 0.522609 0.320414 0.51839 0.31809 0.552733 0.799175
0 0.448698 0.450305 0.450868 0.413232 0.431145 0.409561 0.428975 0.446634 0.767321
4 0.361948 0.841673 0.363557 0.81331 0.347477 0.810408 0.345868 0.838771 0.486064
4 0.16863 0.580509 0.171201 0.548365 0.152985 0.54373 0.150414 0.575875 0.345774
4 0.244065 0.759645 0.246468 0.72838 0.229739 0.72429 0.227336 0.755555 0.334317
4 0.414806 0.423091 0.417957 0.385874 0.39673 0.380158 0.393579 0.417375 0.284647
4 0.403694 0.433891 0.406081 0.40421 0.388307 0.399664 0.38592 0.429345 0.923783
4 0.201858 0.392704 0.203724 0.362415 0.186013 0.358946 0.184148 0.389234 0.918449
4 0.501376 0.474653 0.50241 0.447512 0.485938 0.445516 0.484904 0.472657 0.875506
4 0.303087 0.244784 0.305274 0.213133 0.287576 0.209244 0.285389 0.240894 0.873414
4 0.435214 0.304761 0.437425 0.275758 0.421354 0.271863 0.419143 0.300866 0.839194
4 0.3377 0.556952 0.340024 0.522609 0.320414 0.51839 0.31809 0.552733 0.799175
0 0.448698 0.450305 0.450868 0.413232 0.431145 0.409561 0.428975 0.446634 0.767321
4 0.361948 0.841673 0.363557 0.81331 0.347477 0.810408 0.345868 0.838771 0.486064
4 0.16863 0.580509 0.171201 0.548365 0.152985 0.54373 0.150414 0.575875 0.345774
4 0.244065 0.759645 0.246468 0.72838 0.229739 0.72429 0.227336 0.755555 0.334317
4 0.414806 0.423091 0.417957 0.385874 0.39673 0.380158 0.393579 0.417375 0.284647
