4 0.201817 0.392488 0.203725 0.362282 0.18596 0.358713 0.184052 0.388919 0.921705
4 0.303237 0.244839 0.305242 0.213438 0.287841 0.209904 0.285836 0.241305 0.883127
4 0.500984 0.474519 0.501996 0.4475 0.485804 0.445572 0.484793 0.472591 0.859225
4 0.435136 0.304812 0.437246 0.276101 0.421398 0.272397 0.419288 0.301108 0.84676
0 0.40798 0.654245 0.411234 0.617321 0.391029 0.611657 0.387774 0.648581 0.589394
4 0.424894 0.683626 0.427606 0.653208 0.409853 0.648174 0.407141 0.678592 0.561377
4 0.361902 0.841724 0.363568 0.813766 0.347677 0.810756 0.346012 0.838714 0.479121
4 0.244355 0.759556 0.246677 0.728091 0.229778 0.724124 0.227456 0.755588 0.397
4 0.168763 0.580687 0.171356 0.548548 0.153232 0.543899 0.150639 0.576037 0.383903
4 0.201817 0.392488 0.203725 0.362282 0.18596 0.358713 0.184052 0.388919 0.921705
4 0.303237 0.244839 0.305242 0.213438 0.287841 0.209904 0.285836 0.241305 0.883127
4 0.500984 0.474519 0.501996 0.4475 0.485804 0.445572 0.484793 0.472591 0.859225
4 0.435136 0.304812 0.437246 0.276101 0.421398 0.272397 0.419288 0.301108 0.84676
0 0.40798 0.654245 0.411234 0.617321 0.391029 0.611657 0.387774 0.648581 0.589394
4 0.424894 0.683626 0.427606 0.653208 0.409853 0.648174 0.407141 0.678592 0.561377
4 0.361902 0.841724 0.363568 0.813766 0.347677 0.810756 0.346012 0.838714 0.479121
4 0.244355 0.759556 0.246677 0.728091 0.229778 0.724124 0.227456 0.755588 0.397
4 0.168763 0.580687 0.171356 0.548548 0.153232 0.543899 0.150639 0.576037 0.383903
