4 0.337272 0.471535 0.33936 0.443421 0.323609 0.439702 0.321522 0.467815 0.909974
4 0.367188 0.564249 0.367713 0.536816 0.351335 0.535819 0.35081 0.563252 0.883603
4 0.358334 0.446531 0.360011 0.41943 0.344864 0.416449 0.343187 0.44355 0.79313
4 0.478214 0.623713 0.479432 0.591361 0.462719 0.589359 0.4615 0.62171 0.74907
4 0.398594 0.360414 0.399817 0.331374 0.38383 0.329232 0.382607 0.358272 0.70374
4 0.371313 0.6168 0.374318 0.588755 0.357796 0.583125 0.354791 0.611169 0.573133
4 0.381091 0.659344 0.383517 0.629048 0.3675 0.624969 0.365074 0.655265 0.565664
0 0.458032 0.632 0.460998 0.593848 0.441621 0.589056 0.438654 0.627209 0.481169
4 0.342785 0.579913 0.343857 0.550271 0.327503 0.54839 0.326431 0.578032 0.398589
4 0.337272 0.471535 0.33936 0.443421 0.323609 0.439702 0.321522 0.467815 0.909974
4 0.367188 0.564249 0.367713 0.536816 0.351335 0.535819 0.35081 0.563252 0.883603
4 0.358334 0.446531 0.360011 0.41943 0.344864 0.416449 0.343187 0.44355 0.79313
4 0.478214 0.623713 0.479432 0.591361 0.462719 0.589359 0.4615 0.62171 0.74907
4 0.398594 0.360414 0.399817 0.331374 0.38383 0.329232 0.382607 0.358272 0.70374
4 0.371313 0.6168 0.374318 0.588755 0.357796 0.583125 0.354791 0.611169 0.573133
4 0.381091 0.659344 0.383517 0.629048 0.3675 0.624969 0.365074 0.655265 0.565664
0 0.458032 0.632 0.460998 0.593848 0.441621 0.589056 0.438654 0.627209 0.481169
4 0.342785 0.579913 0.343857 0.550271 0.327503 0.54839 0.326431 0.578032 0.398589
