4 0.201728 0.392547 0.203543 0.362483 0.185865 0.359089 0.18405 0.389153 0.929741
4 0.401455 0.434144 0.40252 0.404761 0.386776 0.402947 0.385711 0.432331 0.925161
4 0.303163 0.244196 0.305239 0.213269 0.287864 0.209559 0.285788 0.240486 0.874006
4 0.501095 0.474693 0.502079 0.447549 0.485933 0.445689 0.484949 0.472832 0.858259
4 0.435266 0.3048 0.437424 0.275947 0.421519 0.272165 0.419362 0.301018 0.834422
0 0.438641 0.442449 0.441343 0.400485 0.420728 0.396264 0.418026 0.438228 0.793776
4 0.337624 0.556891 0.339951 0.522715 0.320434 0.518489 0.318107 0.552665 0.787373
4 0.244321 0.759306 0.246454 0.728542 0.229923 0.724896 0.22779 0.755661 0.455945
4 0.362012 0.841666 0.363531 0.813635 0.347624 0.810895 0.346105 0.838925 0.45127
4 0.168565 0.580555 0.171247 0.548348 0.153121 0.543549 0.15044 0.575755 0.329958
4 0.201728 0.392547 0.203543 0.362483 0.185865 0.359089 0.18405 0.389153 0.929741
4 0.401455 0.434144 0.40252 0.404761 0.386776 0.402947 0.385711 0.432331 0.925161
4 0.303163 0.244196 0.305239 0.213269 0.287864 0.209559 0.285788 0.240486 0.874006
4 0.501095 0.474693 0.502079 0.447549 0.485933 0.445689 0.484949 0.472832 0.858259
4 0.435266 0.3048 0.437424 0.275947 0.421519 0.272165 0.419362 0.301018 0.834422
0 0.438641 0.442449 0.441343 0.400485 0.420728 0.396264 0.418026 0.438228 0.793776
4 0.337624 0.556891 0.339951 0.522715 0.320434 0.518489 0.318107 0.552665 0.787373
4 0.244321 0.759306 0.246454 0.728542 0.229923 0.724896 0.22779 0.755661 0.455945
4 0.362012 0.841666 0.363531 0.813635 0.347624 0.810895 0.346105 0.838925 0.45127
4 0.168565 0.580555 0.171247 0.548348 0.153121 0.543549 0.15044 0.575755 0.329958
