4 0.402045 0.43394 0.404609 0.405687 0.388006 0.400897 0.385443 0.429151 0.937951
4 0.201726 0.392401 0.203547 0.362428 0.185841 0.359005 0.184019 0.388978 0.933174
4 0.501289 0.47435 0.502245 0.447409 0.485949 0.44557 0.484993 0.472512 0.871335
4 0.30323 0.244703 0.305499 0.213231 0.287828 0.209179 0.285559 0.240651 0.870705
4 0.435249 0.304599 0.437436 0.275866 0.421466 0.272001 0.419279 0.300734 0.844912
4 0.337847 0.556805 0.340137 0.5226 0.320477 0.518414 0.318187 0.552619 0.793498
0 0.448331 0.448423 0.450849 0.412173 0.431626 0.407926 0.429107 0.444176 0.715117
4 0.362001 0.841521 0.363541 0.81362 0.347734 0.810845 0.346194 0.838746 0.484447
4 0.244087 0.759437 0.246443 0.728148 0.229559 0.724104 0.227202 0.755392 0.401035
4 0.168938 0.582896 0.171228 0.550845 0.15419 0.546973 0.1519 0.579023 0.365193
4 0.402045 0.43394 0.404609 0.405687 0.388006 0.400897 0.385443 0.429151 0.937951
4 0.201726 0.392401 0.203547 0.362428 0.185841 0.359005 0.184019 0.388978 0.933174
4 0.501289 0.47435 0.502245 0.447409 0.485949 0.44557 0.484993 0.472512 0.871335
4 0.30323 0.244703 0.305499 0.213231 0.287828 0.209179 0.285559 0.240651 0.870705
4 0.435249 0.304599 0.437436 0.275866 0.421466 0.272001 0.419279 0.300734 0.844912
4 0.337847 0.556805 0.340137 0.5226 0.320477 0.518414 0.318187 0.552619 0.793498
0 0.448331 0.448423 0.450849 0.412173 0.431626 0.407926 0.429107 0.444176 0.715117
4 0.362001 0.841521 0.363541 0.81362 0.347734 0.810845 0.346194 0.838746 0.484447
4 0.244087 0.759437 0.246443 0.728148 0.229559 0.724104 0.227202 0.755392 0.401035
4 0.168938 0.582896 0.171228 0.550845 0.15419 0.546973 0.1519 0.579023 0.365193
