4 0.201781 0.392554 0.203697 0.362291 0.185862 0.358701 0.183946 0.388964 0.920776
4 0.401548 0.434066 0.402629 0.404513 0.387103 0.402707 0.386022 0.43226 0.897832
4 0.303062 0.244593 0.305227 0.213374 0.287848 0.209541 0.285683 0.24076 0.867369
4 0.500993 0.474781 0.502012 0.447574 0.486012 0.445667 0.484993 0.472874 0.856651
4 0.435165 0.304891 0.437335 0.27592 0.42139 0.272122 0.419221 0.301094 0.847656
4 0.337706 0.556875 0.340106 0.522651 0.320507 0.51828 0.318107 0.552503 0.798816
4 0.362 0.841643 0.363594 0.813467 0.347614 0.810591 0.34602 0.838767 0.483305
4 0.24415 0.759448 0.246402 0.728583 0.229787 0.724726 0.227534 0.755591 0.4125
0 0.433277 0.434362 0.43456 0.394218 0.413257 0.392053 0.411974 0.432197 0.396277
4 0.169063 0.582923 0.171349 0.550272 0.154236 0.546462 0.15195 0.579112 0.330381
4 0.201781 0.392554 0.203697 0.362291 0.185862 0.358701 0.183946 0.388964 0.920776
4 0.401548 0.434066 0.402629 0.404513 0.387103 0.402707 0.386022 0.43226 0.897832
4 0.303062 0.244593 0.305227 0.213374 0.287848 0.209541 0.285683 0.24076 0.867369
4 0.500993 0.474781 0.502012 0.447574 0.486012 0.445667 0.484993 0.472874 0.856651
4 0.435165 0.304891 0.437335 0.27592 0.42139 0.272122 0.419221 0.301094 0.847656
4 0.337706 0.556875 0.340106 0.522651 0.320507 0.51828 0.318107 0.552503 0.798816
4 0.362 0.841643 0.363594 0.813467 0.347614 0.810591 0.34602 0.838767 0.483305
4 0.24415 0.759448 0.246402 0.728583 0.229787 0.724726 0.227534 0.755591 0.4125
0 0.433277 0.434362 0.43456 0.394218 0.413257 0.392053 0.411974 0.432197 0.396277
4 0.169063 0.582923 0.171349 0.550272 0.154236 0.546462 0.15195 0.579112 0.330381
