4 0.201839 0.392697 0.203695 0.362584 0.186039 0.359124 0.184184 0.389238 0.922528
4 0.403051 0.433642 0.405434 0.405195 0.388015 0.400554 0.385632 0.429 0.918817
4 0.50108 0.47462 0.502074 0.447064 0.485257 0.445134 0.484263 0.47269 0.895323
4 0.303334 0.244591 0.305443 0.213359 0.28799 0.209613 0.285882 0.240844 0.878082
4 0.435261 0.304744 0.437403 0.275858 0.421387 0.27208 0.419244 0.300966 0.850892
4 0.337619 0.557155 0.340016 0.522735 0.320447 0.5184 0.31805 0.55282 0.785707
0 0.458678 0.526426 0.459489 0.490011 0.437818 0.488477 0.437007 0.524892 0.773088
4 0.362063 0.841541 0.363631 0.813581 0.3477 0.81074 0.346132 0.8387 0.474643
4 0.24428 0.759585 0.246624 0.72831 0.229824 0.724306 0.22748 0.755581 0.410267
4 0.168759 0.580551 0.171367 0.548144 0.153124 0.543474 0.150516 0.575881 0.370772
4 0.142329 0.214039 0.144115 0.182499 0.123651 0.178812 0.121864 0.210353 0.348956
4 0.201839 0.392697 0.203695 0.362584 0.186039 0.359124 0.184184 0.389238 0.922528
4 0.403051 0.433642 0.405434 0.405195 0.388015 0.400554 0.385632 0.429 0.918817
4 0.50108 0.47462 0.502074 0.447064 0.485257 0.445134 0.484263 0.47269 0.895323
4 0.303334 0.244591 0.305443 0.213359 0.28799 0.209613 0.285882 0.240844 0.878082
4 0.435261 0.304744 0.437403 0.275858 0.421387 0.27208 0.419244 0.300966 0.850892
4 0.337619 0.557155 0.340016 0.522735 0.320447 0.5184 0.31805 0.55282 0.785707
0 0.458678 0.526426 0.459489 0.490011 0.437818 0.488477 0.437007 0.524892 0.773088
4 0.362063 0.841541 0.363631 0.813581 0.3477 0.81074 0.346132 0.8387 0.474643
4 0.24428 0.759585 0.246624 0.72831 0.229824 0.724306 0.22748 0.755581 0.410267
4 0.168759 0.580551 0.171367 0.548144 0.153124 0.543474 0.150516 0.575881 0.370772
4 0.142329 0.214039 0.144115 0.182499 0.123651 0.178812 0.121864 0.210353 0.348956
