4 0.201804 0.392799 0.203653 0.362697 0.185838 0.359217 0.183989 0.389318 0.918303
4 0.303123 0.244983 0.305285 0.21348 0.287984 0.209706 0.285823 0.241209 0.87627
4 0.501077 0.474448 0.502082 0.447443 0.485839 0.445519 0.484834 0.472524 0.859245
4 0.435186 0.305028 0.437445 0.275878 0.421375 0.271918 0.419116 0.301068 0.834943
4 0.361885 0.841729 0.363574 0.813585 0.347675 0.81055 0.345986 0.838694 0.492805
4 0.430134 0.688584 0.432579 0.659509 0.41331 0.654355 0.410865 0.68343 0.469814
0 0.412296 0.663364 0.416571 0.627459 0.398778 0.620721 0.394502 0.656626 0.407953
4 0.244161 0.759458 0.246506 0.728232 0.229705 0.724218 0.227359 0.755443 0.392542
4 0.168559 0.580493 0.171144 0.548594 0.153148 0.543956 0.150563 0.575855 0.348921
4 0.201804 0.392799 0.203653 0.362697 0.185838 0.359217 0.183989 0.389318 0.918303
4 0.303123 0.244983 0.305285 0.21348 0.287984 0.209706 0.285823 0.241209 0.87627
4 0.501077 0.474448 0.502082 0.447443 0.485839 0.445519 0.484834 0.472524 0.859245
4 0.435186 0.305028 0.437445 0.275878 0.421375 0.271918 0.419116 0.301068 0.834943
4 0.361885 0.841729 0.363574 0.813585 0.347675 0.81055 0.345986 0.838694 0.492805
4 0.430134 0.688584 0.432579 0.659509 0.41331 0.654355 0.410865 0.68343 0.469814
0 0.412296 0.663364 0.416571 0.627459 0.398778 0.620721 0.394502 0.656626 0.407953
4 0.244161 0.759458 0.246506 0.728232 0.229705 0.724218 0.227359 0.755443 0.392542
4 0.168559 0.580493 0.171144 0.548594 0.153148 0.543956 0.150563 0.575855 0.348921
