4 0.367498 0.565615 0.368251 0.537141 0.35095 0.535687 0.350198 0.564161 0.932939
4 0.337238 0.471863 0.339335 0.443725 0.323502 0.439972 0.321404 0.46811 0.923476
4 0.358358 0.446591 0.360009 0.419501 0.344854 0.416563 0.343202 0.443653 0.793514
4 0.398518 0.360709 0.39981 0.331672 0.383757 0.329402 0.382465 0.358438 0.755777
4 0.381061 0.659911 0.383211 0.628553 0.366673 0.624947 0.364523 0.656305 0.749676
0 0.454904 0.629002 0.458971 0.590633 0.438694 0.583797 0.434626 0.622166 0.634202
4 0.4777 0.630683 0.479171 0.595771 0.461988 0.593469 0.460518 0.628381 0.584471
4 0.370897 0.616047 0.373387 0.586597 0.354486 0.581515 0.351996 0.610964 0.474646
4 0.343153 0.580954 0.344049 0.550826 0.327428 0.549255 0.326533 0.579383 0.44405
4 0.367498 0.565615 0.368251 0.537141 0.35095 0.535687 0.350198 0.564161 0.932939
4 0.337238 0.471863 0.339335 0.443725 0.323502 0.439972 0.321404 0.46811 0.923476
4 0.358358 0.446591 0.360009 0.419501 0.344854 0.416563 0.343202 0.443653 0.793514
4 0.398518 0.360709 0.39981 0.331672 0.383757 0.329402 0.382465 0.358438 0.755777
4 0.381061 0.659911 0.383211 0.628553 0.366673 0.624947 0.364523 0.656305 0.749676
0 0.454904 0.629002 0.458971 0.590633 0.438694 0.583797 0.434626 0.622166 0.634202
4 0.4777 0.630683 0.479171 0.595771 0.461988 0.593469 0.460518 0.628381 0.584471
4 0.370897 0.616047 0.373387 0.586597 0.354486 0.581515 0.351996 0.610964 0.474646
4 0.343153 0.580954 0.344049 0.550826 0.327428 0.549255 0.326533 0.579383 0.44405
