4 0.367186 0.565342 0.368035 0.537305 0.351393 0.535702 0.350544 0.563739 0.933327
4 0.337269 0.471461 0.33932 0.443702 0.323505 0.439985 0.321454 0.467744 0.913356
4 0.358633 0.446535 0.360117 0.419529 0.344855 0.416862 0.343372 0.443868 0.810981
4 0.398616 0.360434 0.3999 0.331552 0.383962 0.3293 0.382679 0.358182 0.742164
4 0.342733 0.58097 0.343976 0.551371 0.327476 0.549168 0.326233 0.578767 0.58576
4 0.373364 0.650956 0.37588 0.615075 0.357984 0.611084 0.355468 0.646964 0.416449
4 0.467892 0.628768 0.471199 0.591003 0.448325 0.584634 0.445018 0.622399 0.36889
4 0.367186 0.565342 0.368035 0.537305 0.351393 0.535702 0.350544 0.563739 0.933327
4 0.337269 0.471461 0.33932 0.443702 0.323505 0.439985 0.321454 0.467744 0.913356
4 0.358633 0.446535 0.360117 0.419529 0.344855 0.416862 0.343372 0.443868 0.810981
4 0.398616 0.360434 0.3999 0.331552 0.383962 0.3293 0.382679 0.358182 0.742164
4 0.342733 0.58097 0.343976 0.551371 0.327476 0.549168 0.326233 0.578767 0.58576
4 0.373364 0.650956 0.37588 0.615075 0.357984 0.611084 0.355468 0.646964 0.416449
4 0.467892 0.628768 0.471199 0.591003 0.448325 0.584634 0.445018 0.622399 0.36889
