4 0.35806 0.445984 0.359728 0.418558 0.344732 0.415657 0.343063 0.443084 0.748587
4 0.337717 0.470259 0.338499 0.442405 0.322941 0.441016 0.322159 0.46887 0.709525
4 0.341263 0.584139 0.344582 0.553656 0.327929 0.547888 0.32461 0.578372 0.692855
4 0.397737 0.360497 0.399562 0.330217 0.382926 0.327028 0.381101 0.357308 0.657984
0 0.343376 0.516567 0.347385 0.47556 0.323159 0.468027 0.319149 0.509034 0.614836
4 0.373601 0.647955 0.375756 0.614296 0.358081 0.610698 0.355926 0.644357 0.537128
4 0.361748 0.546119 0.365202 0.51047 0.34667 0.50476 0.343216 0.540409 0.509113
4 0.35806 0.445984 0.359728 0.418558 0.344732 0.415657 0.343063 0.443084 0.748587
4 0.337717 0.470259 0.338499 0.442405 0.322941 0.441016 0.322159 0.46887 0.709525
4 0.341263 0.584139 0.344582 0.553656 0.327929 0.547888 0.32461 0.578372 0.692855
4 0.397737 0.360497 0.399562 0.330217 0.382926 0.327028 0.381101 0.357308 0.657984
0 0.343376 0.516567 0.347385 0.47556 0.323159 0.468027 0.319149 0.509034 0.614836
4 0.373601 0.647955 0.375756 0.614296 0.358081 0.610698 0.355926 0.644357 0.537128
4 0.361748 0.546119 0.365202 0.51047 0.34667 0.50476 0.343216 0.540409 0.509113
