4 0.201998 0.392564 0.203877 0.362452 0.186016 0.358909 0.184138 0.389021 0.914846
4 0.379444 0.595107 0.381379 0.562704 0.362422 0.559106 0.360488 0.591509 0.883717
4 0.303368 0.244459 0.305434 0.213233 0.287893 0.209542 0.285827 0.240769 0.868834
4 0.501078 0.474621 0.502129 0.447647 0.485999 0.445648 0.484948 0.472622 0.851271
4 0.435204 0.304779 0.437365 0.27587 0.421471 0.272091 0.41931 0.301 0.841693
4 0.361916 0.841506 0.363537 0.813666 0.347747 0.810743 0.346126 0.838583 0.448494
0 0.360585 0.566083 0.362078 0.53088 0.341656 0.528124 0.340162 0.563327 0.438234
4 0.168598 0.580209 0.17105 0.548313 0.153207 0.54395 0.150755 0.575847 0.385933
4 0.244074 0.759353 0.246409 0.728287 0.229713 0.724296 0.227378 0.755361 0.373056
4 0.201998 0.392564 0.203877 0.362452 0.186016 0.358909 0.184138 0.389021 0.914846
4 0.379444 0.595107 0.381379 0.562704 0.362422 0.559106 0.360488 0.591509 0.883717
4 0.303368 0.244459 0.305434 0.213233 0.287893 0.209542 0.285827 0.240769 0.868834
4 0.501078 0.474621 0.502129 0.447647 0.485999 0.445648 0.484948 0.472622 0.851271
4 0.435204 0.304779 0.437365 0.27587 0.421471 0.272091 0.41931 0.301 0.841693
4 0.361916 0.841506 0.363537 0.813666 0.347747 0.810743 0.346126 0.838583 0.448494
0 0.360585 0.566083 0.362078 0.53088 0.341656 0.528124 0.340162 0.563327 0.438234
4 0.168598 0.580209 0.17105 0.548313 0.153207 0.54395 0.150755 0.575847 0.385933
4 0.244074 0.759353 0.246409 0.728287 0.229713 0.724296 0.227378 0.755361 0.373056
