4 0.201957 0.392719 0.203829 0.362572 0.186046 0.35906 0.184174 0.389208 0.917889
4 0.401865 0.433464 0.403354 0.404916 0.387088 0.402219 0.3856 0.430766 0.903573
4 0.303316 0.244974 0.305535 0.213203 0.287861 0.209277 0.285642 0.241047 0.880405
4 0.50121 0.474187 0.502099 0.447092 0.485511 0.445361 0.484622 0.472456 0.877917
4 0.435321 0.304843 0.437396 0.275785 0.421236 0.272117 0.419162 0.301175 0.83132
0 0.442082 0.457366 0.44566 0.421014 0.4265 0.415018 0.422923 0.45137 0.819021
4 0.337637 0.556773 0.33996 0.522683 0.320439 0.518452 0.318116 0.552543 0.799281
4 0.362012 0.841563 0.363532 0.813431 0.347618 0.810698 0.346099 0.83883 0.472739
4 0.244225 0.759382 0.246577 0.728191 0.229837 0.724176 0.227485 0.755367 0.404466
4 0.16856 0.58054 0.171202 0.5484 0.153094 0.543665 0.150452 0.575806 0.327545
4 0.432859 0.395794 0.435376 0.361566 0.41862 0.357648 0.416103 0.391876 0.266105
4 0.201957 0.392719 0.203829 0.362572 0.186046 0.35906 0.184174 0.389208 0.917889
4 0.401865 0.433464 0.403354 0.404916 0.387088 0.402219 0.3856 0.430766 0.903573
4 0.303316 0.244974 0.305535 0.213203 0.287861 0.209277 0.285642 0.241047 0.880405
4 0.50121 0.474187 0.502099 0.447092 0.485511 0.445361 0.484622 0.472456 0.877917
4 0.435321 0.304843 0.437396 0.275785 0.421236 0.272117 0.419162 0.301175 0.83132
0 0.442082 0.457366 0.44566 0.421014 0.4265 0.415018 0.422923 0.45137 0.819021
4 0.337637 0.556773 0.33996 0.522683 0.320439 0.518452 0.318116 0.552543 0.799281
4 0.362012 0.841563 0.363532 0.813431 0.347618 0.810698 0.346099 0.83883 0.472739
4 0.244225 0.759382 0.246577 0.728191 0.229837 0.724176 0.227485 0.755367 0.404466
4 0.16856 0.58054 0.171202 0.5484 0.153094 0.543665 0.150452 0.575806 0.327545
4 0.432859 0.395794 0.435376 0.361566 0.41862 0.357648 0.416103 0.391876 0.266105
