4 0.402998 0.433661 0.405493 0.404942 0.387881 0.400076 0.385386 0.428794 0.929332
4 0.201839 0.39247 0.203732 0.362396 0.186059 0.358859 0.184166 0.388933 0.922445
4 0.303431 0.244807 0.305656 0.213345 0.28808 0.209393 0.285855 0.240855 0.872095
4 0.435197 0.304565 0.437402 0.275809 0.421446 0.271918 0.419241 0.300674 0.843299
4 0.500931 0.474663 0.50198 0.447233 0.485242 0.445197 0.484192 0.472627 0.806531
4 0.33773 0.556875 0.340017 0.522658 0.320429 0.518495 0.318142 0.552711 0.783844
0 0.455701 0.501467 0.456801 0.465076 0.435953 0.463073 0.434854 0.499464 0.709147
4 0.36205 0.84127 0.363411 0.81356 0.347674 0.811103 0.346314 0.838813 0.488145
4 0.168554 0.580182 0.170959 0.548273 0.152895 0.543943 0.15049 0.575852 0.369366
4 0.244157 0.759569 0.246565 0.728122 0.229702 0.724015 0.227294 0.755462 0.361057
4 0.402998 0.433661 0.405493 0.404942 0.387881 0.400076 0.385386 0.428794 0.929332
4 0.201839 0.39247 0.203732 0.362396 0.186059 0.358859 0.184166 0.388933 0.922445
4 0.303431 0.244807 0.305656 0.213345 0.28808 0.209393 0.285855 0.240855 0.872095
4 0.435197 0.304565 0.437402 0.275809 0.421446 0.271918 0.419241 0.300674 0.843299
4 0.500931 0.474663 0.50198 0.447233 0.485242 0.445197 0.484192 0.472627 0.806531
4 0.33773 0.556875 0.340017 0.522658 0.320429 0.518495 0.318142 0.552711 0.783844
0 0.455701 0.501467 0.456801 0.465076 0.435953 0.463073 0.434854 0.499464 0.709147
4 0.36205 0.84127 0.363411 0.81356 0.347674 0.811103 0.346314 0.838813 0.488145
4 0.168554 0.580182 0.170959 0.548273 0.152895 0.543943 0.15049 0.575852 0.369366
4 0.244157 0.759569 0.246565 0.728122 0.229702 0.724015 0.227294 0.755462 0.361057
