4 0.201757 0.392414 0.203647 0.362155 0.185851 0.358621 0.183961 0.38888 0.916799
4 0.303303 0.24488 0.305468 0.213126 0.287826 0.209302 0.285661 0.241056 0.882258
4 0.501437 0.474261 0.502442 0.447261 0.485968 0.44531 0.484963 0.47231 0.861619
4 0.435178 0.304744 0.437288 0.275845 0.421356 0.272147 0.419246 0.301045 0.853794
4 0.401998 0.432505 0.4029 0.403955 0.387739 0.40243 0.386836 0.430981 0.822102
4 0.337622 0.556912 0.340026 0.522578 0.320439 0.518217 0.318036 0.552552 0.793257
0 0.446037 0.438785 0.447346 0.403015 0.428524 0.400825 0.427216 0.436595 0.643012
4 0.361934 0.841479 0.363499 0.813748 0.347794 0.81093 0.346229 0.838661 0.461948
4 0.168588 0.580378 0.171276 0.548204 0.153112 0.543379 0.150425 0.575553 0.365314
4 0.244222 0.759448 0.24652 0.728542 0.229995 0.724634 0.227696 0.75554 0.364506
4 0.201757 0.392414 0.203647 0.362155 0.185851 0.358621 0.183961 0.38888 0.916799
4 0.303303 0.24488 0.305468 0.213126 0.287826 0.209302 0.285661 0.241056 0.882258
4 0.501437 0.474261 0.502442 0.447261 0.485968 0.44531 0.484963 0.47231 0.861619
4 0.435178 0.304744 0.437288 0.275845 0.421356 0.272147 0.419246 0.301045 0.853794
4 0.401998 0.432505 0.4029 0.403955 0.387739 0.40243 0.386836 0.430981 0.822102
4 0.337622 0.556912 0.340026 0.522578 0.320439 0.518217 0.318036 0.552552 0.793257
0 0.446037 0.438785 0.447346 0.403015 0.428524 0.400825 0.427216 0.436595 0.643012
4 0.361934 0.841479 0.363499 0.813748 0.347794 0.81093 0.346229 0.838661 0.461948
4 0.168588 0.580378 0.171276 0.548204 0.153112 0.543379 0.150425 0.575553 0.365314
4 0.244222 0.759448 0.24652 0.728542 0.229995 0.724634 0.227696 0.75554 0.364506
