4 0.201791 0.392724 0.203607 0.362555 0.185976 0.35918 0.18416 0.389348 0.918144
4 0.303225 0.244661 0.305309 0.213457 0.28796 0.209773 0.285876 0.240977 0.880619
4 0.501104 0.474553 0.502129 0.447474 0.485866 0.445516 0.484841 0.472595 0.849785
4 0.435137 0.304806 0.437249 0.275886 0.421371 0.272197 0.419259 0.301117 0.842545
0 0.381942 0.606881 0.38536 0.568958 0.364672 0.563028 0.361254 0.600952 0.731586
4 0.401137 0.631738 0.402946 0.601308 0.384952 0.597907 0.383144 0.628337 0.725067
4 0.449851 0.641143 0.451939 0.613804 0.436438 0.61004 0.43435 0.637378 0.541696
4 0.361937 0.841496 0.363492 0.813604 0.347747 0.810812 0.346192 0.838704 0.476172
4 0.244157 0.759555 0.246417 0.728566 0.229726 0.724696 0.227466 0.755685 0.387486
4 0.168725 0.580631 0.17129 0.548537 0.153172 0.543934 0.150607 0.576027 0.371027
4 0.201791 0.392724 0.203607 0.362555 0.185976 0.35918 0.18416 0.389348 0.918144
4 0.303225 0.244661 0.305309 0.213457 0.28796 0.209773 0.285876 0.240977 0.880619
4 0.501104 0.474553 0.502129 0.447474 0.485866 0.445516 0.484841 0.472595 0.849785
4 0.435137 0.304806 0.437249 0.275886 0.421371 0.272197 0.419259 0.301117 0.842545
0 0.381942 0.606881 0.38536 0.568958 0.364672 0.563028 0.361254 0.600952 0.731586
4 0.401137 0.631738 0.402946 0.601308 0.384952 0.597907 0.383144 0.628337 0.725067
4 0.449851 0.641143 0.451939 0.613804 0.436438 0.61004 0.43435 0.637378 0.541696
4 0.361937 0.841496 0.363492 0.813604 0.347747 0.810812 0.346192 0.838704 0.476172
4 0.244157 0.759555 0.246417 0.728566 0.229726 0.724696 0.227466 0.755685 0.387486
4 0.168725 0.580631 0.17129 0.548537 0.153172 0.543934 0.150607 0.576027 0.371027
