4 0.201734 0.392379 0.203612 0.362228 0.18583 0.358706 0.183953 0.388858 0.923356
4 0.30339 0.244669 0.305467 0.213025 0.287823 0.209342 0.285746 0.240985 0.879302
4 0.501196 0.474538 0.502161 0.447456 0.485871 0.44561 0.484906 0.472692 0.870713
4 0.40092 0.433548 0.402935 0.405166 0.387182 0.401609 0.385167 0.429991 0.870485
4 0.435179 0.304313 0.437395 0.275514 0.421366 0.27159 0.41915 0.300389 0.828544
0 0.445412 0.436892 0.445525 0.40219 0.427019 0.401999 0.426906 0.4367 0.798391
4 0.337718 0.556877 0.340082 0.522599 0.320534 0.518311 0.31817 0.552589 0.793994
4 0.362 0.841341 0.363324 0.813646 0.3478 0.811286 0.346476 0.838981 0.479241
4 0.16899 0.582761 0.171209 0.550782 0.154311 0.547053 0.152092 0.579031 0.373612
4 0.244132 0.759558 0.246376 0.72823 0.229629 0.724415 0.227385 0.755743 0.363843
4 0.201734 0.392379 0.203612 0.362228 0.18583 0.358706 0.183953 0.388858 0.923356
4 0.30339 0.244669 0.305467 0.213025 0.287823 0.209342 0.285746 0.240985 0.879302
4 0.501196 0.474538 0.502161 0.447456 0.485871 0.44561 0.484906 0.472692 0.870713
4 0.40092 0.433548 0.402935 0.405166 0.387182 0.401609 0.385167 0.429991 0.870485
4 0.435179 0.304313 0.437395 0.275514 0.421366 0.27159 0.41915 0.300389 0.828544
0 0.445412 0.436892 0.445525 0.40219 0.427019 0.401999 0.426906 0.4367 0.798391
4 0.337718 0.556877 0.340082 0.522599 0.320534 0.518311 0.31817 0.552589 0.793994
4 0.362 0.841341 0.363324 0.813646 0.3478 0.811286 0.346476 0.838981 0.479241
4 0.16899 0.582761 0.171209 0.550782 0.154311 0.547053 0.152092 0.579031 0.373612
4 0.244132 0.759558 0.246376 0.72823 0.229629 0.724415 0.227385 0.755743 0.363843
