4 0.402933 0.433731 0.405458 0.404942 0.38796 0.400061 0.385435 0.42885 0.930063
4 0.201855 0.392493 0.20377 0.362426 0.186101 0.358846 0.184185 0.388913 0.922596
4 0.303375 0.244934 0.305611 0.213363 0.288 0.209397 0.285765 0.240968 0.869635
4 0.435198 0.304543 0.43741 0.275785 0.421434 0.271876 0.419222 0.300634 0.846601
4 0.500918 0.4748 0.501978 0.447265 0.485232 0.445215 0.484172 0.47275 0.813588
4 0.337746 0.55678 0.340016 0.522642 0.320457 0.518505 0.318186 0.552643 0.797159
0 0.453446 0.497873 0.456486 0.462683 0.437041 0.457341 0.434001 0.492531 0.760883
4 0.361957 0.841336 0.363384 0.813613 0.347638 0.811036 0.346211 0.83876 0.495891
4 0.168585 0.580294 0.171004 0.548349 0.152869 0.54398 0.150449 0.575925 0.369882
4 0.244173 0.759546 0.2466 0.728141 0.229743 0.723999 0.227316 0.755403 0.359512
4 0.402933 0.433731 0.405458 0.404942 0.38796 0.400061 0.385435 0.42885 0.930063
4 0.201855 0.392493 0.20377 0.362426 0.186101 0.358846 0.184185 0.388913 0.922596
4 0.303375 0.244934 0.305611 0.213363 0.288 0.209397 0.285765 0.240968 0.869635
4 0.435198 0.304543 0.43741 0.275785 0.421434 0.271876 0.419222 0.300634 0.846601
4 0.500918 0.4748 0.501978 0.447265 0.485232 0.445215 0.484172 0.47275 0.813588
4 0.337746 0.55678 0.340016 0.522642 0.320457 0.518505 0.318186 0.552643 0.797159
0 0.453446 0.497873 0.456486 0.462683 0.437041 0.457341 0.434001 0.492531 0.760883
4 0.361957 0.841336 0.363384 0.813613 0.347638 0.811036 0.346211 0.83876 0.495891
4 0.168585 0.580294 0.171004 0.548349 0.152869 0.54398 0.150449 0.575925 0.369882
4 0.244173 0.759546 0.2466 0.728141 0.229743 0.723999 0.227316 0.755403 0.359512
