4 0.201665 0.392681 0.203494 0.36258 0.185865 0.359172 0.184036 0.389273 0.920485
4 0.402124 0.433793 0.404522 0.404867 0.387668 0.400422 0.385269 0.429348 0.908276
4 0.501224 0.4747 0.502199 0.447589 0.485927 0.445727 0.484952 0.472838 0.869421
4 0.303199 0.244713 0.305335 0.213304 0.287762 0.209504 0.285627 0.240914 0.868067
4 0.435216 0.304658 0.437397 0.275714 0.421353 0.271869 0.419172 0.300813 0.847684
4 0.337546 0.556918 0.3399 0.522689 0.320339 0.518411 0.317985 0.55264 0.801353
0 0.441596 0.441057 0.444339 0.406537 0.426309 0.401982 0.423567 0.436502 0.705762
4 0.361948 0.841493 0.363459 0.813559 0.347666 0.810842 0.346155 0.838777 0.486383
4 0.244268 0.759483 0.246507 0.728247 0.229748 0.724427 0.227509 0.755663 0.436152
4 0.168592 0.580333 0.171059 0.548192 0.152915 0.543764 0.150449 0.575904 0.36661
4 0.201665 0.392681 0.203494 0.36258 0.185865 0.359172 0.184036 0.389273 0.920485
4 0.402124 0.433793 0.404522 0.404867 0.387668 0.400422 0.385269 0.429348 0.908276
4 0.501224 0.4747 0.502199 0.447589 0.485927 0.445727 0.484952 0.472838 0.869421
4 0.303199 0.244713 0.305335 0.213304 0.287762 0.209504 0.285627 0.240914 0.868067
4 0.435216 0.304658 0.437397 0.275714 0.421353 0.271869 0.419172 0.300813 0.847684
4 0.337546 0.556918 0.3399 0.522689 0.320339 0.518411 0.317985 0.55264 0.801353
0 0.441596 0.441057 0.444339 0.406537 0.426309 0.401982 0.423567 0.436502 0.705762
4 0.361948 0.841493 0.363459 0.813559 0.347666 0.810842 0.346155 0.838777 0.486383
4 0.244268 0.759483 0.246507 0.728247 0.229748 0.724427 0.227509 0.755663 0.436152
4 0.168592 0.580333 0.171059 0.548192 0.152915 0.543764 0.150449 0.575904 0.36661
