4 0.201827 0.392576 0.203673 0.362592 0.186056 0.359143 0.18421 0.389127 0.916337
4 0.303376 0.244343 0.305274 0.213202 0.287806 0.209816 0.285908 0.240956 0.876492
4 0.501052 0.474551 0.502126 0.44764 0.485972 0.44559 0.484898 0.472502 0.85138
4 0.435109 0.30471 0.437252 0.275921 0.421357 0.272159 0.419214 0.300948 0.839061
4 0.360948 0.568504 0.363166 0.53731 0.345644 0.533349 0.343426 0.564543 0.797696
0 0.33916 0.543107 0.343506 0.504954 0.323817 0.497821 0.319471 0.535974 0.741762
4 0.361825 0.841407 0.363454 0.813711 0.347752 0.810773 0.346123 0.83847 0.460275
4 0.244039 0.759296 0.246296 0.728487 0.22973 0.724628 0.227474 0.755438 0.399952
4 0.168626 0.580176 0.171075 0.548334 0.153283 0.543981 0.150833 0.575823 0.393404
4 0.470153 0.676742 0.471755 0.650072 0.457344 0.64732 0.455742 0.673989 0.322369
4 0.201827 0.392576 0.203673 0.362592 0.186056 0.359143 0.18421 0.389127 0.916337
4 0.303376 0.244343 0.305274 0.213202 0.287806 0.209816 0.285908 0.240956 0.876492
4 0.501052 0.474551 0.502126 0.44764 0.485972 0.44559 0.484898 0.472502 0.85138
4 0.435109 0.30471 0.437252 0.275921 0.421357 0.272159 0.419214 0.300948 0.839061
4 0.360948 0.568504 0.363166 0.53731 0.345644 0.533349 0.343426 0.564543 0.797696
0 0.33916 0.543107 0.343506 0.504954 0.323817 0.497821 0.319471 0.535974 0.741762
4 0.361825 0.841407 0.363454 0.813711 0.347752 0.810773 0.346123 0.83847 0.460275
4 0.244039 0.759296 0.246296 0.728487 0.22973 0.724628 0.227474 0.755438 0.399952
4 0.168626 0.580176 0.171075 0.548334 0.153283 0.543981 0.150833 0.575823 0.393404
4 0.470153 0.676742 0.471755 0.650072 0.457344 0.64732 0.455742 0.673989 0.322369
