4 0.201809 0.392677 0.203679 0.362322 0.185753 0.35881 0.183883 0.389165 0.919823
4 0.303232 0.244906 0.305382 0.21328 0.287794 0.209477 0.285643 0.241103 0.87963
4 0.501371 0.474427 0.502378 0.447342 0.485837 0.445385 0.484829 0.472471 0.869631
4 0.435212 0.30476 0.437331 0.275893 0.421344 0.27216 0.419224 0.301027 0.848066
4 0.402751 0.433309 0.4041 0.403835 0.388135 0.401512 0.386786 0.430986 0.842037
4 0.337647 0.556803 0.339955 0.522639 0.3204 0.518437 0.318092 0.552601 0.793684
0 0.445929 0.438955 0.447155 0.402954 0.428354 0.400918 0.427128 0.436919 0.661693
4 0.362004 0.841264 0.363431 0.813652 0.347787 0.811082 0.34636 0.838695 0.473071
4 0.244222 0.759428 0.246545 0.7284 0.229942 0.724446 0.227618 0.755474 0.361876
4 0.168634 0.58032 0.171191 0.548227 0.153069 0.543637 0.150513 0.575729 0.358163
4 0.201809 0.392677 0.203679 0.362322 0.185753 0.35881 0.183883 0.389165 0.919823
4 0.303232 0.244906 0.305382 0.21328 0.287794 0.209477 0.285643 0.241103 0.87963
4 0.501371 0.474427 0.502378 0.447342 0.485837 0.445385 0.484829 0.472471 0.869631
4 0.435212 0.30476 0.437331 0.275893 0.421344 0.27216 0.419224 0.301027 0.848066
4 0.402751 0.433309 0.4041 0.403835 0.388135 0.401512 0.386786 0.430986 0.842037
4 0.337647 0.556803 0.339955 0.522639 0.3204 0.518437 0.318092 0.552601 0.793684
0 0.445929 0.438955 0.447155 0.402954 0.428354 0.400918 0.427128 0.436919 0.661693
4 0.362004 0.841264 0.363431 0.813652 0.347787 0.811082 0.34636 0.838695 0.473071
4 0.244222 0.759428 0.246545 0.7284 0.229942 0.724446 0.227618 0.755474 0.361876
4 0.168634 0.58032 0.171191 0.548227 0.153069 0.543637 0.150513 0.575729 0.358163
