4 0.20185 0.392509 0.203758 0.362198 0.186038 0.358652 0.184131 0.388963 0.924152
4 0.402799 0.433958 0.405422 0.404964 0.387918 0.399929 0.385296 0.428923 0.916547
4 0.303192 0.244691 0.305326 0.213406 0.287857 0.209616 0.285723 0.240901 0.873314
4 0.435269 0.304563 0.437395 0.275984 0.421469 0.272217 0.419343 0.300795 0.841415
4 0.500921 0.47472 0.501942 0.447254 0.485357 0.445292 0.484335 0.472759 0.840334
4 0.337656 0.557005 0.340056 0.522605 0.320483 0.518262 0.318083 0.552661 0.785568
0 0.442607 0.509349 0.444986 0.474091 0.424287 0.469649 0.421908 0.504907 0.71344
4 0.361969 0.841721 0.363669 0.813539 0.347583 0.810455 0.345884 0.838637 0.492029
4 0.244307 0.759441 0.246658 0.728064 0.22977 0.72404 0.227419 0.755417 0.420362
4 0.168629 0.580558 0.171308 0.548232 0.153121 0.543438 0.150442 0.575764 0.349117
4 0.20185 0.392509 0.203758 0.362198 0.186038 0.358652 0.184131 0.388963 0.924152
4 0.402799 0.433958 0.405422 0.404964 0.387918 0.399929 0.385296 0.428923 0.916547
4 0.303192 0.244691 0.305326 0.213406 0.287857 0.209616 0.285723 0.240901 0.873314
4 0.435269 0.304563 0.437395 0.275984 0.421469 0.272217 0.419343 0.300795 0.841415
4 0.500921 0.47472 0.501942 0.447254 0.485357 0.445292 0.484335 0.472759 0.840334
4 0.337656 0.557005 0.340056 0.522605 0.320483 0.518262 0.318083 0.552661 0.785568
0 0.442607 0.509349 0.444986 0.474091 0.424287 0.469649 0.421908 0.504907 0.71344
4 0.361969 0.841721 0.363669 0.813539 0.347583 0.810455 0.345884 0.838637 0.492029
4 0.244307 0.759441 0.246658 0.728064 0.22977 0.72404 0.227419 0.755417 0.420362
4 0.168629 0.580558 0.171308 0.548232 0.153121 0.543438 0.150442 0.575764 0.349117
