4 0.201602 0.3927 0.203432 0.362556 0.185791 0.35915 0.183961 0.389294 0.928851
4 0.403052 0.433516 0.405366 0.40513 0.387896 0.400601 0.385582 0.428987 0.918204
4 0.501349 0.475211 0.502412 0.447466 0.485882 0.445451 0.484819 0.473197 0.87395
4 0.303143 0.244595 0.305276 0.213201 0.287716 0.209406 0.285583 0.240801 0.866807
4 0.43526 0.3046 0.437401 0.275872 0.421474 0.272096 0.419332 0.300824 0.84817
4 0.337558 0.557042 0.339932 0.522652 0.320435 0.518372 0.318061 0.552761 0.789315
0 0.462895 0.534766 0.465574 0.498557 0.444661 0.493636 0.441981 0.529844 0.711139
4 0.362078 0.841493 0.363639 0.813441 0.347732 0.810628 0.346172 0.838679 0.473432
4 0.244282 0.759507 0.246564 0.728221 0.229644 0.724297 0.227362 0.755583 0.446912
4 0.168647 0.580506 0.171236 0.548127 0.152986 0.543486 0.150397 0.575865 0.353171
4 0.201602 0.3927 0.203432 0.362556 0.185791 0.35915 0.183961 0.389294 0.928851
4 0.403052 0.433516 0.405366 0.40513 0.387896 0.400601 0.385582 0.428987 0.918204
4 0.501349 0.475211 0.502412 0.447466 0.485882 0.445451 0.484819 0.473197 0.87395
4 0.303143 0.244595 0.305276 0.213201 0.287716 0.209406 0.285583 0.240801 0.866807
4 0.43526 0.3046 0.437401 0.275872 0.421474 0.272096 0.419332 0.300824 0.84817
4 0.337558 0.557042 0.339932 0.522652 0.320435 0.518372 0.318061 0.552761 0.789315
0 0.462895 0.534766 0.465574 0.498557 0.444661 0.493636 0.441981 0.529844 0.711139
4 0.362078 0.841493 0.363639 0.813441 0.347732 0.810628 0.346172 0.838679 0.473432
4 0.244282 0.759507 0.246564 0.728221 0.229644 0.724297 0.227362 0.755583 0.446912
4 0.168647 0.580506 0.171236 0.548127 0.152986 0.543486 0.150397 0.575865 0.353171
