4 0.367114 0.565249 0.36796 0.537016 0.351301 0.535429 0.350455 0.563661 0.932211
4 0.337246 0.471551 0.3393 0.443656 0.323467 0.439948 0.321413 0.467844 0.914209
4 0.358523 0.446382 0.360035 0.419383 0.344841 0.416677 0.343329 0.443676 0.794562
4 0.398573 0.360356 0.399881 0.330908 0.383761 0.32863 0.382452 0.358077 0.668205
4 0.342742 0.58082 0.343931 0.551193 0.32737 0.549079 0.326181 0.578706 0.596776
4 0.476297 0.629901 0.47793 0.59438 0.459639 0.591706 0.458006 0.627227 0.48
0 0.453485 0.621191 0.457266 0.583509 0.436757 0.576964 0.432976 0.614646 0.414791
4 0.373225 0.650432 0.375697 0.615104 0.358289 0.61123 0.355817 0.646558 0.405196
4 0.367114 0.565249 0.36796 0.537016 0.351301 0.535429 0.350455 0.563661 0.932211
4 0.337246 0.471551 0.3393 0.443656 0.323467 0.439948 0.321413 0.467844 0.914209
4 0.358523 0.446382 0.360035 0.419383 0.344841 0.416677 0.343329 0.443676 0.794562
4 0.398573 0.360356 0.399881 0.330908 0.383761 0.32863 0.382452 0.358077 0.668205
4 0.342742 0.58082 0.343931 0.551193 0.32737 0.549079 0.326181 0.578706 0.596776
4 0.476297 0.629901 0.47793 0.59438 0.459639 0.591706 0.458006 0.627227 0.48
0 0.453485 0.621191 0.457266 0.583509 0.436757 0.576964 0.432976 0.614646 0.414791
4 0.373225 0.650432 0.375697 0.615104 0.358289 0.61123 0.355817 0.646558 0.405196
