4 0.337656 0.471488 0.339529 0.443172 0.323406 0.439779 0.321533 0.468096 0.926497
0 0.365766 0.5428 0.369786 0.502806 0.349993 0.49648 0.345974 0.536473 0.809111
4 0.358409 0.446813 0.360047 0.41937 0.344821 0.416481 0.343183 0.443924 0.748873
4 0.398461 0.360961 0.399804 0.331348 0.383578 0.329007 0.382235 0.358621 0.697323
4 0.380902 0.657841 0.382772 0.6256 0.36416 0.622168 0.362291 0.654409 0.554361
4 0.368039 0.562972 0.369544 0.535052 0.351521 0.531963 0.350016 0.559883 0.534294
4 0.341908 0.581925 0.343935 0.552885 0.327523 0.549242 0.325496 0.578282 0.532929
4 0.389111 0.553134 0.391734 0.520766 0.372635 0.515843 0.370012 0.548211 0.420445
4 0.337656 0.471488 0.339529 0.443172 0.323406 0.439779 0.321533 0.468096 0.926497
0 0.365766 0.5428 0.369786 0.502806 0.349993 0.49648 0.345974 0.536473 0.809111
4 0.358409 0.446813 0.360047 0.41937 0.344821 0.416481 0.343183 0.443924 0.748873
4 0.398461 0.360961 0.399804 0.331348 0.383578 0.329007 0.382235 0.358621 0.697323
4 0.380902 0.657841 0.382772 0.6256 0.36416 0.622168 0.362291 0.654409 0.554361
4 0.368039 0.562972 0.369544 0.535052 0.351521 0.531963 0.350016 0.559883 0.534294
4 0.341908 0.581925 0.343935 0.552885 0.327523 0.549242 0.325496 0.578282 0.532929
4 0.389111 0.553134 0.391734 0.520766 0.372635 0.515843 0.370012 0.548211 0.420445
