4 0.361454 0.497948 0.362929 0.469495 0.346512 0.466789 0.345037 0.495242 0.948969
0 0.404455 0.673894 0.408931 0.636096 0.389209 0.628669 0.384733 0.666467 0.684456
4 0.426094 0.68338 0.428635 0.654721 0.410895 0.649719 0.408354 0.678378 0.566053
4 0.330799 0.497913 0.33308 0.458065 0.310424 0.453941 0.308143 0.493789 0.531299
4 0.336539 0.473378 0.337495 0.444043 0.321092 0.442343 0.320136 0.471678 0.472435
4 0.341188 0.584955 0.344693 0.553725 0.327672 0.54765 0.324168 0.578881 0.341325
4 0.118396 0.263674 0.121444 0.229 0.100183 0.223057 0.0971351 0.257731 0.294482
4 0.361454 0.497948 0.362929 0.469495 0.346512 0.466789 0.345037 0.495242 0.948969
0 0.404455 0.673894 0.408931 0.636096 0.389209 0.628669 0.384733 0.666467 0.684456
4 0.426094 0.68338 0.428635 0.654721 0.410895 0.649719 0.408354 0.678378 0.566053
4 0.330799 0.497913 0.33308 0.458065 0.310424 0.453941 0.308143 0.493789 0.531299
4 0.336539 0.473378 0.337495 0.444043 0.321092 0.442343 0.320136 0.471678 0.472435
4 0.341188 0.584955 0.344693 0.553725 0.327672 0.54765 0.324168 0.578881 0.341325
4 0.118396 0.263674 0.121444 0.229 0.100183 0.223057 0.0971351 0.257731 0.294482
