4 0.20176 0.392599 0.203646 0.36228 0.185901 0.35877 0.184015 0.389089 0.922042
4 0.401174 0.433758 0.402826 0.405197 0.3868 0.402249 0.385148 0.43081 0.903033
4 0.303269 0.244858 0.305514 0.213336 0.287884 0.209344 0.28564 0.240866 0.876887
4 0.501197 0.474623 0.502167 0.447486 0.485957 0.445643 0.484987 0.47278 0.866661
0 0.440058 0.445283 0.441835 0.411428 0.421752 0.408076 0.419975 0.441931 0.864141
4 0.435297 0.304761 0.437399 0.275801 0.421331 0.272092 0.419229 0.301052 0.834799
4 0.337518 0.556664 0.339877 0.52268 0.32042 0.518384 0.31806 0.552367 0.807286
4 0.36203 0.841612 0.363542 0.813612 0.347718 0.810896 0.346207 0.838896 0.477299
4 0.428905 0.393853 0.431709 0.360719 0.414234 0.356015 0.411429 0.389149 0.468293
4 0.244243 0.759415 0.246529 0.728071 0.229714 0.72417 0.227427 0.755514 0.418532
4 0.169041 0.582778 0.171256 0.550473 0.154195 0.546753 0.15198 0.579059 0.412239
4 0.20176 0.392599 0.203646 0.36228 0.185901 0.35877 0.184015 0.389089 0.922042
4 0.401174 0.433758 0.402826 0.405197 0.3868 0.402249 0.385148 0.43081 0.903033
4 0.303269 0.244858 0.305514 0.213336 0.287884 0.209344 0.28564 0.240866 0.876887
4 0.501197 0.474623 0.502167 0.447486 0.485957 0.445643 0.484987 0.47278 0.866661
0 0.440058 0.445283 0.441835 0.411428 0.421752 0.408076 0.419975 0.441931 0.864141
4 0.435297 0.304761 0.437399 0.275801 0.421331 0.272092 0.419229 0.301052 0.834799
4 0.337518 0.556664 0.339877 0.52268 0.32042 0.518384 0.31806 0.552367 0.807286
4 0.36203 0.841612 0.363542 0.813612 0.347718 0.810896 0.346207 0.838896 0.477299
4 0.428905 0.393853 0.431709 0.360719 0.414234 0.356015 0.411429 0.389149 0.468293
4 0.244243 0.759415 0.246529 0.728071 0.229714 0.72417 0.227427 0.755514 0.418532
4 0.169041 0.582778 0.171256 0.550473 0.154195 0.546753 0.15198 0.579059 0.412239
