0 0.248486 0.336859 0.24893 0.299703 0.228577 0.298929 0.228133 0.336086 0.885399
4 0.391249 0.546614 0.39248 0.519275 0.375611 0.51686 0.374381 0.544199 0.881808
4 0.419375 0.704345 0.420894 0.673955 0.403164 0.671138 0.401646 0.701527 0.719858
4 0.398627 0.360572 0.399904 0.331548 0.383926 0.329313 0.38265 0.358337 0.718717
4 0.338319 0.575737 0.340033 0.547906 0.324069 0.54478 0.322356 0.572612 0.711303
4 0.482082 0.637409 0.484638 0.604833 0.466726 0.600362 0.46417 0.632938 0.631164
4 0.24166 0.306309 0.244518 0.278626 0.227912 0.273174 0.225054 0.300857 0.544933
0 0.248486 0.336859 0.24893 0.299703 0.228577 0.298929 0.228133 0.336086 0.885399
4 0.391249 0.546614 0.39248 0.519275 0.375611 0.51686 0.374381 0.544199 0.881808
4 0.419375 0.704345 0.420894 0.673955 0.403164 0.671138 0.401646 0.701527 0.719858
4 0.398627 0.360572 0.399904 0.331548 0.383926 0.329313 0.38265 0.358337 0.718717
4 0.338319 0.575737 0.340033 0.547906 0.324069 0.54478 0.322356 0.572612 0.711303
4 0.482082 0.637409 0.484638 0.604833 0.466726 0.600362 0.46417 0.632938 0.631164
4 0.24166 0.306309 0.244518 0.278626 0.227912 0.273174 0.225054 0.300857 0.544933
