4 0.201979 0.392359 0.203796 0.362198 0.186069 0.358801 0.184252 0.388961 0.925062
4 0.303216 0.244567 0.305291 0.21341 0.287927 0.209733 0.285853 0.24089 0.8752
4 0.406529 0.64107 0.407642 0.609679 0.388331 0.607501 0.387218 0.638893 0.868755
4 0.501081 0.474641 0.502126 0.447605 0.485852 0.445604 0.484807 0.47264 0.851475
4 0.435165 0.304754 0.43731 0.275922 0.421418 0.272161 0.419273 0.300994 0.835719
0 0.388346 0.616758 0.39151 0.578007 0.371048 0.572695 0.367885 0.611446 0.638745
4 0.361934 0.841737 0.363607 0.813672 0.347696 0.810656 0.346023 0.838721 0.476079
4 0.244101 0.759595 0.246442 0.728388 0.22961 0.724372 0.227269 0.755578 0.398617
4 0.168516 0.580389 0.171147 0.548402 0.153097 0.54368 0.150466 0.575667 0.350246
4 0.449595 0.641547 0.452039 0.607894 0.433419 0.603594 0.430975 0.637247 0.287006
4 0.201979 0.392359 0.203796 0.362198 0.186069 0.358801 0.184252 0.388961 0.925062
4 0.303216 0.244567 0.305291 0.21341 0.287927 0.209733 0.285853 0.24089 0.8752
4 0.406529 0.64107 0.407642 0.609679 0.388331 0.607501 0.387218 0.638893 0.868755
4 0.501081 0.474641 0.502126 0.447605 0.485852 0.445604 0.484807 0.47264 0.851475
4 0.435165 0.304754 0.43731 0.275922 0.421418 0.272161 0.419273 0.300994 0.835719
0 0.388346 0.616758 0.39151 0.578007 0.371048 0.572695 0.367885 0.611446 0.638745
4 0.361934 0.841737 0.363607 0.813672 0.347696 0.810656 0.346023 0.838721 0.476079
4 0.244101 0.759595 0.246442 0.728388 0.22961 0.724372 0.227269 0.755578 0.398617
4 0.168516 0.580389 0.171147 0.548402 0.153097 0.54368 0.150466 0.575667 0.350246
4 0.449595 0.641547 0.452039 0.607894 0.433419 0.603594 0.430975 0.637247 0.287006
