4 0.201802 0.392354 0.203632 0.362155 0.185903 0.358738 0.184073 0.388938 0.929395
4 0.401182 0.43364 0.403473 0.405492 0.387276 0.4013 0.384985 0.429449 0.885538
4 0.303196 0.244947 0.30543 0.213325 0.28785 0.209375 0.285616 0.240997 0.871827
4 0.501364 0.474603 0.502359 0.447409 0.485871 0.44549 0.484875 0.472684 0.86659
4 0.435206 0.304509 0.43733 0.27577 0.42145 0.272036 0.419326 0.300775 0.83625
4 0.337685 0.556948 0.340006 0.522734 0.3204 0.518505 0.318079 0.552719 0.805901
0 0.447863 0.449373 0.450417 0.413408 0.431127 0.409051 0.428573 0.445016 0.704394
4 0.361927 0.841684 0.363575 0.813571 0.347628 0.810598 0.34598 0.838712 0.464312
4 0.416889 0.397126 0.420029 0.362326 0.401104 0.356895 0.397964 0.391696 0.420912
4 0.244077 0.759445 0.246454 0.728297 0.229731 0.724239 0.227354 0.755387 0.365364
4 0.168555 0.580259 0.171124 0.54834 0.153132 0.543735 0.150563 0.575654 0.345143
4 0.201802 0.392354 0.203632 0.362155 0.185903 0.358738 0.184073 0.388938 0.929395
4 0.401182 0.43364 0.403473 0.405492 0.387276 0.4013 0.384985 0.429449 0.885538
4 0.303196 0.244947 0.30543 0.213325 0.28785 0.209375 0.285616 0.240997 0.871827
4 0.501364 0.474603 0.502359 0.447409 0.485871 0.44549 0.484875 0.472684 0.86659
4 0.435206 0.304509 0.43733 0.27577 0.42145 0.272036 0.419326 0.300775 0.83625
4 0.337685 0.556948 0.340006 0.522734 0.3204 0.518505 0.318079 0.552719 0.805901
0 0.447863 0.449373 0.450417 0.413408 0.431127 0.409051 0.428573 0.445016 0.704394
4 0.361927 0.841684 0.363575 0.813571 0.347628 0.810598 0.34598 0.838712 0.464312
4 0.416889 0.397126 0.420029 0.362326 0.401104 0.356895 0.397964 0.391696 0.420912
4 0.244077 0.759445 0.246454 0.728297 0.229731 0.724239 0.227354 0.755387 0.365364
4 0.168555 0.580259 0.171124 0.54834 0.153132 0.543735 0.150563 0.575654 0.345143
