4 0.201905 0.392582 0.203814 0.362298 0.186016 0.35873 0.184107 0.389014 0.91812
4 0.402018 0.433108 0.403433 0.404281 0.387271 0.401759 0.385857 0.430587 0.911104
4 0.303275 0.244726 0.305358 0.213099 0.287828 0.209427 0.285745 0.241054 0.873464
4 0.50121 0.474757 0.502257 0.44738 0.485611 0.445355 0.484564 0.472732 0.857984
4 0.435277 0.304956 0.437383 0.275795 0.421248 0.272088 0.419141 0.301248 0.839429
4 0.337691 0.556672 0.339811 0.522694 0.320328 0.518828 0.318208 0.552807 0.801425
0 0.446062 0.452697 0.446192 0.416372 0.427488 0.41616 0.427358 0.452484 0.611477
4 0.361946 0.841496 0.363498 0.81344 0.34767 0.810657 0.346119 0.838712 0.480574
4 0.244089 0.759305 0.246389 0.72851 0.229845 0.72458 0.227545 0.755375 0.426895
4 0.168534 0.580215 0.171151 0.548192 0.153071 0.543491 0.150453 0.575515 0.345489
4 0.201905 0.392582 0.203814 0.362298 0.186016 0.35873 0.184107 0.389014 0.91812
4 0.402018 0.433108 0.403433 0.404281 0.387271 0.401759 0.385857 0.430587 0.911104
4 0.303275 0.244726 0.305358 0.213099 0.287828 0.209427 0.285745 0.241054 0.873464
4 0.50121 0.474757 0.502257 0.44738 0.485611 0.445355 0.484564 0.472732 0.857984
4 0.435277 0.304956 0.437383 0.275795 0.421248 0.272088 0.419141 0.301248 0.839429
4 0.337691 0.556672 0.339811 0.522694 0.320328 0.518828 0.318208 0.552807 0.801425
0 0.446062 0.452697 0.446192 0.416372 0.427488 0.41616 0.427358 0.452484 0.611477
4 0.361946 0.841496 0.363498 0.81344 0.34767 0.810657 0.346119 0.838712 0.480574
4 0.244089 0.759305 0.246389 0.72851 0.229845 0.72458 0.227545 0.755375 0.426895
4 0.168534 0.580215 0.171151 0.548192 0.153071 0.543491 0.150453 0.575515 0.345489
