4 0.201756 0.392677 0.203566 0.362358 0.185757 0.358976 0.183946 0.389295 0.9254
4 0.303244 0.244499 0.305237 0.213305 0.287883 0.20978 0.285891 0.240974 0.881115
4 0.501155 0.474422 0.502128 0.44751 0.485932 0.445648 0.48496 0.472561 0.850695
4 0.435144 0.304558 0.437267 0.275924 0.421531 0.272212 0.419408 0.300847 0.827481
4 0.413677 0.659451 0.416063 0.627489 0.398047 0.623211 0.395661 0.655174 0.573306
4 0.361987 0.841827 0.363707 0.813485 0.347631 0.810382 0.345911 0.838725 0.481492
0 0.397113 0.63009 0.399661 0.593735 0.378727 0.589068 0.376178 0.625423 0.461602
4 0.244098 0.759592 0.246476 0.728622 0.229704 0.724526 0.227326 0.755496 0.415582
4 0.168496 0.580446 0.171038 0.548398 0.152891 0.543821 0.15035 0.575869 0.379641
4 0.436962 0.619367 0.439067 0.59212 0.424 0.588417 0.421894 0.615664 0.316739
4 0.201756 0.392677 0.203566 0.362358 0.185757 0.358976 0.183946 0.389295 0.9254
4 0.303244 0.244499 0.305237 0.213305 0.287883 0.20978 0.285891 0.240974 0.881115
4 0.501155 0.474422 0.502128 0.44751 0.485932 0.445648 0.48496 0.472561 0.850695
4 0.435144 0.304558 0.437267 0.275924 0.421531 0.272212 0.419408 0.300847 0.827481
4 0.413677 0.659451 0.416063 0.627489 0.398047 0.623211 0.395661 0.655174 0.573306
4 0.361987 0.841827 0.363707 0.813485 0.347631 0.810382 0.345911 0.838725 0.481492
0 0.397113 0.63009 0.399661 0.593735 0.378727 0.589068 0.376178 0.625423 0.461602
4 0.244098 0.759592 0.246476 0.728622 0.229704 0.724526 0.227326 0.755496 0.415582
4 0.168496 0.580446 0.171038 0.548398 0.152891 0.543821 0.15035 0.575869 0.379641
4 0.436962 0.619367 0.439067 0.59212 0.424 0.588417 0.421894 0.615664 0.316739
