4 0.402402 0.433836 0.40498 0.40515 0.387853 0.400255 0.385275 0.428941 0.923076
4 0.201819 0.392791 0.20379 0.362478 0.186078 0.358817 0.184108 0.38913 0.920679
4 0.303256 0.245375 0.305644 0.213402 0.287932 0.209195 0.285544 0.241168 0.87124
4 0.50113 0.474782 0.502203 0.447524 0.485755 0.445463 0.484681 0.472722 0.867701
4 0.435283 0.304612 0.43747 0.275769 0.421433 0.271902 0.419246 0.300745 0.837024
4 0.337804 0.556943 0.340181 0.522495 0.320474 0.51817 0.318097 0.552617 0.803393
0 0.442728 0.45174 0.446204 0.416658 0.428835 0.411185 0.425359 0.446267 0.715193
4 0.362012 0.841534 0.363575 0.813595 0.347747 0.81078 0.346184 0.838719 0.481284
4 0.24414 0.759529 0.246548 0.728171 0.2297 0.724057 0.227293 0.755415 0.38065
4 0.168983 0.583005 0.171302 0.550897 0.154342 0.547001 0.152023 0.57911 0.341653
4 0.414698 0.419114 0.417207 0.380984 0.395862 0.376518 0.393353 0.414648 0.257271
4 0.402402 0.433836 0.40498 0.40515 0.387853 0.400255 0.385275 0.428941 0.923076
4 0.201819 0.392791 0.20379 0.362478 0.186078 0.358817 0.184108 0.38913 0.920679
4 0.303256 0.245375 0.305644 0.213402 0.287932 0.209195 0.285544 0.241168 0.87124
4 0.50113 0.474782 0.502203 0.447524 0.485755 0.445463 0.484681 0.472722 0.867701
4 0.435283 0.304612 0.43747 0.275769 0.421433 0.271902 0.419246 0.300745 0.837024
4 0.337804 0.556943 0.340181 0.522495 0.320474 0.51817 0.318097 0.552617 0.803393
0 0.442728 0.45174 0.446204 0.416658 0.428835 0.411185 0.425359 0.446267 0.715193
4 0.362012 0.841534 0.363575 0.813595 0.347747 0.81078 0.346184 0.838719 0.481284
4 0.24414 0.759529 0.246548 0.728171 0.2297 0.724057 0.227293 0.755415 0.38065
4 0.168983 0.583005 0.171302 0.550897 0.154342 0.547001 0.152023 0.57911 0.341653
4 0.414698 0.419114 0.417207 0.380984 0.395862 0.376518 0.393353 0.414648 0.257271
