4 0.201756 0.392917 0.203598 0.362478 0.185856 0.359065 0.184015 0.389504 0.923387
4 0.401466 0.433226 0.403728 0.405201 0.387322 0.400988 0.38506 0.429014 0.882407
4 0.303207 0.244904 0.30539 0.213286 0.287827 0.20943 0.285644 0.241048 0.874311
4 0.501351 0.47455 0.502331 0.447478 0.485827 0.445577 0.484846 0.472649 0.871245
4 0.435157 0.304409 0.437253 0.27586 0.421392 0.272157 0.419297 0.300706 0.842725
4 0.337711 0.556854 0.340024 0.52267 0.320403 0.518449 0.318091 0.552633 0.806733
0 0.447825 0.449378 0.450401 0.413386 0.431057 0.408983 0.428481 0.444975 0.723309
4 0.36213 0.841436 0.363522 0.813484 0.347605 0.810963 0.346214 0.838916 0.471813
4 0.244159 0.75947 0.246496 0.728321 0.229801 0.724337 0.227464 0.755487 0.393816
4 0.168625 0.580533 0.171172 0.548428 0.153022 0.543848 0.150475 0.575952 0.349401
4 0.417357 0.396126 0.420524 0.360192 0.401309 0.354806 0.398142 0.39074 0.296486
4 0.201756 0.392917 0.203598 0.362478 0.185856 0.359065 0.184015 0.389504 0.923387
4 0.401466 0.433226 0.403728 0.405201 0.387322 0.400988 0.38506 0.429014 0.882407
4 0.303207 0.244904 0.30539 0.213286 0.287827 0.20943 0.285644 0.241048 0.874311
4 0.501351 0.47455 0.502331 0.447478 0.485827 0.445577 0.484846 0.472649 0.871245
4 0.435157 0.304409 0.437253 0.27586 0.421392 0.272157 0.419297 0.300706 0.842725
4 0.337711 0.556854 0.340024 0.52267 0.320403 0.518449 0.318091 0.552633 0.806733
0 0.447825 0.449378 0.450401 0.413386 0.431057 0.408983 0.428481 0.444975 0.723309
4 0.36213 0.841436 0.363522 0.813484 0.347605 0.810963 0.346214 0.838916 0.471813
4 0.244159 0.75947 0.246496 0.728321 0.229801 0.724337 0.227464 0.755487 0.393816
4 0.168625 0.580533 0.171172 0.548428 0.153022 0.543848 0.150475 0.575952 0.349401
4 0.417357 0.396126 0.420524 0.360192 0.401309 0.354806 0.398142 0.39074 0.296486
