4 0.391411 0.546425 0.39277 0.519062 0.375763 0.516376 0.374404 0.543739 0.872389
0 0.253256 0.344158 0.25573 0.303098 0.233691 0.298875 0.231217 0.339935 0.774874
4 0.338455 0.575483 0.340063 0.547794 0.32419 0.544863 0.322582 0.572552 0.702582
4 0.398579 0.36041 0.399795 0.330936 0.383824 0.32884 0.382608 0.358314 0.683047
4 0.419335 0.704137 0.42088 0.673605 0.403049 0.670735 0.401504 0.701267 0.674448
4 0.481899 0.637281 0.48444 0.604822 0.46653 0.600363 0.463989 0.632822 0.547437
4 0.241472 0.310807 0.244315 0.282672 0.227856 0.277384 0.225014 0.305519 0.41006
4 0.391411 0.546425 0.39277 0.519062 0.375763 0.516376 0.374404 0.543739 0.872389
0 0.253256 0.344158 0.25573 0.303098 0.233691 0.298875 0.231217 0.339935 0.774874
4 0.338455 0.575483 0.340063 0.547794 0.32419 0.544863 0.322582 0.572552 0.702582
4 0.398579 0.36041 0.399795 0.330936 0.383824 0.32884 0.382608 0.358314 0.683047
4 0.419335 0.704137 0.42088 0.673605 0.403049 0.670735 0.401504 0.701267 0.674448
4 0.481899 0.637281 0.48444 0.604822 0.46653 0.600363 0.463989 0.632822 0.547437
4 0.241472 0.310807 0.244315 0.282672 0.227856 0.277384 0.225014 0.305519 0.41006
