4 0.201946 0.392551 0.203827 0.362309 0.186029 0.358788 0.184148 0.38903 0.922294
4 0.402264 0.433652 0.404767 0.405063 0.387779 0.400332 0.385276 0.428921 0.917914
4 0.303204 0.24482 0.305368 0.21339 0.287762 0.209535 0.285599 0.240966 0.873783
4 0.501272 0.47491 0.502286 0.447531 0.486017 0.445615 0.485003 0.472994 0.845692
4 0.435233 0.304544 0.437391 0.276015 0.421491 0.272189 0.419332 0.300718 0.837319
4 0.337665 0.556898 0.340028 0.52253 0.320449 0.518248 0.318086 0.552616 0.788981
0 0.437066 0.501263 0.438924 0.466214 0.419271 0.462902 0.417413 0.497951 0.538612
4 0.362003 0.841587 0.3636 0.813483 0.34757 0.810584 0.345972 0.838689 0.483777
4 0.244305 0.759272 0.246624 0.72812 0.229841 0.724148 0.227522 0.7553 0.44097
4 0.169072 0.58302 0.17152 0.550173 0.154292 0.54609 0.151845 0.578938 0.376372
4 0.14317 0.213836 0.145096 0.182021 0.124773 0.178107 0.122847 0.209922 0.262212
4 0.201946 0.392551 0.203827 0.362309 0.186029 0.358788 0.184148 0.38903 0.922294
4 0.402264 0.433652 0.404767 0.405063 0.387779 0.400332 0.385276 0.428921 0.917914
4 0.303204 0.24482 0.305368 0.21339 0.287762 0.209535 0.285599 0.240966 0.873783
4 0.501272 0.47491 0.502286 0.447531 0.486017 0.445615 0.485003 0.472994 0.845692
4 0.435233 0.304544 0.437391 0.276015 0.421491 0.272189 0.419332 0.300718 0.837319
4 0.337665 0.556898 0.340028 0.52253 0.320449 0.518248 0.318086 0.552616 0.788981
0 0.437066 0.501263 0.438924 0.466214 0.419271 0.462902 0.417413 0.497951 0.538612
4 0.362003 0.841587 0.3636 0.813483 0.34757 0.810584 0.345972 0.838689 0.483777
4 0.244305 0.759272 0.246624 0.72812 0.229841 0.724148 0.227522 0.7553 0.44097
4 0.169072 0.58302 0.17152 0.550173 0.154292 0.54609 0.151845 0.578938 0.376372
4 0.14317 0.213836 0.145096 0.182021 0.124773 0.178107 0.122847 0.209922 0.262212
