0 0.251951 0.333878 0.253658 0.297107 0.232004 0.293909 0.230297 0.33068 0.91365
4 0.391279 0.546375 0.392534 0.519241 0.375695 0.516762 0.374439 0.543897 0.877334
4 0.419499 0.704029 0.42094 0.67377 0.403176 0.67108 0.401735 0.701339 0.71459
4 0.398764 0.360588 0.399989 0.331024 0.383787 0.328889 0.382562 0.358454 0.68246
4 0.338465 0.57576 0.340334 0.547622 0.324134 0.5442 0.322265 0.572337 0.682136
4 0.481978 0.637085 0.484576 0.604813 0.466616 0.600215 0.464019 0.632487 0.576886
4 0.243149 0.305878 0.245624 0.276524 0.227321 0.271616 0.224846 0.30097 0.551531
4 0.104897 0.308598 0.109059 0.274488 0.087833 0.266251 0.083671 0.300361 0.264839
0 0.251951 0.333878 0.253658 0.297107 0.232004 0.293909 0.230297 0.33068 0.91365
4 0.391279 0.546375 0.392534 0.519241 0.375695 0.516762 0.374439 0.543897 0.877334
4 0.419499 0.704029 0.42094 0.67377 0.403176 0.67108 0.401735 0.701339 0.71459
4 0.398764 0.360588 0.399989 0.331024 0.383787 0.328889 0.382562 0.358454 0.68246
4 0.338465 0.57576 0.340334 0.547622 0.324134 0.5442 0.322265 0.572337 0.682136
4 0.481978 0.637085 0.484576 0.604813 0.466616 0.600215 0.464019 0.632487 0.576886
4 0.243149 0.305878 0.245624 0.276524 0.227321 0.271616 0.224846 0.30097 0.551531
4 0.104897 0.308598 0.109059 0.274488 0.087833 0.266251 0.083671 0.300361 0.264839
