4 0.201741 0.392516 0.203659 0.36237 0.185967 0.35879 0.184049 0.388936 0.923562
4 0.501226 0.474633 0.502203 0.447642 0.485831 0.445757 0.484854 0.472748 0.882536
4 0.303175 0.244458 0.30529 0.213253 0.288006 0.209528 0.285891 0.240734 0.876141
4 0.401299 0.432979 0.403218 0.404639 0.387176 0.401185 0.385257 0.429524 0.863604
4 0.435164 0.304307 0.437402 0.275674 0.421445 0.271708 0.419207 0.300341 0.82511
4 0.337709 0.55673 0.33994 0.522643 0.320388 0.518574 0.318157 0.552661 0.799046
0 0.443767 0.456007 0.447116 0.418527 0.428254 0.413166 0.424905 0.450646 0.702408
4 0.362003 0.841351 0.363426 0.813274 0.347506 0.810707 0.346082 0.838784 0.494603
4 0.244176 0.759618 0.246435 0.728553 0.229835 0.724715 0.227576 0.755779 0.365418
4 0.168488 0.580471 0.171064 0.548331 0.153027 0.543733 0.150452 0.575874 0.345856
4 0.201741 0.392516 0.203659 0.36237 0.185967 0.35879 0.184049 0.388936 0.923562
4 0.501226 0.474633 0.502203 0.447642 0.485831 0.445757 0.484854 0.472748 0.882536
4 0.303175 0.244458 0.30529 0.213253 0.288006 0.209528 0.285891 0.240734 0.876141
4 0.401299 0.432979 0.403218 0.404639 0.387176 0.401185 0.385257 0.429524 0.863604
4 0.435164 0.304307 0.437402 0.275674 0.421445 0.271708 0.419207 0.300341 0.82511
4 0.337709 0.55673 0.33994 0.522643 0.320388 0.518574 0.318157 0.552661 0.799046
0 0.443767 0.456007 0.447116 0.418527 0.428254 0.413166 0.424905 0.450646 0.702408
4 0.362003 0.841351 0.363426 0.813274 0.347506 0.810707 0.346082 0.838784 0.494603
4 0.244176 0.759618 0.246435 0.728553 0.229835 0.724715 0.227576 0.755779 0.365418
4 0.168488 0.580471 0.171064 0.548331 0.153027 0.543733 0.150452 0.575874 0.345856
