4 0.361281 0.498121 0.362711 0.469772 0.3464 0.467155 0.34497 0.495504 0.94337
0 0.403816 0.678165 0.407688 0.641194 0.389291 0.635068 0.385419 0.672039 0.723852
4 0.425721 0.682471 0.428055 0.654913 0.410995 0.650318 0.408661 0.677877 0.556557
4 0.331359 0.497708 0.333461 0.458078 0.310744 0.454246 0.308642 0.493876 0.540527
4 0.336664 0.473449 0.337586 0.444185 0.321247 0.442548 0.320325 0.471812 0.459016
4 0.341224 0.585062 0.344697 0.553697 0.327588 0.547672 0.324115 0.579037 0.358955
4 0.361281 0.498121 0.362711 0.469772 0.3464 0.467155 0.34497 0.495504 0.94337
0 0.403816 0.678165 0.407688 0.641194 0.389291 0.635068 0.385419 0.672039 0.723852
4 0.425721 0.682471 0.428055 0.654913 0.410995 0.650318 0.408661 0.677877 0.556557
4 0.331359 0.497708 0.333461 0.458078 0.310744 0.454246 0.308642 0.493876 0.540527
4 0.336664 0.473449 0.337586 0.444185 0.321247 0.442548 0.320325 0.471812 0.459016
4 0.341224 0.585062 0.344697 0.553697 0.327588 0.547672 0.324115 0.579037 0.358955
