4 0.391414 0.546463 0.392756 0.519311 0.375743 0.516637 0.374401 0.543789 0.873648
0 0.252901 0.34172 0.255313 0.30201 0.233425 0.297783 0.231014 0.337493 0.830627
4 0.419367 0.704358 0.420909 0.673824 0.403253 0.670989 0.401712 0.701523 0.712361
4 0.338376 0.575632 0.340142 0.547754 0.324172 0.544536 0.322406 0.572414 0.699764
4 0.397734 0.360442 0.399575 0.329935 0.382973 0.32675 0.381132 0.357257 0.664478
4 0.481984 0.637317 0.484615 0.604959 0.466888 0.600375 0.464257 0.632733 0.552301
4 0.241758 0.310314 0.2447 0.28231 0.227962 0.276717 0.225019 0.30472 0.414825
4 0.391414 0.546463 0.392756 0.519311 0.375743 0.516637 0.374401 0.543789 0.873648
0 0.252901 0.34172 0.255313 0.30201 0.233425 0.297783 0.231014 0.337493 0.830627
4 0.419367 0.704358 0.420909 0.673824 0.403253 0.670989 0.401712 0.701523 0.712361
4 0.338376 0.575632 0.340142 0.547754 0.324172 0.544536 0.322406 0.572414 0.699764
4 0.397734 0.360442 0.399575 0.329935 0.382973 0.32675 0.381132 0.357257 0.664478
4 0.481984 0.637317 0.484615 0.604959 0.466888 0.600375 0.464257 0.632733 0.552301
4 0.241758 0.310314 0.2447 0.28231 0.227962 0.276717 0.225019 0.30472 0.414825
