4 0.367443 0.564927 0.368094 0.537207 0.351545 0.535971 0.350894 0.563691 0.927297
4 0.337423 0.471817 0.339544 0.443351 0.323573 0.439567 0.321453 0.468033 0.893215
4 0.358506 0.446428 0.360102 0.419072 0.344798 0.416232 0.343201 0.443588 0.801252
4 0.398487 0.360409 0.399683 0.331401 0.383783 0.329315 0.382587 0.358323 0.740709
4 0.451749 0.610793 0.453474 0.57403 0.435174 0.571298 0.433448 0.608061 0.573374
4 0.342767 0.581 0.343995 0.551377 0.32743 0.549193 0.326202 0.578816 0.565276
4 0.38068 0.657804 0.382645 0.625427 0.363915 0.621811 0.36195 0.654189 0.545242
0 0.429628 0.601668 0.433561 0.563355 0.412707 0.556547 0.408774 0.594861 0.513635
4 0.367443 0.564927 0.368094 0.537207 0.351545 0.535971 0.350894 0.563691 0.927297
4 0.337423 0.471817 0.339544 0.443351 0.323573 0.439567 0.321453 0.468033 0.893215
4 0.358506 0.446428 0.360102 0.419072 0.344798 0.416232 0.343201 0.443588 0.801252
4 0.398487 0.360409 0.399683 0.331401 0.383783 0.329315 0.382587 0.358323 0.740709
4 0.451749 0.610793 0.453474 0.57403 0.435174 0.571298 0.433448 0.608061 0.573374
4 0.342767 0.581 0.343995 0.551377 0.32743 0.549193 0.326202 0.578816 0.565276
4 0.38068 0.657804 0.382645 0.625427 0.363915 0.621811 0.36195 0.654189 0.545242
0 0.429628 0.601668 0.433561 0.563355 0.412707 0.556547 0.408774 0.594861 0.513635
