4 0.402242 0.433948 0.404756 0.40574 0.388082 0.401013 0.385568 0.429221 0.940486
4 0.201798 0.392365 0.203622 0.362282 0.185808 0.358846 0.183984 0.38893 0.932536
4 0.50141 0.47453 0.502409 0.44744 0.485993 0.445515 0.484994 0.472605 0.872482
4 0.303215 0.244729 0.30548 0.213111 0.287663 0.209051 0.285397 0.240669 0.86964
4 0.435256 0.304706 0.437438 0.275885 0.421454 0.272037 0.419273 0.300858 0.843282
4 0.337853 0.557069 0.340196 0.522638 0.320505 0.518378 0.318163 0.552809 0.784346
0 0.448433 0.449859 0.450783 0.413303 0.431266 0.409314 0.428917 0.44587 0.744966
4 0.361924 0.841535 0.3635 0.813674 0.347721 0.810835 0.346146 0.838697 0.486369
4 0.244074 0.759459 0.246408 0.728318 0.229611 0.724313 0.227277 0.755454 0.404618
4 0.168571 0.580204 0.171069 0.548488 0.153128 0.543994 0.15063 0.57571 0.353224
4 0.402242 0.433948 0.404756 0.40574 0.388082 0.401013 0.385568 0.429221 0.940486
4 0.201798 0.392365 0.203622 0.362282 0.185808 0.358846 0.183984 0.38893 0.932536
4 0.50141 0.47453 0.502409 0.44744 0.485993 0.445515 0.484994 0.472605 0.872482
4 0.303215 0.244729 0.30548 0.213111 0.287663 0.209051 0.285397 0.240669 0.86964
4 0.435256 0.304706 0.437438 0.275885 0.421454 0.272037 0.419273 0.300858 0.843282
4 0.337853 0.557069 0.340196 0.522638 0.320505 0.518378 0.318163 0.552809 0.784346
0 0.448433 0.449859 0.450783 0.413303 0.431266 0.409314 0.428917 0.44587 0.744966
4 0.361924 0.841535 0.3635 0.813674 0.347721 0.810835 0.346146 0.838697 0.486369
4 0.244074 0.759459 0.246408 0.728318 0.229611 0.724313 0.227277 0.755454 0.404618
4 0.168571 0.580204 0.171069 0.548488 0.153128 0.543994 0.15063 0.57571 0.353224
