4 0.201858 0.392783 0.203739 0.362683 0.186008 0.35916 0.184128 0.38926 0.921989
4 0.402973 0.433723 0.405398 0.405235 0.387934 0.400507 0.385509 0.428995 0.915859
4 0.500988 0.474531 0.502012 0.447063 0.485174 0.445066 0.48415 0.472534 0.894908
4 0.303238 0.244816 0.305383 0.213419 0.287894 0.209619 0.285749 0.241015 0.876503
4 0.435266 0.304642 0.437392 0.275841 0.421414 0.272089 0.419288 0.300891 0.852242
4 0.337601 0.557114 0.339963 0.522768 0.320426 0.518495 0.318064 0.552841 0.79265
0 0.456542 0.525245 0.458194 0.488132 0.436546 0.485069 0.434895 0.522182 0.648782
4 0.36208 0.841514 0.363618 0.813498 0.347656 0.810713 0.346119 0.838729 0.482345
4 0.2443 0.759444 0.246612 0.728321 0.229931 0.724381 0.227619 0.755504 0.422221
4 0.168782 0.580544 0.171301 0.548196 0.153158 0.543703 0.150639 0.57605 0.352077
4 0.142219 0.213708 0.14392 0.182576 0.123588 0.179043 0.121887 0.210175 0.321843
4 0.201858 0.392783 0.203739 0.362683 0.186008 0.35916 0.184128 0.38926 0.921989
4 0.402973 0.433723 0.405398 0.405235 0.387934 0.400507 0.385509 0.428995 0.915859
4 0.500988 0.474531 0.502012 0.447063 0.485174 0.445066 0.48415 0.472534 0.894908
4 0.303238 0.244816 0.305383 0.213419 0.287894 0.209619 0.285749 0.241015 0.876503
4 0.435266 0.304642 0.437392 0.275841 0.421414 0.272089 0.419288 0.300891 0.852242
4 0.337601 0.557114 0.339963 0.522768 0.320426 0.518495 0.318064 0.552841 0.79265
0 0.456542 0.525245 0.458194 0.488132 0.436546 0.485069 0.434895 0.522182 0.648782
4 0.36208 0.841514 0.363618 0.813498 0.347656 0.810713 0.346119 0.838729 0.482345
4 0.2443 0.759444 0.246612 0.728321 0.229931 0.724381 0.227619 0.755504 0.422221
4 0.168782 0.580544 0.171301 0.548196 0.153158 0.543703 0.150639 0.57605 0.352077
4 0.142219 0.213708 0.14392 0.182576 0.123588 0.179043 0.121887 0.210175 0.321843
