4 0.3613 0.498288 0.362779 0.469785 0.346404 0.467082 0.344924 0.495586 0.942235
4 0.425436 0.682518 0.427464 0.654317 0.410138 0.650355 0.40811 0.678555 0.602393
0 0.401445 0.66336 0.405598 0.621636 0.386719 0.61566 0.382566 0.657384 0.588825
4 0.331018 0.498345 0.333409 0.457853 0.310431 0.453539 0.30804 0.494031 0.49984
4 0.336267 0.474309 0.337365 0.444389 0.320748 0.44245 0.31965 0.472371 0.338197
4 0.341222 0.585061 0.344646 0.553683 0.32747 0.547723 0.324046 0.579101 0.333964
4 0.3613 0.498288 0.362779 0.469785 0.346404 0.467082 0.344924 0.495586 0.942235
4 0.425436 0.682518 0.427464 0.654317 0.410138 0.650355 0.40811 0.678555 0.602393
0 0.401445 0.66336 0.405598 0.621636 0.386719 0.61566 0.382566 0.657384 0.588825
4 0.331018 0.498345 0.333409 0.457853 0.310431 0.453539 0.30804 0.494031 0.49984
4 0.336267 0.474309 0.337365 0.444389 0.320748 0.44245 0.31965 0.472371 0.338197
4 0.341222 0.585061 0.344646 0.553683 0.32747 0.547723 0.324046 0.579101 0.333964
