4 0.201711 0.392713 0.203593 0.362524 0.185828 0.359002 0.183946 0.389191 0.920577
4 0.501315 0.474843 0.502387 0.447472 0.485856 0.445412 0.484784 0.472784 0.862781
4 0.30331 0.244984 0.305551 0.213275 0.287892 0.209304 0.285651 0.241014 0.861114
4 0.401951 0.432632 0.402876 0.404207 0.387371 0.402604 0.386447 0.431029 0.856216
4 0.43523 0.304851 0.437411 0.275996 0.421441 0.272157 0.41926 0.301011 0.830904
4 0.337562 0.556835 0.339968 0.522564 0.320436 0.518203 0.31803 0.552474 0.814004
0 0.44721 0.451819 0.449309 0.41688 0.430597 0.413305 0.428498 0.448244 0.67656
4 0.361887 0.841627 0.363535 0.813767 0.347774 0.810803 0.346126 0.838663 0.472641
4 0.244258 0.759308 0.246515 0.728464 0.229979 0.724615 0.227722 0.75546 0.440479
4 0.168553 0.580427 0.171082 0.548386 0.15299 0.543843 0.15046 0.575884 0.355262
4 0.201711 0.392713 0.203593 0.362524 0.185828 0.359002 0.183946 0.389191 0.920577
4 0.501315 0.474843 0.502387 0.447472 0.485856 0.445412 0.484784 0.472784 0.862781
4 0.30331 0.244984 0.305551 0.213275 0.287892 0.209304 0.285651 0.241014 0.861114
4 0.401951 0.432632 0.402876 0.404207 0.387371 0.402604 0.386447 0.431029 0.856216
4 0.43523 0.304851 0.437411 0.275996 0.421441 0.272157 0.41926 0.301011 0.830904
4 0.337562 0.556835 0.339968 0.522564 0.320436 0.518203 0.31803 0.552474 0.814004
0 0.44721 0.451819 0.449309 0.41688 0.430597 0.413305 0.428498 0.448244 0.67656
4 0.361887 0.841627 0.363535 0.813767 0.347774 0.810803 0.346126 0.838663 0.472641
4 0.244258 0.759308 0.246515 0.728464 0.229979 0.724615 0.227722 0.75546 0.440479
4 0.168553 0.580427 0.171082 0.548386 0.15299 0.543843 0.15046 0.575884 0.355262
