4 0.36729 0.565262 0.367992 0.536977 0.351427 0.535669 0.350724 0.563954 0.933094
4 0.337386 0.471566 0.339441 0.442897 0.323546 0.439274 0.321491 0.467943 0.887674
4 0.358542 0.446676 0.360223 0.419073 0.344791 0.416085 0.343111 0.443689 0.750922
4 0.428098 0.589346 0.430155 0.553174 0.411426 0.549786 0.409369 0.585958 0.666139
4 0.398619 0.360684 0.399969 0.330867 0.383607 0.328511 0.382257 0.358328 0.659231
4 0.342699 0.581044 0.343991 0.551246 0.327478 0.548969 0.326186 0.578767 0.547277
4 0.380879 0.657254 0.38273 0.625196 0.364479 0.621844 0.362628 0.653902 0.532849
4 0.373164 0.648565 0.375618 0.614476 0.358115 0.61047 0.355662 0.644559 0.451004
0 0.406905 0.582206 0.410323 0.544302 0.390173 0.538524 0.386755 0.576428 0.364579
4 0.36729 0.565262 0.367992 0.536977 0.351427 0.535669 0.350724 0.563954 0.933094
4 0.337386 0.471566 0.339441 0.442897 0.323546 0.439274 0.321491 0.467943 0.887674
4 0.358542 0.446676 0.360223 0.419073 0.344791 0.416085 0.343111 0.443689 0.750922
4 0.428098 0.589346 0.430155 0.553174 0.411426 0.549786 0.409369 0.585958 0.666139
4 0.398619 0.360684 0.399969 0.330867 0.383607 0.328511 0.382257 0.358328 0.659231
4 0.342699 0.581044 0.343991 0.551246 0.327478 0.548969 0.326186 0.578767 0.547277
4 0.380879 0.657254 0.38273 0.625196 0.364479 0.621844 0.362628 0.653902 0.532849
4 0.373164 0.648565 0.375618 0.614476 0.358115 0.61047 0.355662 0.644559 0.451004
0 0.406905 0.582206 0.410323 0.544302 0.390173 0.538524 0.386755 0.576428 0.364579
