4 0.20191 0.392408 0.203746 0.362211 0.186002 0.35878 0.184166 0.388978 0.929258
4 0.501373 0.474385 0.502356 0.447385 0.485904 0.44548 0.484921 0.47248 0.876895
4 0.401321 0.433241 0.403356 0.405067 0.387211 0.401359 0.385177 0.429533 0.876658
4 0.303189 0.24489 0.305401 0.213284 0.287808 0.209369 0.285596 0.240975 0.872777
4 0.435174 0.304368 0.437294 0.27574 0.421439 0.272008 0.41932 0.300635 0.834615
4 0.337746 0.556898 0.340045 0.522722 0.320402 0.51852 0.318104 0.552696 0.804092
0 0.447935 0.449149 0.450432 0.413452 0.43104 0.409137 0.428543 0.444834 0.712027
4 0.361963 0.841628 0.363534 0.813559 0.347611 0.810725 0.34604 0.838794 0.460059
4 0.244083 0.759381 0.246482 0.728214 0.229691 0.724103 0.227291 0.755269 0.387876
4 0.168603 0.580279 0.171164 0.548356 0.153095 0.543746 0.150534 0.575669 0.342598
4 0.20191 0.392408 0.203746 0.362211 0.186002 0.35878 0.184166 0.388978 0.929258
4 0.501373 0.474385 0.502356 0.447385 0.485904 0.44548 0.484921 0.47248 0.876895
4 0.401321 0.433241 0.403356 0.405067 0.387211 0.401359 0.385177 0.429533 0.876658
4 0.303189 0.24489 0.305401 0.213284 0.287808 0.209369 0.285596 0.240975 0.872777
4 0.435174 0.304368 0.437294 0.27574 0.421439 0.272008 0.41932 0.300635 0.834615
4 0.337746 0.556898 0.340045 0.522722 0.320402 0.51852 0.318104 0.552696 0.804092
0 0.447935 0.449149 0.450432 0.413452 0.43104 0.409137 0.428543 0.444834 0.712027
4 0.361963 0.841628 0.363534 0.813559 0.347611 0.810725 0.34604 0.838794 0.460059
4 0.244083 0.759381 0.246482 0.728214 0.229691 0.724103 0.227291 0.755269 0.387876
4 0.168603 0.580279 0.171164 0.548356 0.153095 0.543746 0.150534 0.575669 0.342598
