4 0.361329 0.498083 0.362719 0.469728 0.34639 0.467182 0.345 0.495538 0.945116
0 0.403792 0.678185 0.407637 0.641207 0.389219 0.635116 0.385374 0.672094 0.718678
4 0.425738 0.682603 0.428049 0.654932 0.410912 0.650379 0.4086 0.678049 0.561225
4 0.331284 0.497817 0.333423 0.458029 0.310675 0.45414 0.308536 0.493929 0.549554
4 0.336655 0.473567 0.337606 0.444195 0.321219 0.44251 0.320269 0.471881 0.44947
4 0.341191 0.585094 0.34469 0.553765 0.327574 0.547686 0.324076 0.579016 0.360308
4 0.361329 0.498083 0.362719 0.469728 0.34639 0.467182 0.345 0.495538 0.945116
0 0.403792 0.678185 0.407637 0.641207 0.389219 0.635116 0.385374 0.672094 0.718678
4 0.425738 0.682603 0.428049 0.654932 0.410912 0.650379 0.4086 0.678049 0.561225
4 0.331284 0.497817 0.333423 0.458029 0.310675 0.45414 0.308536 0.493929 0.549554
4 0.336655 0.473567 0.337606 0.444195 0.321219 0.44251 0.320269 0.471881 0.44947
4 0.341191 0.585094 0.34469 0.553765 0.327574 0.547686 0.324076 0.579016 0.360308
