4 0.201798 0.39299 0.203775 0.362463 0.185802 0.358762 0.183825 0.389289 0.921663
4 0.401389 0.434072 0.402352 0.404835 0.387226 0.403252 0.386264 0.432489 0.89203
4 0.30318 0.24454 0.305312 0.213157 0.287745 0.209361 0.285613 0.240744 0.873101
4 0.500972 0.474746 0.501996 0.447646 0.486002 0.445724 0.484978 0.472825 0.856722
4 0.435207 0.304794 0.437377 0.275793 0.42142 0.271996 0.41925 0.300997 0.83814
4 0.337632 0.55664 0.339919 0.522676 0.320493 0.518516 0.318206 0.552479 0.794533
0 0.427844 0.432808 0.431496 0.394563 0.411126 0.388378 0.407475 0.426622 0.701762
4 0.361933 0.841711 0.363539 0.813688 0.347685 0.810798 0.346078 0.838821 0.478906
4 0.244102 0.759629 0.24637 0.728596 0.22969 0.72472 0.227423 0.755752 0.395398
4 0.431148 0.458069 0.433013 0.425528 0.411568 0.421619 0.409704 0.45416 0.346644
4 0.168941 0.582978 0.171308 0.550646 0.154147 0.54665 0.15178 0.578982 0.329054
4 0.201798 0.39299 0.203775 0.362463 0.185802 0.358762 0.183825 0.389289 0.921663
4 0.401389 0.434072 0.402352 0.404835 0.387226 0.403252 0.386264 0.432489 0.89203
4 0.30318 0.24454 0.305312 0.213157 0.287745 0.209361 0.285613 0.240744 0.873101
4 0.500972 0.474746 0.501996 0.447646 0.486002 0.445724 0.484978 0.472825 0.856722
4 0.435207 0.304794 0.437377 0.275793 0.42142 0.271996 0.41925 0.300997 0.83814
4 0.337632 0.55664 0.339919 0.522676 0.320493 0.518516 0.318206 0.552479 0.794533
0 0.427844 0.432808 0.431496 0.394563 0.411126 0.388378 0.407475 0.426622 0.701762
4 0.361933 0.841711 0.363539 0.813688 0.347685 0.810798 0.346078 0.838821 0.478906
4 0.244102 0.759629 0.24637 0.728596 0.22969 0.72472 0.227423 0.755752 0.395398
4 0.431148 0.458069 0.433013 0.425528 0.411568 0.421619 0.409704 0.45416 0.346644
4 0.168941 0.582978 0.171308 0.550646 0.154147 0.54665 0.15178 0.578982 0.329054
