4 0.401586 0.433793 0.402686 0.404502 0.386846 0.402611 0.385747 0.431902 0.932955
4 0.201888 0.392584 0.203715 0.362352 0.185964 0.358939 0.184137 0.389171 0.92342
4 0.303236 0.244238 0.305307 0.212969 0.287761 0.209274 0.285691 0.240543 0.871791
4 0.5012 0.474568 0.502242 0.447379 0.485898 0.445386 0.484855 0.472575 0.855723
4 0.435288 0.304873 0.437441 0.275949 0.42146 0.272166 0.419307 0.30109 0.836
4 0.337737 0.556922 0.340054 0.522695 0.32048 0.518481 0.318163 0.552708 0.781134
4 0.361992 0.841664 0.363529 0.813524 0.347596 0.810756 0.346059 0.838897 0.450644
4 0.244226 0.759342 0.246434 0.728554 0.229861 0.724776 0.227654 0.755564 0.435672
4 0.168531 0.580325 0.171186 0.548235 0.153243 0.543514 0.150588 0.575605 0.339614
0 0.441529 0.44687 0.445008 0.406555 0.422558 0.400393 0.419079 0.440708 0.320814
4 0.401586 0.433793 0.402686 0.404502 0.386846 0.402611 0.385747 0.431902 0.932955
4 0.201888 0.392584 0.203715 0.362352 0.185964 0.358939 0.184137 0.389171 0.92342
4 0.303236 0.244238 0.305307 0.212969 0.287761 0.209274 0.285691 0.240543 0.871791
4 0.5012 0.474568 0.502242 0.447379 0.485898 0.445386 0.484855 0.472575 0.855723
4 0.435288 0.304873 0.437441 0.275949 0.42146 0.272166 0.419307 0.30109 0.836
4 0.337737 0.556922 0.340054 0.522695 0.32048 0.518481 0.318163 0.552708 0.781134
4 0.361992 0.841664 0.363529 0.813524 0.347596 0.810756 0.346059 0.838897 0.450644
4 0.244226 0.759342 0.246434 0.728554 0.229861 0.724776 0.227654 0.755564 0.435672
4 0.168531 0.580325 0.171186 0.548235 0.153243 0.543514 0.150588 0.575605 0.339614
0 0.441529 0.44687 0.445008 0.406555 0.422558 0.400393 0.419079 0.440708 0.320814
