4 0.201908 0.392611 0.203782 0.362374 0.185956 0.358861 0.184083 0.389098 0.918159
0 0.440264 0.449116 0.442532 0.414616 0.421147 0.410145 0.418879 0.444646 0.892396
4 0.401499 0.434085 0.402888 0.4053 0.386945 0.402854 0.385557 0.43164 0.892275
4 0.303296 0.244657 0.305425 0.213443 0.287918 0.209644 0.285788 0.240859 0.874404
4 0.501357 0.474416 0.502303 0.447327 0.486053 0.445524 0.485108 0.472613 0.86184
4 0.435314 0.304792 0.437417 0.275836 0.421192 0.272087 0.419089 0.301043 0.830347
4 0.337617 0.556708 0.33991 0.522649 0.320429 0.518478 0.318136 0.552537 0.807227
4 0.361964 0.841492 0.363579 0.813636 0.347733 0.810714 0.346118 0.83857 0.478206
4 0.434897 0.395141 0.437522 0.362309 0.420238 0.357913 0.417612 0.390745 0.467398
4 0.169032 0.582761 0.171317 0.550424 0.15421 0.546579 0.151925 0.578916 0.416242
4 0.244154 0.75956 0.246481 0.728368 0.229796 0.72441 0.227469 0.755601 0.350282
4 0.201908 0.392611 0.203782 0.362374 0.185956 0.358861 0.184083 0.389098 0.918159
0 0.440264 0.449116 0.442532 0.414616 0.421147 0.410145 0.418879 0.444646 0.892396
4 0.401499 0.434085 0.402888 0.4053 0.386945 0.402854 0.385557 0.43164 0.892275
4 0.303296 0.244657 0.305425 0.213443 0.287918 0.209644 0.285788 0.240859 0.874404
4 0.501357 0.474416 0.502303 0.447327 0.486053 0.445524 0.485108 0.472613 0.86184
4 0.435314 0.304792 0.437417 0.275836 0.421192 0.272087 0.419089 0.301043 0.830347
4 0.337617 0.556708 0.33991 0.522649 0.320429 0.518478 0.318136 0.552537 0.807227
4 0.361964 0.841492 0.363579 0.813636 0.347733 0.810714 0.346118 0.83857 0.478206
4 0.434897 0.395141 0.437522 0.362309 0.420238 0.357913 0.417612 0.390745 0.467398
4 0.169032 0.582761 0.171317 0.550424 0.15421 0.546579 0.151925 0.578916 0.416242
4 0.244154 0.75956 0.246481 0.728368 0.229796 0.72441 0.227469 0.755601 0.350282
