0 0.27784 0.401275 0.280487 0.365694 0.259963 0.36084 0.257317 0.396421 0.902733
4 0.3912 0.546654 0.392548 0.519508 0.37557 0.516828 0.374222 0.543974 0.874899
4 0.398455 0.36062 0.399738 0.33122 0.383612 0.328981 0.382329 0.358382 0.706251
4 0.419246 0.704774 0.420845 0.674337 0.403006 0.671357 0.401407 0.701794 0.703061
4 0.338336 0.576298 0.340201 0.547748 0.323914 0.544365 0.322049 0.572914 0.68138
4 0.268486 0.371012 0.270214 0.344027 0.253049 0.340532 0.251322 0.367517 0.645144
4 0.481989 0.636925 0.484327 0.605073 0.466669 0.60095 0.464331 0.632802 0.577501
0 0.27784 0.401275 0.280487 0.365694 0.259963 0.36084 0.257317 0.396421 0.902733
4 0.3912 0.546654 0.392548 0.519508 0.37557 0.516828 0.374222 0.543974 0.874899
4 0.398455 0.36062 0.399738 0.33122 0.383612 0.328981 0.382329 0.358382 0.706251
4 0.419246 0.704774 0.420845 0.674337 0.403006 0.671357 0.401407 0.701794 0.703061
4 0.338336 0.576298 0.340201 0.547748 0.323914 0.544365 0.322049 0.572914 0.68138
4 0.268486 0.371012 0.270214 0.344027 0.253049 0.340532 0.251322 0.367517 0.645144
4 0.481989 0.636925 0.484327 0.605073 0.466669 0.60095 0.464331 0.632802 0.577501
