4 0.391462 0.546518 0.392752 0.519224 0.375669 0.516655 0.374378 0.543949 0.869609
4 0.419393 0.704627 0.420963 0.673879 0.403232 0.671 0.401662 0.701747 0.718995
4 0.338405 0.575676 0.340147 0.547701 0.32412 0.544528 0.322378 0.572503 0.707931
4 0.398622 0.360518 0.399842 0.33094 0.383701 0.328823 0.382481 0.358401 0.684458
0 0.255794 0.342443 0.255812 0.303852 0.234472 0.30382 0.234454 0.342411 0.588474
4 0.48192 0.637224 0.484419 0.604652 0.466566 0.600296 0.464067 0.632868 0.543929
4 0.391462 0.546518 0.392752 0.519224 0.375669 0.516655 0.374378 0.543949 0.869609
4 0.419393 0.704627 0.420963 0.673879 0.403232 0.671 0.401662 0.701747 0.718995
4 0.338405 0.575676 0.340147 0.547701 0.32412 0.544528 0.322378 0.572503 0.707931
4 0.398622 0.360518 0.399842 0.33094 0.383701 0.328823 0.382481 0.358401 0.684458
0 0.255794 0.342443 0.255812 0.303852 0.234472 0.30382 0.234454 0.342411 0.588474
4 0.48192 0.637224 0.484419 0.604652 0.466566 0.600296 0.464067 0.632868 0.543929
