4 0.201894 0.392806 0.203777 0.362523 0.185945 0.358999 0.184063 0.389281 0.920618
4 0.30329 0.244792 0.305468 0.213219 0.287866 0.209356 0.285687 0.240929 0.871485
4 0.501078 0.474456 0.502042 0.44748 0.485868 0.44564 0.484903 0.472616 0.854907
4 0.435169 0.304778 0.437302 0.275804 0.421361 0.272073 0.419229 0.301047 0.843078
4 0.439193 0.70827 0.441086 0.678656 0.423696 0.67512 0.421803 0.704735 0.732925
0 0.423096 0.681514 0.426993 0.644612 0.407063 0.637918 0.403166 0.674819 0.696247
4 0.430441 0.609052 0.431227 0.580361 0.415238 0.578968 0.414452 0.607659 0.460699
4 0.36203 0.841572 0.363541 0.813501 0.347702 0.810791 0.346192 0.838862 0.45641
4 0.24423 0.759561 0.246596 0.728117 0.229801 0.724099 0.227436 0.755543 0.401436
4 0.168588 0.580385 0.171136 0.548482 0.15312 0.543904 0.150571 0.575807 0.360757
4 0.201894 0.392806 0.203777 0.362523 0.185945 0.358999 0.184063 0.389281 0.920618
4 0.30329 0.244792 0.305468 0.213219 0.287866 0.209356 0.285687 0.240929 0.871485
4 0.501078 0.474456 0.502042 0.44748 0.485868 0.44564 0.484903 0.472616 0.854907
4 0.435169 0.304778 0.437302 0.275804 0.421361 0.272073 0.419229 0.301047 0.843078
4 0.439193 0.70827 0.441086 0.678656 0.423696 0.67512 0.421803 0.704735 0.732925
0 0.423096 0.681514 0.426993 0.644612 0.407063 0.637918 0.403166 0.674819 0.696247
4 0.430441 0.609052 0.431227 0.580361 0.415238 0.578968 0.414452 0.607659 0.460699
4 0.36203 0.841572 0.363541 0.813501 0.347702 0.810791 0.346192 0.838862 0.45641
4 0.24423 0.759561 0.246596 0.728117 0.229801 0.724099 0.227436 0.755543 0.401436
4 0.168588 0.580385 0.171136 0.548482 0.15312 0.543904 0.150571 0.575807 0.360757
