4 0.337613 0.471671 0.339443 0.443275 0.323436 0.439996 0.321606 0.468391 0.887092
4 0.35844 0.446662 0.360051 0.419402 0.344844 0.416545 0.343233 0.443804 0.790613
4 0.36788 0.56388 0.369553 0.53697 0.35237 0.533572 0.350697 0.560482 0.753474
4 0.398609 0.360722 0.399881 0.331171 0.383652 0.328948 0.382379 0.358499 0.665237
4 0.380939 0.657658 0.38284 0.625401 0.364228 0.621913 0.362327 0.65417 0.554326
0 0.362844 0.535312 0.365427 0.495708 0.34476 0.491422 0.342177 0.531025 0.546877
4 0.342047 0.581845 0.343973 0.552793 0.327533 0.549326 0.325607 0.578378 0.528602
4 0.385166 0.552258 0.388606 0.518617 0.368734 0.512153 0.365293 0.545794 0.49878
4 0.337613 0.471671 0.339443 0.443275 0.323436 0.439996 0.321606 0.468391 0.887092
4 0.35844 0.446662 0.360051 0.419402 0.344844 0.416545 0.343233 0.443804 0.790613
4 0.36788 0.56388 0.369553 0.53697 0.35237 0.533572 0.350697 0.560482 0.753474
4 0.398609 0.360722 0.399881 0.331171 0.383652 0.328948 0.382379 0.358499 0.665237
4 0.380939 0.657658 0.38284 0.625401 0.364228 0.621913 0.362327 0.65417 0.554326
0 0.362844 0.535312 0.365427 0.495708 0.34476 0.491422 0.342177 0.531025 0.546877
4 0.342047 0.581845 0.343973 0.552793 0.327533 0.549326 0.325607 0.578378 0.528602
4 0.385166 0.552258 0.388606 0.518617 0.368734 0.512153 0.365293 0.545794 0.49878
