4 0.391247 0.546462 0.392486 0.519353 0.375713 0.516915 0.374474 0.544024 0.879954
0 0.273036 0.342883 0.277012 0.301779 0.255857 0.295271 0.251881 0.336375 0.871139
4 0.242549 0.308116 0.244861 0.277598 0.227445 0.273402 0.225133 0.30392 0.832814
4 0.398549 0.360559 0.399749 0.331593 0.383767 0.329488 0.382567 0.358454 0.744693
4 0.419435 0.704609 0.420988 0.674323 0.403204 0.671422 0.401651 0.701709 0.706268
4 0.338431 0.575965 0.340323 0.548186 0.324415 0.54474 0.322523 0.572519 0.681787
4 0.481959 0.637282 0.484537 0.604939 0.466804 0.600445 0.464227 0.632788 0.590421
4 0.476655 0.624913 0.478313 0.590253 0.461016 0.587621 0.459358 0.622281 0.515334
4 0.391247 0.546462 0.392486 0.519353 0.375713 0.516915 0.374474 0.544024 0.879954
0 0.273036 0.342883 0.277012 0.301779 0.255857 0.295271 0.251881 0.336375 0.871139
4 0.242549 0.308116 0.244861 0.277598 0.227445 0.273402 0.225133 0.30392 0.832814
4 0.398549 0.360559 0.399749 0.331593 0.383767 0.329488 0.382567 0.358454 0.744693
4 0.419435 0.704609 0.420988 0.674323 0.403204 0.671422 0.401651 0.701709 0.706268
4 0.338431 0.575965 0.340323 0.548186 0.324415 0.54474 0.322523 0.572519 0.681787
4 0.481959 0.637282 0.484537 0.604939 0.466804 0.600445 0.464227 0.632788 0.590421
4 0.476655 0.624913 0.478313 0.590253 0.461016 0.587621 0.459358 0.622281 0.515334
