4 0.201776 0.392747 0.203776 0.362539 0.186105 0.358819 0.184105 0.389027 0.921686
4 0.402193 0.433741 0.404714 0.405107 0.387807 0.400374 0.385286 0.429008 0.91588
4 0.303287 0.245332 0.305641 0.213384 0.287929 0.209233 0.285575 0.241181 0.876988
4 0.501169 0.474762 0.502234 0.447566 0.485834 0.445524 0.484769 0.47272 0.861234
4 0.43528 0.304582 0.437472 0.275744 0.421434 0.271866 0.419241 0.300703 0.839327
4 0.33782 0.556977 0.340176 0.522495 0.320469 0.518213 0.318114 0.552695 0.802874
0 0.442378 0.44806 0.445954 0.412431 0.427883 0.406663 0.424308 0.442293 0.663345
4 0.362013 0.841564 0.363571 0.81359 0.34773 0.810785 0.346172 0.838759 0.488386
4 0.24413 0.759549 0.246534 0.728143 0.229639 0.72403 0.227234 0.755436 0.381344
4 0.16855 0.580396 0.171089 0.548677 0.153104 0.544099 0.150566 0.575818 0.339457
4 0.201776 0.392747 0.203776 0.362539 0.186105 0.358819 0.184105 0.389027 0.921686
4 0.402193 0.433741 0.404714 0.405107 0.387807 0.400374 0.385286 0.429008 0.91588
4 0.303287 0.245332 0.305641 0.213384 0.287929 0.209233 0.285575 0.241181 0.876988
4 0.501169 0.474762 0.502234 0.447566 0.485834 0.445524 0.484769 0.47272 0.861234
4 0.43528 0.304582 0.437472 0.275744 0.421434 0.271866 0.419241 0.300703 0.839327
4 0.33782 0.556977 0.340176 0.522495 0.320469 0.518213 0.318114 0.552695 0.802874
0 0.442378 0.44806 0.445954 0.412431 0.427883 0.406663 0.424308 0.442293 0.663345
4 0.362013 0.841564 0.363571 0.81359 0.34773 0.810785 0.346172 0.838759 0.488386
4 0.24413 0.759549 0.246534 0.728143 0.229639 0.72403 0.227234 0.755436 0.381344
4 0.16855 0.580396 0.171089 0.548677 0.153104 0.544099 0.150566 0.575818 0.339457
