4 0.36716 0.565245 0.367978 0.536964 0.351223 0.535423 0.350405 0.563704 0.932778
4 0.337228 0.471483 0.339253 0.443447 0.323409 0.439808 0.321385 0.467843 0.893693
4 0.358521 0.446429 0.360067 0.419335 0.34484 0.416573 0.343295 0.443667 0.797678
4 0.398589 0.360416 0.399934 0.330761 0.383726 0.328423 0.382381 0.358078 0.670478
4 0.342755 0.580742 0.343943 0.551136 0.327376 0.549021 0.326188 0.578627 0.601792
4 0.477549 0.631753 0.479054 0.595713 0.460994 0.593316 0.45949 0.629355 0.576942
0 0.45579 0.625046 0.459548 0.586016 0.43816 0.579466 0.434402 0.618496 0.444937
4 0.373103 0.650189 0.375544 0.614733 0.358062 0.610907 0.355622 0.646362 0.418339
1 0.377683 0.695999 0.381005 0.658635 0.357179 0.651899 0.353857 0.689264 0.25862
4 0.36716 0.565245 0.367978 0.536964 0.351223 0.535423 0.350405 0.563704 0.932778
4 0.337228 0.471483 0.339253 0.443447 0.323409 0.439808 0.321385 0.467843 0.893693
4 0.358521 0.446429 0.360067 0.419335 0.34484 0.416573 0.343295 0.443667 0.797678
4 0.398589 0.360416 0.399934 0.330761 0.383726 0.328423 0.382381 0.358078 0.670478
4 0.342755 0.580742 0.343943 0.551136 0.327376 0.549021 0.326188 0.578627 0.601792
4 0.477549 0.631753 0.479054 0.595713 0.460994 0.593316 0.45949 0.629355 0.576942
0 0.45579 0.625046 0.459548 0.586016 0.43816 0.579466 0.434402 0.618496 0.444937
4 0.373103 0.650189 0.375544 0.614733 0.358062 0.610907 0.355622 0.646362 0.418339
1 0.377683 0.695999 0.381005 0.658635 0.357179 0.651899 0.353857 0.689264 0.25862
