4 0.367238 0.565238 0.368035 0.536774 0.351132 0.535268 0.350334 0.563732 0.934465
4 0.337302 0.471587 0.339331 0.442831 0.323394 0.439254 0.321365 0.46801 0.891717
4 0.35827 0.446319 0.359939 0.418986 0.344743 0.416037 0.343075 0.443369 0.77553
4 0.397532 0.36039 0.399439 0.329809 0.382812 0.326511 0.380905 0.357092 0.655113
4 0.34262 0.58113 0.34392 0.551289 0.327263 0.54898 0.325962 0.578821 0.593904
4 0.477681 0.630319 0.479113 0.596003 0.461913 0.59372 0.460481 0.628036 0.578281
0 0.455595 0.626003 0.459527 0.586956 0.438487 0.58022 0.434556 0.619267 0.526039
1 0.373708 0.679565 0.37699 0.63763 0.351418 0.631265 0.348136 0.6732 0.408477
4 0.372451 0.645875 0.374435 0.611221 0.357122 0.608069 0.355138 0.642724 0.373914
4 0.367238 0.565238 0.368035 0.536774 0.351132 0.535268 0.350334 0.563732 0.934465
4 0.337302 0.471587 0.339331 0.442831 0.323394 0.439254 0.321365 0.46801 0.891717
4 0.35827 0.446319 0.359939 0.418986 0.344743 0.416037 0.343075 0.443369 0.77553
4 0.397532 0.36039 0.399439 0.329809 0.382812 0.326511 0.380905 0.357092 0.655113
4 0.34262 0.58113 0.34392 0.551289 0.327263 0.54898 0.325962 0.578821 0.593904
4 0.477681 0.630319 0.479113 0.596003 0.461913 0.59372 0.460481 0.628036 0.578281
0 0.455595 0.626003 0.459527 0.586956 0.438487 0.58022 0.434556 0.619267 0.526039
1 0.373708 0.679565 0.37699 0.63763 0.351418 0.631265 0.348136 0.6732 0.408477
4 0.372451 0.645875 0.374435 0.611221 0.357122 0.608069 0.355138 0.642724 0.373914
