0 0.248755 0.334489 0.249853 0.296782 0.228143 0.294773 0.227046 0.332479 0.889343
4 0.391179 0.546622 0.392403 0.519329 0.375544 0.516926 0.374321 0.544219 0.877761
4 0.419387 0.704193 0.420885 0.673922 0.403084 0.67112 0.401586 0.701391 0.703599
4 0.398479 0.36037 0.399696 0.331417 0.383844 0.329299 0.382627 0.358251 0.69555
4 0.338294 0.575795 0.340098 0.548044 0.324138 0.544746 0.322334 0.572496 0.690363
4 0.481957 0.637111 0.48448 0.604844 0.466825 0.600454 0.464302 0.63272 0.613107
4 0.242501 0.309322 0.245571 0.277649 0.228686 0.272445 0.225616 0.304118 0.385604
0 0.248755 0.334489 0.249853 0.296782 0.228143 0.294773 0.227046 0.332479 0.889343
4 0.391179 0.546622 0.392403 0.519329 0.375544 0.516926 0.374321 0.544219 0.877761
4 0.419387 0.704193 0.420885 0.673922 0.403084 0.67112 0.401586 0.701391 0.703599
4 0.398479 0.36037 0.399696 0.331417 0.383844 0.329299 0.382627 0.358251 0.69555
4 0.338294 0.575795 0.340098 0.548044 0.324138 0.544746 0.322334 0.572496 0.690363
4 0.481957 0.637111 0.48448 0.604844 0.466825 0.600454 0.464302 0.63272 0.613107
4 0.242501 0.309322 0.245571 0.277649 0.228686 0.272445 0.225616 0.304118 0.385604
