4 0.201702 0.392714 0.203553 0.362608 0.185943 0.359165 0.184092 0.389271 0.924863
4 0.402129 0.433729 0.404565 0.40498 0.387716 0.400439 0.38528 0.429188 0.919772
4 0.303288 0.244397 0.305393 0.213365 0.288012 0.209614 0.285907 0.240646 0.871822
4 0.501285 0.474624 0.502275 0.44756 0.485949 0.445661 0.484959 0.472725 0.869568
4 0.435313 0.304572 0.437466 0.275714 0.421434 0.271911 0.419282 0.300769 0.847003
4 0.337645 0.556874 0.339992 0.522608 0.320354 0.518331 0.318008 0.552598 0.802191
0 0.443919 0.439864 0.446145 0.403915 0.428113 0.400364 0.425887 0.436313 0.619117
4 0.361917 0.841529 0.363508 0.8136 0.347688 0.810735 0.346098 0.838664 0.490327
4 0.244278 0.759416 0.246553 0.728185 0.229717 0.724286 0.227443 0.755517 0.422933
4 0.168974 0.583076 0.171349 0.550397 0.154109 0.546412 0.151734 0.579091 0.366391
4 0.201702 0.392714 0.203553 0.362608 0.185943 0.359165 0.184092 0.389271 0.924863
4 0.402129 0.433729 0.404565 0.40498 0.387716 0.400439 0.38528 0.429188 0.919772
4 0.303288 0.244397 0.305393 0.213365 0.288012 0.209614 0.285907 0.240646 0.871822
4 0.501285 0.474624 0.502275 0.44756 0.485949 0.445661 0.484959 0.472725 0.869568
4 0.435313 0.304572 0.437466 0.275714 0.421434 0.271911 0.419282 0.300769 0.847003
4 0.337645 0.556874 0.339992 0.522608 0.320354 0.518331 0.318008 0.552598 0.802191
0 0.443919 0.439864 0.446145 0.403915 0.428113 0.400364 0.425887 0.436313 0.619117
4 0.361917 0.841529 0.363508 0.8136 0.347688 0.810735 0.346098 0.838664 0.490327
4 0.244278 0.759416 0.246553 0.728185 0.229717 0.724286 0.227443 0.755517 0.422933
4 0.168974 0.583076 0.171349 0.550397 0.154109 0.546412 0.151734 0.579091 0.366391
