4 0.337355 0.471832 0.339547 0.443229 0.32355 0.439329 0.321358 0.467932 0.905682
4 0.367176 0.563859 0.367696 0.536345 0.351183 0.535352 0.350662 0.562865 0.867741
4 0.358518 0.446651 0.360201 0.418785 0.344732 0.415815 0.34305 0.443681 0.790936
4 0.477843 0.623622 0.479064 0.591892 0.461898 0.589791 0.460677 0.621521 0.733184
4 0.398585 0.360357 0.399835 0.330945 0.38373 0.328769 0.38248 0.35818 0.677419
4 0.371414 0.616474 0.374363 0.588687 0.358038 0.583176 0.355088 0.610962 0.536952
4 0.38124 0.658958 0.383639 0.628495 0.367753 0.624516 0.365354 0.654979 0.536925
4 0.484614 0.635627 0.487123 0.60614 0.470026 0.601514 0.467517 0.631001 0.421883
4 0.342995 0.580382 0.344024 0.55051 0.327528 0.548702 0.326499 0.578575 0.40286
0 0.462425 0.630034 0.465761 0.591737 0.445671 0.586172 0.442335 0.624469 0.27428
4 0.337355 0.471832 0.339547 0.443229 0.32355 0.439329 0.321358 0.467932 0.905682
4 0.367176 0.563859 0.367696 0.536345 0.351183 0.535352 0.350662 0.562865 0.867741
4 0.358518 0.446651 0.360201 0.418785 0.344732 0.415815 0.34305 0.443681 0.790936
4 0.477843 0.623622 0.479064 0.591892 0.461898 0.589791 0.460677 0.621521 0.733184
4 0.398585 0.360357 0.399835 0.330945 0.38373 0.328769 0.38248 0.35818 0.677419
4 0.371414 0.616474 0.374363 0.588687 0.358038 0.583176 0.355088 0.610962 0.536952
4 0.38124 0.658958 0.383639 0.628495 0.367753 0.624516 0.365354 0.654979 0.536925
4 0.484614 0.635627 0.487123 0.60614 0.470026 0.601514 0.467517 0.631001 0.421883
4 0.342995 0.580382 0.344024 0.55051 0.327528 0.548702 0.326499 0.578575 0.40286
0 0.462425 0.630034 0.465761 0.591737 0.445671 0.586172 0.442335 0.624469 0.27428
