4 0.201777 0.39269 0.20361 0.362523 0.185889 0.359097 0.184056 0.389264 0.921763
4 0.303297 0.244801 0.30548 0.213146 0.287805 0.20927 0.285622 0.240925 0.870065
4 0.501109 0.474507 0.502066 0.447488 0.485876 0.445664 0.484918 0.472683 0.855407
4 0.435179 0.304799 0.437316 0.275819 0.42138 0.272082 0.419243 0.301061 0.843434
4 0.439159 0.708341 0.441063 0.678659 0.423616 0.6751 0.421712 0.704782 0.73412
0 0.423151 0.681627 0.427088 0.64466 0.407093 0.637887 0.403155 0.674854 0.706075
4 0.430234 0.609136 0.43097 0.580619 0.415146 0.57932 0.41441 0.607836 0.509461
4 0.362058 0.841462 0.363484 0.813481 0.347697 0.810922 0.346271 0.838902 0.458885
4 0.244068 0.759383 0.246479 0.72806 0.229729 0.723959 0.227318 0.755282 0.383928
4 0.168577 0.580434 0.171142 0.548495 0.153074 0.543881 0.15051 0.57582 0.3625
4 0.201777 0.39269 0.20361 0.362523 0.185889 0.359097 0.184056 0.389264 0.921763
4 0.303297 0.244801 0.30548 0.213146 0.287805 0.20927 0.285622 0.240925 0.870065
4 0.501109 0.474507 0.502066 0.447488 0.485876 0.445664 0.484918 0.472683 0.855407
4 0.435179 0.304799 0.437316 0.275819 0.42138 0.272082 0.419243 0.301061 0.843434
4 0.439159 0.708341 0.441063 0.678659 0.423616 0.6751 0.421712 0.704782 0.73412
0 0.423151 0.681627 0.427088 0.64466 0.407093 0.637887 0.403155 0.674854 0.706075
4 0.430234 0.609136 0.43097 0.580619 0.415146 0.57932 0.41441 0.607836 0.509461
4 0.362058 0.841462 0.363484 0.813481 0.347697 0.810922 0.346271 0.838902 0.458885
4 0.244068 0.759383 0.246479 0.72806 0.229729 0.723959 0.227318 0.755282 0.383928
4 0.168577 0.580434 0.171142 0.548495 0.153074 0.543881 0.15051 0.57582 0.3625
