4 0.33726 0.471588 0.339431 0.443088 0.323542 0.43924 0.321371 0.467739 0.899987
4 0.367212 0.564182 0.367746 0.536569 0.351217 0.535554 0.350683 0.563166 0.863083
4 0.35829 0.446548 0.359975 0.419284 0.344777 0.416296 0.343091 0.443561 0.799037
4 0.477852 0.623636 0.479124 0.591825 0.462435 0.589702 0.461163 0.621513 0.755039
4 0.398671 0.360363 0.399927 0.331002 0.383823 0.328812 0.382568 0.358173 0.661662
4 0.381126 0.659273 0.383509 0.629005 0.367644 0.625032 0.365261 0.6553 0.577939
4 0.371218 0.616633 0.374149 0.588839 0.3578 0.583355 0.354869 0.611149 0.525415
4 0.342818 0.580127 0.343917 0.550251 0.327485 0.548328 0.326386 0.578204 0.397289
4 0.483561 0.634783 0.485899 0.605359 0.469402 0.601189 0.467064 0.630614 0.271616
4 0.33726 0.471588 0.339431 0.443088 0.323542 0.43924 0.321371 0.467739 0.899987
4 0.367212 0.564182 0.367746 0.536569 0.351217 0.535554 0.350683 0.563166 0.863083
4 0.35829 0.446548 0.359975 0.419284 0.344777 0.416296 0.343091 0.443561 0.799037
4 0.477852 0.623636 0.479124 0.591825 0.462435 0.589702 0.461163 0.621513 0.755039
4 0.398671 0.360363 0.399927 0.331002 0.383823 0.328812 0.382568 0.358173 0.661662
4 0.381126 0.659273 0.383509 0.629005 0.367644 0.625032 0.365261 0.6553 0.577939
4 0.371218 0.616633 0.374149 0.588839 0.3578 0.583355 0.354869 0.611149 0.525415
4 0.342818 0.580127 0.343917 0.550251 0.327485 0.548328 0.326386 0.578204 0.397289
4 0.483561 0.634783 0.485899 0.605359 0.469402 0.601189 0.467064 0.630614 0.271616
