4 0.201593 0.392844 0.203453 0.362553 0.185812 0.359109 0.183953 0.3894 0.918541
4 0.4019 0.433323 0.404019 0.40464 0.387397 0.400734 0.385278 0.429418 0.90056
4 0.435407 0.304961 0.437572 0.275611 0.421305 0.271796 0.419141 0.301146 0.881268
4 0.303176 0.244976 0.305385 0.213081 0.287513 0.209145 0.285304 0.24104 0.863378
4 0.501166 0.474778 0.502341 0.447458 0.48592 0.445211 0.484745 0.472531 0.835246
4 0.337872 0.556962 0.340079 0.522507 0.32035 0.518488 0.318143 0.552942 0.803201
0 0.44206 0.441022 0.444564 0.40622 0.426284 0.402037 0.42378 0.436839 0.70393
4 0.361978 0.841642 0.363789 0.813697 0.34785 0.810412 0.346039 0.838357 0.489979
4 0.24416 0.759643 0.246728 0.727515 0.229517 0.723139 0.226948 0.755266 0.40451
4 0.169263 0.583666 0.171952 0.550503 0.154125 0.545905 0.151435 0.579067 0.340096
4 0.169141 0.174863 0.170474 0.140152 0.14845 0.137461 0.147116 0.172172 0.313262
4 0.252144 0.264657 0.25467 0.222493 0.230485 0.217885 0.227959 0.260049 0.276288
4 0.201593 0.392844 0.203453 0.362553 0.185812 0.359109 0.183953 0.3894 0.918541
4 0.4019 0.433323 0.404019 0.40464 0.387397 0.400734 0.385278 0.429418 0.90056
4 0.435407 0.304961 0.437572 0.275611 0.421305 0.271796 0.419141 0.301146 0.881268
4 0.303176 0.244976 0.305385 0.213081 0.287513 0.209145 0.285304 0.24104 0.863378
4 0.501166 0.474778 0.502341 0.447458 0.48592 0.445211 0.484745 0.472531 0.835246
4 0.337872 0.556962 0.340079 0.522507 0.32035 0.518488 0.318143 0.552942 0.803201
0 0.44206 0.441022 0.444564 0.40622 0.426284 0.402037 0.42378 0.436839 0.70393
4 0.361978 0.841642 0.363789 0.813697 0.34785 0.810412 0.346039 0.838357 0.489979
4 0.24416 0.759643 0.246728 0.727515 0.229517 0.723139 0.226948 0.755266 0.40451
4 0.169263 0.583666 0.171952 0.550503 0.154125 0.545905 0.151435 0.579067 0.340096
4 0.169141 0.174863 0.170474 0.140152 0.14845 0.137461 0.147116 0.172172 0.313262
4 0.252144 0.264657 0.25467 0.222493 0.230485 0.217885 0.227959 0.260049 0.276288
