0 0.290067 0.345457 0.294624 0.306621 0.27357 0.298764 0.269012 0.3376 0.942519
4 0.391156 0.546382 0.392446 0.519216 0.37555 0.516665 0.37426 0.54383 0.872789
4 0.242784 0.308344 0.245307 0.276528 0.227885 0.272133 0.225362 0.30395 0.802081
4 0.419377 0.704137 0.420782 0.673817 0.403075 0.671207 0.40167 0.701527 0.728416
4 0.398467 0.360555 0.399733 0.33115 0.383638 0.328946 0.382372 0.358351 0.680447
4 0.338321 0.576103 0.34033 0.547563 0.323997 0.543906 0.321988 0.572446 0.673493
4 0.482006 0.637188 0.484489 0.604882 0.466783 0.600555 0.464301 0.63286 0.596009
0 0.290067 0.345457 0.294624 0.306621 0.27357 0.298764 0.269012 0.3376 0.942519
4 0.391156 0.546382 0.392446 0.519216 0.37555 0.516665 0.37426 0.54383 0.872789
4 0.242784 0.308344 0.245307 0.276528 0.227885 0.272133 0.225362 0.30395 0.802081
4 0.419377 0.704137 0.420782 0.673817 0.403075 0.671207 0.40167 0.701527 0.728416
4 0.398467 0.360555 0.399733 0.33115 0.383638 0.328946 0.382372 0.358351 0.680447
4 0.338321 0.576103 0.34033 0.547563 0.323997 0.543906 0.321988 0.572446 0.673493
4 0.482006 0.637188 0.484489 0.604882 0.466783 0.600555 0.464301 0.63286 0.596009
