0 0.265926 0.341441 0.270326 0.301801 0.249817 0.294562 0.245418 0.334201 0.920585
4 0.391284 0.546499 0.392495 0.519435 0.375694 0.517045 0.374483 0.544109 0.888158
4 0.242073 0.307858 0.244315 0.277926 0.22754 0.273931 0.225298 0.303863 0.843343
4 0.398611 0.360493 0.399766 0.331511 0.383763 0.329483 0.382609 0.358465 0.727082
4 0.419458 0.704317 0.420945 0.67418 0.403243 0.671403 0.401757 0.70154 0.699716
4 0.338436 0.575885 0.340239 0.548059 0.324359 0.544788 0.322557 0.572614 0.691401
4 0.481952 0.637366 0.484548 0.604973 0.466869 0.600467 0.464273 0.63286 0.545519
0 0.265926 0.341441 0.270326 0.301801 0.249817 0.294562 0.245418 0.334201 0.920585
4 0.391284 0.546499 0.392495 0.519435 0.375694 0.517045 0.374483 0.544109 0.888158
4 0.242073 0.307858 0.244315 0.277926 0.22754 0.273931 0.225298 0.303863 0.843343
4 0.398611 0.360493 0.399766 0.331511 0.383763 0.329483 0.382609 0.358465 0.727082
4 0.419458 0.704317 0.420945 0.67418 0.403243 0.671403 0.401757 0.70154 0.699716
4 0.338436 0.575885 0.340239 0.548059 0.324359 0.544788 0.322557 0.572614 0.691401
4 0.481952 0.637366 0.484548 0.604973 0.466869 0.600467 0.464273 0.63286 0.545519
