4 0.201752 0.39259 0.203634 0.36246 0.185926 0.35894 0.184044 0.389071 0.926038
4 0.303078 0.244732 0.305207 0.213228 0.287778 0.209483 0.28565 0.240987 0.86854
4 0.501142 0.474596 0.502137 0.447571 0.485875 0.445667 0.48488 0.472692 0.857502
4 0.435163 0.304835 0.437289 0.275702 0.421359 0.272003 0.419232 0.301137 0.841392
4 0.439013 0.708102 0.440988 0.678587 0.423637 0.674895 0.421662 0.704411 0.735752
0 0.423112 0.681721 0.427103 0.644783 0.407083 0.637904 0.403092 0.674842 0.692141
4 0.361921 0.841543 0.363564 0.813507 0.347734 0.810556 0.346091 0.838592 0.474814
4 0.430485 0.608811 0.431229 0.580182 0.415386 0.578872 0.414641 0.6075 0.469055
4 0.244251 0.759546 0.246532 0.728195 0.229676 0.724296 0.227396 0.755647 0.409871
4 0.168608 0.580373 0.171204 0.548183 0.153078 0.543533 0.150482 0.575723 0.345924
4 0.201752 0.39259 0.203634 0.36246 0.185926 0.35894 0.184044 0.389071 0.926038
4 0.303078 0.244732 0.305207 0.213228 0.287778 0.209483 0.28565 0.240987 0.86854
4 0.501142 0.474596 0.502137 0.447571 0.485875 0.445667 0.48488 0.472692 0.857502
4 0.435163 0.304835 0.437289 0.275702 0.421359 0.272003 0.419232 0.301137 0.841392
4 0.439013 0.708102 0.440988 0.678587 0.423637 0.674895 0.421662 0.704411 0.735752
0 0.423112 0.681721 0.427103 0.644783 0.407083 0.637904 0.403092 0.674842 0.692141
4 0.361921 0.841543 0.363564 0.813507 0.347734 0.810556 0.346091 0.838592 0.474814
4 0.430485 0.608811 0.431229 0.580182 0.415386 0.578872 0.414641 0.6075 0.469055
4 0.244251 0.759546 0.246532 0.728195 0.229676 0.724296 0.227396 0.755647 0.409871
4 0.168608 0.580373 0.171204 0.548183 0.153078 0.543533 0.150482 0.575723 0.345924
