4 0.201676 0.392499 0.203488 0.362269 0.18571 0.35888 0.183898 0.38911 0.920507
4 0.30309 0.2447 0.305291 0.213255 0.2879 0.209384 0.285699 0.240829 0.87654
4 0.501337 0.474493 0.502311 0.447381 0.485894 0.445505 0.48492 0.472618 0.874393
4 0.435235 0.304694 0.437378 0.275811 0.421402 0.27204 0.419258 0.300923 0.852893
4 0.402155 0.432908 0.403159 0.403788 0.387497 0.402072 0.386493 0.431192 0.829353
4 0.337489 0.556879 0.339895 0.52268 0.32045 0.518329 0.318043 0.552528 0.793179
0 0.44597 0.439064 0.447281 0.403045 0.428429 0.400864 0.427119 0.436883 0.665665
4 0.361997 0.841488 0.363497 0.81364 0.347753 0.810942 0.346253 0.83879 0.506305
4 0.168961 0.583071 0.17143 0.550505 0.154306 0.546377 0.151837 0.578942 0.370976
4 0.244207 0.759629 0.246574 0.728388 0.22984 0.724357 0.227474 0.755598 0.329097
4 0.201676 0.392499 0.203488 0.362269 0.18571 0.35888 0.183898 0.38911 0.920507
4 0.30309 0.2447 0.305291 0.213255 0.2879 0.209384 0.285699 0.240829 0.87654
4 0.501337 0.474493 0.502311 0.447381 0.485894 0.445505 0.48492 0.472618 0.874393
4 0.435235 0.304694 0.437378 0.275811 0.421402 0.27204 0.419258 0.300923 0.852893
4 0.402155 0.432908 0.403159 0.403788 0.387497 0.402072 0.386493 0.431192 0.829353
4 0.337489 0.556879 0.339895 0.52268 0.32045 0.518329 0.318043 0.552528 0.793179
0 0.44597 0.439064 0.447281 0.403045 0.428429 0.400864 0.427119 0.436883 0.665665
4 0.361997 0.841488 0.363497 0.81364 0.347753 0.810942 0.346253 0.83879 0.506305
4 0.168961 0.583071 0.17143 0.550505 0.154306 0.546377 0.151837 0.578942 0.370976
4 0.244207 0.759629 0.246574 0.728388 0.22984 0.724357 0.227474 0.755598 0.329097
