4 0.361279 0.497877 0.362698 0.469467 0.346363 0.466871 0.344944 0.495282 0.948153
0 0.40347 0.678366 0.407575 0.640768 0.38886 0.63427 0.384755 0.671867 0.738933
4 0.425941 0.682727 0.428289 0.65467 0.411025 0.650077 0.408678 0.678134 0.600838
4 0.331215 0.498123 0.333398 0.458078 0.310542 0.454114 0.308358 0.494159 0.533259
4 0.33665 0.473543 0.337597 0.444095 0.321244 0.442422 0.320296 0.47187 0.427434
4 0.341279 0.585136 0.344792 0.553509 0.327578 0.547429 0.324066 0.579055 0.362156
4 0.361279 0.497877 0.362698 0.469467 0.346363 0.466871 0.344944 0.495282 0.948153
0 0.40347 0.678366 0.407575 0.640768 0.38886 0.63427 0.384755 0.671867 0.738933
4 0.425941 0.682727 0.428289 0.65467 0.411025 0.650077 0.408678 0.678134 0.600838
4 0.331215 0.498123 0.333398 0.458078 0.310542 0.454114 0.308358 0.494159 0.533259
4 0.33665 0.473543 0.337597 0.444095 0.321244 0.442422 0.320296 0.47187 0.427434
4 0.341279 0.585136 0.344792 0.553509 0.327578 0.547429 0.324066 0.579055 0.362156
