4 0.201884 0.392819 0.203758 0.362628 0.185935 0.359109 0.18406 0.3893 0.925857
4 0.303085 0.244863 0.305229 0.213171 0.287581 0.209373 0.285436 0.241065 0.874442
4 0.501128 0.474663 0.502109 0.447577 0.485883 0.445708 0.484902 0.472794 0.864936
4 0.435171 0.304871 0.43729 0.275708 0.421318 0.272017 0.419198 0.30118 0.849306
4 0.439015 0.708461 0.441008 0.678691 0.423522 0.674968 0.421529 0.704738 0.739392
0 0.423334 0.681553 0.427268 0.644545 0.407041 0.637707 0.403107 0.674715 0.716703
4 0.430123 0.60885 0.430811 0.58013 0.414767 0.578906 0.414078 0.607626 0.483003
4 0.362038 0.841502 0.363501 0.813559 0.347611 0.810913 0.346147 0.838856 0.47667
4 0.244054 0.759329 0.246449 0.728118 0.229563 0.723997 0.227168 0.755207 0.370647
4 0.169011 0.582872 0.171355 0.550235 0.154264 0.546332 0.15192 0.578969 0.356879
4 0.201884 0.392819 0.203758 0.362628 0.185935 0.359109 0.18406 0.3893 0.925857
4 0.303085 0.244863 0.305229 0.213171 0.287581 0.209373 0.285436 0.241065 0.874442
4 0.501128 0.474663 0.502109 0.447577 0.485883 0.445708 0.484902 0.472794 0.864936
4 0.435171 0.304871 0.43729 0.275708 0.421318 0.272017 0.419198 0.30118 0.849306
4 0.439015 0.708461 0.441008 0.678691 0.423522 0.674968 0.421529 0.704738 0.739392
0 0.423334 0.681553 0.427268 0.644545 0.407041 0.637707 0.403107 0.674715 0.716703
4 0.430123 0.60885 0.430811 0.58013 0.414767 0.578906 0.414078 0.607626 0.483003
4 0.362038 0.841502 0.363501 0.813559 0.347611 0.810913 0.346147 0.838856 0.47667
4 0.244054 0.759329 0.246449 0.728118 0.229563 0.723997 0.227168 0.755207 0.370647
4 0.169011 0.582872 0.171355 0.550235 0.154264 0.546332 0.15192 0.578969 0.356879
