4 0.361416 0.497705 0.362899 0.469244 0.346436 0.466515 0.344952 0.494976 0.942375
0 0.405176 0.673028 0.409829 0.633056 0.38897 0.625334 0.384317 0.665307 0.69215
4 0.426195 0.683228 0.42852 0.654836 0.410873 0.650241 0.408548 0.678634 0.551585
4 0.331098 0.497879 0.333295 0.457978 0.310568 0.453997 0.30837 0.493898 0.532203
4 0.336528 0.473519 0.337498 0.444092 0.321057 0.442369 0.320087 0.471796 0.473568
4 0.341222 0.584943 0.344697 0.553574 0.327631 0.547561 0.324155 0.578929 0.343947
4 0.361416 0.497705 0.362899 0.469244 0.346436 0.466515 0.344952 0.494976 0.942375
0 0.405176 0.673028 0.409829 0.633056 0.38897 0.625334 0.384317 0.665307 0.69215
4 0.426195 0.683228 0.42852 0.654836 0.410873 0.650241 0.408548 0.678634 0.551585
4 0.331098 0.497879 0.333295 0.457978 0.310568 0.453997 0.30837 0.493898 0.532203
4 0.336528 0.473519 0.337498 0.444092 0.321057 0.442369 0.320087 0.471796 0.473568
4 0.341222 0.584943 0.344697 0.553574 0.327631 0.547561 0.324155 0.578929 0.343947
