4 0.201604 0.392669 0.203451 0.362612 0.185938 0.35919 0.184091 0.389247 0.925974
4 0.403067 0.433503 0.405366 0.40511 0.387803 0.400587 0.385504 0.42898 0.91289
4 0.501343 0.475145 0.502387 0.447355 0.485776 0.445369 0.484731 0.473159 0.871315
4 0.303099 0.244375 0.305204 0.212995 0.287772 0.209277 0.285667 0.240657 0.869716
4 0.435284 0.304631 0.437427 0.275844 0.421498 0.272073 0.419355 0.30086 0.845485
4 0.337602 0.557071 0.339978 0.522563 0.320435 0.518284 0.318059 0.552792 0.775845
0 0.462912 0.534454 0.465503 0.498367 0.444658 0.493608 0.442067 0.529695 0.713148
4 0.361995 0.841553 0.363628 0.813385 0.347621 0.810433 0.345988 0.838601 0.476551
4 0.244266 0.759533 0.24655 0.728213 0.229578 0.724275 0.227293 0.755596 0.421567
4 0.168678 0.580511 0.171277 0.548112 0.153113 0.543478 0.150515 0.575878 0.361835
4 0.201604 0.392669 0.203451 0.362612 0.185938 0.35919 0.184091 0.389247 0.925974
4 0.403067 0.433503 0.405366 0.40511 0.387803 0.400587 0.385504 0.42898 0.91289
4 0.501343 0.475145 0.502387 0.447355 0.485776 0.445369 0.484731 0.473159 0.871315
4 0.303099 0.244375 0.305204 0.212995 0.287772 0.209277 0.285667 0.240657 0.869716
4 0.435284 0.304631 0.437427 0.275844 0.421498 0.272073 0.419355 0.30086 0.845485
4 0.337602 0.557071 0.339978 0.522563 0.320435 0.518284 0.318059 0.552792 0.775845
0 0.462912 0.534454 0.465503 0.498367 0.444658 0.493608 0.442067 0.529695 0.713148
4 0.361995 0.841553 0.363628 0.813385 0.347621 0.810433 0.345988 0.838601 0.476551
4 0.244266 0.759533 0.24655 0.728213 0.229578 0.724275 0.227293 0.755596 0.421567
4 0.168678 0.580511 0.171277 0.548112 0.153113 0.543478 0.150515 0.575878 0.361835
