4 0.201731 0.392827 0.203552 0.362651 0.185947 0.359273 0.184126 0.389449 0.918886
4 0.401331 0.433542 0.40366 0.405623 0.387316 0.401286 0.384986 0.429205 0.908096
4 0.501366 0.474417 0.50236 0.447432 0.485929 0.445507 0.484935 0.472492 0.879898
4 0.303166 0.244992 0.305353 0.213556 0.287871 0.209688 0.285684 0.241124 0.870982
4 0.435125 0.304721 0.437351 0.275964 0.4214 0.272038 0.419174 0.300796 0.845257
4 0.337683 0.55692 0.339962 0.522761 0.320407 0.518612 0.318128 0.552772 0.796467
0 0.447931 0.449421 0.45049 0.413454 0.431221 0.409094 0.428663 0.445062 0.718096
4 0.362024 0.84154 0.363519 0.813402 0.347553 0.810704 0.346058 0.838842 0.487276
4 0.168586 0.580422 0.171123 0.548413 0.153006 0.543846 0.150469 0.575856 0.350514
4 0.244122 0.759456 0.246482 0.728374 0.229866 0.724361 0.227506 0.755443 0.329057
4 0.416791 0.399594 0.419994 0.363936 0.400922 0.358487 0.397719 0.394145 0.320778
4 0.201731 0.392827 0.203552 0.362651 0.185947 0.359273 0.184126 0.389449 0.918886
4 0.401331 0.433542 0.40366 0.405623 0.387316 0.401286 0.384986 0.429205 0.908096
4 0.501366 0.474417 0.50236 0.447432 0.485929 0.445507 0.484935 0.472492 0.879898
4 0.303166 0.244992 0.305353 0.213556 0.287871 0.209688 0.285684 0.241124 0.870982
4 0.435125 0.304721 0.437351 0.275964 0.4214 0.272038 0.419174 0.300796 0.845257
4 0.337683 0.55692 0.339962 0.522761 0.320407 0.518612 0.318128 0.552772 0.796467
0 0.447931 0.449421 0.45049 0.413454 0.431221 0.409094 0.428663 0.445062 0.718096
4 0.362024 0.84154 0.363519 0.813402 0.347553 0.810704 0.346058 0.838842 0.487276
4 0.168586 0.580422 0.171123 0.548413 0.153006 0.543846 0.150469 0.575856 0.350514
4 0.244122 0.759456 0.246482 0.728374 0.229866 0.724361 0.227506 0.755443 0.329057
4 0.416791 0.399594 0.419994 0.363936 0.400922 0.358487 0.397719 0.394145 0.320778
