4 0.201844 0.392633 0.203756 0.362373 0.18591 0.358786 0.183998 0.389046 0.922454
4 0.303215 0.244645 0.305304 0.213168 0.287832 0.209479 0.285742 0.240957 0.883509
4 0.501176 0.474289 0.502167 0.447282 0.485899 0.445384 0.484908 0.472391 0.857936
4 0.435125 0.305031 0.437344 0.275742 0.421264 0.271869 0.419046 0.301158 0.850206
4 0.437086 0.706256 0.439107 0.677191 0.422579 0.673536 0.420558 0.702601 0.601954
0 0.420453 0.677193 0.424111 0.639676 0.404646 0.63364 0.400988 0.671157 0.520277
4 0.361934 0.841651 0.363472 0.813612 0.34757 0.810838 0.346032 0.838876 0.48687
4 0.430169 0.609159 0.430877 0.580523 0.415133 0.579286 0.414425 0.607921 0.456451
4 0.244206 0.759469 0.246519 0.728253 0.229684 0.724285 0.227371 0.755501 0.39703
4 0.168566 0.580401 0.171174 0.548479 0.153174 0.543802 0.150566 0.575723 0.34495
4 0.201844 0.392633 0.203756 0.362373 0.18591 0.358786 0.183998 0.389046 0.922454
4 0.303215 0.244645 0.305304 0.213168 0.287832 0.209479 0.285742 0.240957 0.883509
4 0.501176 0.474289 0.502167 0.447282 0.485899 0.445384 0.484908 0.472391 0.857936
4 0.435125 0.305031 0.437344 0.275742 0.421264 0.271869 0.419046 0.301158 0.850206
4 0.437086 0.706256 0.439107 0.677191 0.422579 0.673536 0.420558 0.702601 0.601954
0 0.420453 0.677193 0.424111 0.639676 0.404646 0.63364 0.400988 0.671157 0.520277
4 0.361934 0.841651 0.363472 0.813612 0.34757 0.810838 0.346032 0.838876 0.48687
4 0.430169 0.609159 0.430877 0.580523 0.415133 0.579286 0.414425 0.607921 0.456451
4 0.244206 0.759469 0.246519 0.728253 0.229684 0.724285 0.227371 0.755501 0.39703
4 0.168566 0.580401 0.171174 0.548479 0.153174 0.543802 0.150566 0.575723 0.34495
