4 0.201742 0.392624 0.203553 0.362548 0.185909 0.359168 0.184097 0.389243 0.92464
4 0.303329 0.244937 0.305524 0.213249 0.287925 0.209372 0.28573 0.24106 0.871931
4 0.401941 0.432551 0.40295 0.404355 0.387663 0.402616 0.386654 0.430812 0.861151
4 0.501185 0.474586 0.502295 0.447143 0.485721 0.445012 0.484612 0.472455 0.853426
4 0.435246 0.304756 0.437322 0.275842 0.42137 0.2722 0.419295 0.301114 0.847107
4 0.337677 0.556744 0.339893 0.522687 0.320386 0.518651 0.31817 0.552708 0.815548
0 0.447212 0.45231 0.449264 0.417012 0.430341 0.413513 0.428289 0.448811 0.711636
4 0.361972 0.841676 0.363567 0.813612 0.347727 0.810748 0.346131 0.838812 0.488795
4 0.244173 0.759368 0.246475 0.728486 0.229884 0.724553 0.227582 0.755436 0.409274
4 0.168852 0.582863 0.171237 0.550548 0.154277 0.546566 0.151892 0.578882 0.334364
4 0.201742 0.392624 0.203553 0.362548 0.185909 0.359168 0.184097 0.389243 0.92464
4 0.303329 0.244937 0.305524 0.213249 0.287925 0.209372 0.28573 0.24106 0.871931
4 0.401941 0.432551 0.40295 0.404355 0.387663 0.402616 0.386654 0.430812 0.861151
4 0.501185 0.474586 0.502295 0.447143 0.485721 0.445012 0.484612 0.472455 0.853426
4 0.435246 0.304756 0.437322 0.275842 0.42137 0.2722 0.419295 0.301114 0.847107
4 0.337677 0.556744 0.339893 0.522687 0.320386 0.518651 0.31817 0.552708 0.815548
0 0.447212 0.45231 0.449264 0.417012 0.430341 0.413513 0.428289 0.448811 0.711636
4 0.361972 0.841676 0.363567 0.813612 0.347727 0.810748 0.346131 0.838812 0.488795
4 0.244173 0.759368 0.246475 0.728486 0.229884 0.724553 0.227582 0.755436 0.409274
4 0.168852 0.582863 0.171237 0.550548 0.154277 0.546566 0.151892 0.578882 0.334364
