4 0.401639 0.433395 0.404033 0.405006 0.387616 0.400602 0.385221 0.428991 0.922886
4 0.201653 0.392519 0.203594 0.362184 0.185896 0.358582 0.183954 0.388917 0.917717
4 0.30321 0.244857 0.305277 0.213407 0.287727 0.209739 0.28566 0.241189 0.869604
4 0.501016 0.474788 0.501959 0.447457 0.485821 0.445685 0.484878 0.473016 0.853733
4 0.435217 0.304556 0.43734 0.275983 0.421461 0.27223 0.419338 0.300803 0.838909
0 0.431689 0.496289 0.434337 0.459867 0.413789 0.455115 0.411141 0.491538 0.812094
4 0.337778 0.556805 0.339948 0.522533 0.32039 0.518594 0.318219 0.552865 0.796248
4 0.362069 0.841698 0.363716 0.813389 0.34753 0.810395 0.345883 0.838703 0.499898
4 0.244344 0.759367 0.246676 0.728237 0.229879 0.724234 0.227546 0.755364 0.447945
4 0.168977 0.582785 0.171356 0.55033 0.154402 0.546379 0.152024 0.578833 0.446129
4 0.401639 0.433395 0.404033 0.405006 0.387616 0.400602 0.385221 0.428991 0.922886
4 0.201653 0.392519 0.203594 0.362184 0.185896 0.358582 0.183954 0.388917 0.917717
4 0.30321 0.244857 0.305277 0.213407 0.287727 0.209739 0.28566 0.241189 0.869604
4 0.501016 0.474788 0.501959 0.447457 0.485821 0.445685 0.484878 0.473016 0.853733
4 0.435217 0.304556 0.43734 0.275983 0.421461 0.27223 0.419338 0.300803 0.838909
0 0.431689 0.496289 0.434337 0.459867 0.413789 0.455115 0.411141 0.491538 0.812094
4 0.337778 0.556805 0.339948 0.522533 0.32039 0.518594 0.318219 0.552865 0.796248
4 0.362069 0.841698 0.363716 0.813389 0.34753 0.810395 0.345883 0.838703 0.499898
4 0.244344 0.759367 0.246676 0.728237 0.229879 0.724234 0.227546 0.755364 0.447945
4 0.168977 0.582785 0.171356 0.55033 0.154402 0.546379 0.152024 0.578833 0.446129
