4 0.201647 0.392607 0.203564 0.362469 0.185918 0.358901 0.184002 0.389039 0.920763
4 0.50122 0.47463 0.502197 0.447638 0.48581 0.445753 0.484834 0.472745 0.882176
4 0.303265 0.244557 0.305379 0.213129 0.287933 0.209397 0.285819 0.240825 0.878816
4 0.401286 0.432977 0.4032 0.404652 0.387177 0.401207 0.385263 0.429532 0.864577
4 0.435175 0.304338 0.437419 0.275664 0.421444 0.271688 0.419199 0.300362 0.824189
4 0.337743 0.556708 0.339916 0.522559 0.320375 0.518604 0.318201 0.552753 0.800899
0 0.443774 0.456045 0.447116 0.418512 0.428232 0.413165 0.42489 0.450698 0.701685
4 0.361987 0.841396 0.363452 0.813286 0.347517 0.810645 0.346052 0.838755 0.49097
4 0.244177 0.759652 0.246451 0.728565 0.229834 0.724699 0.22756 0.755786 0.361475
4 0.168481 0.580464 0.171084 0.548331 0.15302 0.543679 0.150418 0.575811 0.346067
4 0.201647 0.392607 0.203564 0.362469 0.185918 0.358901 0.184002 0.389039 0.920763
4 0.50122 0.47463 0.502197 0.447638 0.48581 0.445753 0.484834 0.472745 0.882176
4 0.303265 0.244557 0.305379 0.213129 0.287933 0.209397 0.285819 0.240825 0.878816
4 0.401286 0.432977 0.4032 0.404652 0.387177 0.401207 0.385263 0.429532 0.864577
4 0.435175 0.304338 0.437419 0.275664 0.421444 0.271688 0.419199 0.300362 0.824189
4 0.337743 0.556708 0.339916 0.522559 0.320375 0.518604 0.318201 0.552753 0.800899
0 0.443774 0.456045 0.447116 0.418512 0.428232 0.413165 0.42489 0.450698 0.701685
4 0.361987 0.841396 0.363452 0.813286 0.347517 0.810645 0.346052 0.838755 0.49097
4 0.244177 0.759652 0.246451 0.728565 0.229834 0.724699 0.22756 0.755786 0.361475
4 0.168481 0.580464 0.171084 0.548331 0.15302 0.543679 0.150418 0.575811 0.346067
