4 0.361296 0.49831 0.362764 0.469769 0.346395 0.467091 0.344927 0.495633 0.943051
4 0.425428 0.68241 0.427435 0.654332 0.410125 0.650396 0.408117 0.678473 0.611238
0 0.40199 0.663709 0.406078 0.621643 0.386315 0.615535 0.382227 0.657601 0.594727
4 0.330949 0.498504 0.333344 0.457965 0.310394 0.453653 0.307999 0.494192 0.493333
4 0.341211 0.585057 0.344642 0.553738 0.32751 0.547769 0.324078 0.579088 0.356522
4 0.336299 0.474416 0.337414 0.444405 0.320722 0.442433 0.319607 0.472443 0.346513
4 0.361296 0.49831 0.362764 0.469769 0.346395 0.467091 0.344927 0.495633 0.943051
4 0.425428 0.68241 0.427435 0.654332 0.410125 0.650396 0.408117 0.678473 0.611238
0 0.40199 0.663709 0.406078 0.621643 0.386315 0.615535 0.382227 0.657601 0.594727
4 0.330949 0.498504 0.333344 0.457965 0.310394 0.453653 0.307999 0.494192 0.493333
4 0.341211 0.585057 0.344642 0.553738 0.32751 0.547769 0.324078 0.579088 0.356522
4 0.336299 0.474416 0.337414 0.444405 0.320722 0.442433 0.319607 0.472443 0.346513
