0 0.265399 0.413101 0.285063 0.413028 0.285019 0.375432 0.265356 0.375504 0.883004
4 0.391262 0.54652 0.392569 0.519193 0.375493 0.516596 0.374186 0.543922 0.865732
4 0.419244 0.704523 0.420792 0.674122 0.402992 0.671239 0.401444 0.701641 0.709033
4 0.338416 0.576112 0.340215 0.54752 0.323914 0.544258 0.322115 0.57285 0.700542
4 0.398501 0.360462 0.399703 0.33106 0.383619 0.328968 0.382417 0.358369 0.667621
4 0.482036 0.636648 0.48433 0.60499 0.466769 0.600943 0.464475 0.632601 0.588315
4 0.272142 0.385063 0.273861 0.35469 0.25742 0.351731 0.255701 0.382103 0.309759
0 0.265399 0.413101 0.285063 0.413028 0.285019 0.375432 0.265356 0.375504 0.883004
4 0.391262 0.54652 0.392569 0.519193 0.375493 0.516596 0.374186 0.543922 0.865732
4 0.419244 0.704523 0.420792 0.674122 0.402992 0.671239 0.401444 0.701641 0.709033
4 0.338416 0.576112 0.340215 0.54752 0.323914 0.544258 0.322115 0.57285 0.700542
4 0.398501 0.360462 0.399703 0.33106 0.383619 0.328968 0.382417 0.358369 0.667621
4 0.482036 0.636648 0.48433 0.60499 0.466769 0.600943 0.464475 0.632601 0.588315
4 0.272142 0.385063 0.273861 0.35469 0.25742 0.351731 0.255701 0.382103 0.309759
