4 0.201813 0.392541 0.203659 0.362576 0.186129 0.359142 0.184283 0.389107 0.923986
4 0.4021 0.433323 0.404318 0.404929 0.387702 0.400802 0.385485 0.429197 0.907632
4 0.50117 0.47466 0.502184 0.447265 0.485717 0.445326 0.484703 0.472721 0.869371
4 0.303062 0.245422 0.305397 0.213274 0.287776 0.209205 0.285442 0.241354 0.863174
4 0.435313 0.304649 0.437408 0.275739 0.421292 0.272023 0.419196 0.300934 0.854342
4 0.337739 0.557178 0.340119 0.522687 0.320528 0.518386 0.318147 0.552878 0.806662
0 0.44182 0.440991 0.444483 0.406481 0.426454 0.402057 0.423791 0.436566 0.695228
4 0.362077 0.841754 0.363665 0.813651 0.347686 0.810779 0.346098 0.838883 0.472625
4 0.244272 0.75975 0.24664 0.727824 0.229438 0.723766 0.22707 0.755693 0.406194
4 0.168898 0.580788 0.171476 0.548155 0.153006 0.543514 0.150428 0.576148 0.325836
4 0.201813 0.392541 0.203659 0.362576 0.186129 0.359142 0.184283 0.389107 0.923986
4 0.4021 0.433323 0.404318 0.404929 0.387702 0.400802 0.385485 0.429197 0.907632
4 0.50117 0.47466 0.502184 0.447265 0.485717 0.445326 0.484703 0.472721 0.869371
4 0.303062 0.245422 0.305397 0.213274 0.287776 0.209205 0.285442 0.241354 0.863174
4 0.435313 0.304649 0.437408 0.275739 0.421292 0.272023 0.419196 0.300934 0.854342
4 0.337739 0.557178 0.340119 0.522687 0.320528 0.518386 0.318147 0.552878 0.806662
0 0.44182 0.440991 0.444483 0.406481 0.426454 0.402057 0.423791 0.436566 0.695228
4 0.362077 0.841754 0.363665 0.813651 0.347686 0.810779 0.346098 0.838883 0.472625
4 0.244272 0.75975 0.24664 0.727824 0.229438 0.723766 0.22707 0.755693 0.406194
4 0.168898 0.580788 0.171476 0.548155 0.153006 0.543514 0.150428 0.576148 0.325836
