4 0.201809 0.392873 0.203695 0.36246 0.185897 0.358952 0.184012 0.389365 0.918514
4 0.303375 0.24487 0.305479 0.213226 0.287765 0.20948 0.285661 0.241125 0.881469
4 0.400605 0.43384 0.402561 0.405061 0.386765 0.401648 0.38481 0.430428 0.85797
4 0.501303 0.474431 0.50228 0.447362 0.485924 0.445484 0.484947 0.472554 0.856925
4 0.435282 0.304563 0.437493 0.276029 0.421628 0.272118 0.419417 0.300652 0.823666
4 0.33759 0.556884 0.340055 0.522856 0.320578 0.518368 0.318113 0.552396 0.802012
0 0.441526 0.440694 0.444124 0.405931 0.425135 0.401417 0.422536 0.436179 0.770058
4 0.361888 0.841599 0.363477 0.81371 0.347677 0.810847 0.346088 0.838736 0.471317
4 0.168858 0.58308 0.1712 0.550879 0.15413 0.54693 0.151788 0.579132 0.389648
4 0.244162 0.759496 0.246436 0.728242 0.229701 0.724371 0.227427 0.755624 0.367132
4 0.201809 0.392873 0.203695 0.36246 0.185897 0.358952 0.184012 0.389365 0.918514
4 0.303375 0.24487 0.305479 0.213226 0.287765 0.20948 0.285661 0.241125 0.881469
4 0.400605 0.43384 0.402561 0.405061 0.386765 0.401648 0.38481 0.430428 0.85797
4 0.501303 0.474431 0.50228 0.447362 0.485924 0.445484 0.484947 0.472554 0.856925
4 0.435282 0.304563 0.437493 0.276029 0.421628 0.272118 0.419417 0.300652 0.823666
4 0.33759 0.556884 0.340055 0.522856 0.320578 0.518368 0.318113 0.552396 0.802012
0 0.441526 0.440694 0.444124 0.405931 0.425135 0.401417 0.422536 0.436179 0.770058
4 0.361888 0.841599 0.363477 0.81371 0.347677 0.810847 0.346088 0.838736 0.471317
4 0.168858 0.58308 0.1712 0.550879 0.15413 0.54693 0.151788 0.579132 0.389648
4 0.244162 0.759496 0.246436 0.728242 0.229701 0.724371 0.227427 0.755624 0.367132
