4 0.201898 0.392882 0.203765 0.362564 0.185955 0.359076 0.184088 0.389394 0.920987
4 0.303337 0.244852 0.305463 0.213478 0.287954 0.209704 0.285828 0.241078 0.88586
4 0.400815 0.433811 0.402932 0.405465 0.387168 0.40172 0.385051 0.430067 0.859207
4 0.501185 0.474478 0.502257 0.447388 0.485877 0.445326 0.484805 0.472417 0.853586
4 0.435195 0.304458 0.437468 0.275721 0.421496 0.271703 0.419223 0.300441 0.834368
4 0.337558 0.557082 0.340043 0.522643 0.320424 0.518141 0.317938 0.55258 0.801049
0 0.444237 0.437906 0.445361 0.401548 0.426395 0.399684 0.425271 0.436043 0.736652
4 0.36192 0.841486 0.363473 0.813686 0.347717 0.810886 0.346164 0.838686 0.45896
4 0.244133 0.759471 0.246376 0.728294 0.229669 0.724472 0.227427 0.755649 0.395372
4 0.168492 0.580333 0.170971 0.548669 0.152981 0.544191 0.150503 0.575855 0.351985
4 0.201898 0.392882 0.203765 0.362564 0.185955 0.359076 0.184088 0.389394 0.920987
4 0.303337 0.244852 0.305463 0.213478 0.287954 0.209704 0.285828 0.241078 0.88586
4 0.400815 0.433811 0.402932 0.405465 0.387168 0.40172 0.385051 0.430067 0.859207
4 0.501185 0.474478 0.502257 0.447388 0.485877 0.445326 0.484805 0.472417 0.853586
4 0.435195 0.304458 0.437468 0.275721 0.421496 0.271703 0.419223 0.300441 0.834368
4 0.337558 0.557082 0.340043 0.522643 0.320424 0.518141 0.317938 0.55258 0.801049
0 0.444237 0.437906 0.445361 0.401548 0.426395 0.399684 0.425271 0.436043 0.736652
4 0.36192 0.841486 0.363473 0.813686 0.347717 0.810886 0.346164 0.838686 0.45896
4 0.244133 0.759471 0.246376 0.728294 0.229669 0.724472 0.227427 0.755649 0.395372
4 0.168492 0.580333 0.170971 0.548669 0.152981 0.544191 0.150503 0.575855 0.351985
