4 0.367169 0.565528 0.367886 0.53705 0.350919 0.535692 0.350202 0.56417 0.926367
4 0.337294 0.471813 0.33938 0.443587 0.323487 0.439853 0.321401 0.468079 0.917049
4 0.358371 0.446623 0.360003 0.419534 0.344863 0.416632 0.34323 0.443721 0.788544
4 0.398516 0.360565 0.399777 0.331517 0.383822 0.329316 0.382562 0.358363 0.72647
4 0.381214 0.659774 0.383383 0.627728 0.367178 0.62424 0.365009 0.656286 0.669057
4 0.477444 0.630357 0.478853 0.595352 0.46173 0.593161 0.460322 0.628166 0.615463
0 0.455033 0.630807 0.459012 0.592471 0.439036 0.585878 0.435058 0.624213 0.563705
4 0.370536 0.617012 0.373421 0.586372 0.354394 0.580674 0.351509 0.611314 0.49675
4 0.343298 0.581243 0.344242 0.550837 0.327384 0.549172 0.32644 0.579577 0.321321
4 0.367169 0.565528 0.367886 0.53705 0.350919 0.535692 0.350202 0.56417 0.926367
4 0.337294 0.471813 0.33938 0.443587 0.323487 0.439853 0.321401 0.468079 0.917049
4 0.358371 0.446623 0.360003 0.419534 0.344863 0.416632 0.34323 0.443721 0.788544
4 0.398516 0.360565 0.399777 0.331517 0.383822 0.329316 0.382562 0.358363 0.72647
4 0.381214 0.659774 0.383383 0.627728 0.367178 0.62424 0.365009 0.656286 0.669057
4 0.477444 0.630357 0.478853 0.595352 0.46173 0.593161 0.460322 0.628166 0.615463
0 0.455033 0.630807 0.459012 0.592471 0.439036 0.585878 0.435058 0.624213 0.563705
4 0.370536 0.617012 0.373421 0.586372 0.354394 0.580674 0.351509 0.611314 0.49675
4 0.343298 0.581243 0.344242 0.550837 0.327384 0.549172 0.32644 0.579577 0.321321
