4 0.201782 0.392517 0.20365 0.36232 0.18592 0.358833 0.184053 0.38903 0.924274
4 0.401436 0.434417 0.402452 0.405068 0.386989 0.403364 0.385972 0.432713 0.906569
4 0.303194 0.244332 0.30527 0.213265 0.287857 0.209564 0.285781 0.240632 0.871256
4 0.501092 0.474652 0.502107 0.447566 0.486056 0.445652 0.48504 0.472737 0.864203
4 0.435183 0.304898 0.437382 0.275868 0.42144 0.272027 0.419241 0.301057 0.843076
4 0.337666 0.556975 0.340012 0.522703 0.320427 0.518439 0.318081 0.552711 0.799465
0 0.435614 0.437816 0.437363 0.398166 0.41736 0.39536 0.415611 0.43501 0.782055
4 0.362201 0.841431 0.363588 0.813336 0.347614 0.810829 0.346227 0.838924 0.491441
4 0.244134 0.759548 0.246438 0.728521 0.229742 0.724577 0.227437 0.755604 0.417151
4 0.168666 0.580607 0.171312 0.548377 0.153054 0.543608 0.150408 0.575839 0.350297
4 0.201782 0.392517 0.20365 0.36232 0.18592 0.358833 0.184053 0.38903 0.924274
4 0.401436 0.434417 0.402452 0.405068 0.386989 0.403364 0.385972 0.432713 0.906569
4 0.303194 0.244332 0.30527 0.213265 0.287857 0.209564 0.285781 0.240632 0.871256
4 0.501092 0.474652 0.502107 0.447566 0.486056 0.445652 0.48504 0.472737 0.864203
4 0.435183 0.304898 0.437382 0.275868 0.42144 0.272027 0.419241 0.301057 0.843076
4 0.337666 0.556975 0.340012 0.522703 0.320427 0.518439 0.318081 0.552711 0.799465
0 0.435614 0.437816 0.437363 0.398166 0.41736 0.39536 0.415611 0.43501 0.782055
4 0.362201 0.841431 0.363588 0.813336 0.347614 0.810829 0.346227 0.838924 0.491441
4 0.244134 0.759548 0.246438 0.728521 0.229742 0.724577 0.227437 0.755604 0.417151
4 0.168666 0.580607 0.171312 0.548377 0.153054 0.543608 0.150408 0.575839 0.350297
