4 0.361538 0.497757 0.362992 0.469283 0.346512 0.466608 0.345058 0.495081 0.938747
0 0.404948 0.660545 0.409118 0.620361 0.389236 0.613799 0.385066 0.653984 0.716402
4 0.330943 0.498143 0.333266 0.458013 0.310467 0.453816 0.308144 0.493946 0.532921
4 0.425766 0.683623 0.427763 0.654613 0.409955 0.650715 0.407959 0.679725 0.505832
4 0.336414 0.474007 0.337485 0.444045 0.320822 0.442151 0.319751 0.472113 0.423714
4 0.341304 0.585194 0.344767 0.553779 0.327654 0.54778 0.324191 0.579196 0.34439
4 0.361538 0.497757 0.362992 0.469283 0.346512 0.466608 0.345058 0.495081 0.938747
0 0.404948 0.660545 0.409118 0.620361 0.389236 0.613799 0.385066 0.653984 0.716402
4 0.330943 0.498143 0.333266 0.458013 0.310467 0.453816 0.308144 0.493946 0.532921
4 0.425766 0.683623 0.427763 0.654613 0.409955 0.650715 0.407959 0.679725 0.505832
4 0.336414 0.474007 0.337485 0.444045 0.320822 0.442151 0.319751 0.472113 0.423714
4 0.341304 0.585194 0.344767 0.553779 0.327654 0.54778 0.324191 0.579196 0.34439
