4 0.36732 0.565256 0.368107 0.536852 0.351198 0.535361 0.350411 0.563765 0.930802
4 0.337228 0.471573 0.339266 0.442918 0.323342 0.439317 0.321305 0.467971 0.891606
4 0.358388 0.446244 0.35989 0.419072 0.344733 0.416407 0.343231 0.443579 0.783289
4 0.397664 0.360372 0.39951 0.329815 0.382866 0.326617 0.38102 0.357174 0.651032
4 0.342631 0.58105 0.34394 0.551262 0.327292 0.548936 0.325983 0.578723 0.591753
4 0.47762 0.630307 0.479077 0.595914 0.461845 0.593593 0.460389 0.627986 0.56479
0 0.455316 0.625972 0.45925 0.58665 0.43819 0.57995 0.434257 0.619272 0.51539
1 0.373443 0.681968 0.376925 0.643197 0.352703 0.636279 0.349221 0.67505 0.460228
4 0.372853 0.648606 0.374915 0.613715 0.357438 0.61043 0.355376 0.645321 0.412072
4 0.36732 0.565256 0.368107 0.536852 0.351198 0.535361 0.350411 0.563765 0.930802
4 0.337228 0.471573 0.339266 0.442918 0.323342 0.439317 0.321305 0.467971 0.891606
4 0.358388 0.446244 0.35989 0.419072 0.344733 0.416407 0.343231 0.443579 0.783289
4 0.397664 0.360372 0.39951 0.329815 0.382866 0.326617 0.38102 0.357174 0.651032
4 0.342631 0.58105 0.34394 0.551262 0.327292 0.548936 0.325983 0.578723 0.591753
4 0.47762 0.630307 0.479077 0.595914 0.461845 0.593593 0.460389 0.627986 0.56479
0 0.455316 0.625972 0.45925 0.58665 0.43819 0.57995 0.434257 0.619272 0.51539
1 0.373443 0.681968 0.376925 0.643197 0.352703 0.636279 0.349221 0.67505 0.460228
4 0.372853 0.648606 0.374915 0.613715 0.357438 0.61043 0.355376 0.645321 0.412072
