4 0.361291 0.497596 0.362689 0.469399 0.346424 0.466833 0.345026 0.49503 0.949876
0 0.403365 0.678725 0.407472 0.64127 0.388725 0.634734 0.384619 0.672189 0.758257
4 0.425845 0.682633 0.428248 0.65476 0.411123 0.650063 0.408719 0.677937 0.551029
4 0.331282 0.498009 0.333431 0.457947 0.310571 0.454047 0.308422 0.494109 0.516532
4 0.336564 0.473512 0.337508 0.444376 0.32125 0.4427 0.320306 0.471836 0.423053
4 0.34129 0.584967 0.344785 0.553457 0.327633 0.547405 0.324137 0.578915 0.368753
4 0.361291 0.497596 0.362689 0.469399 0.346424 0.466833 0.345026 0.49503 0.949876
0 0.403365 0.678725 0.407472 0.64127 0.388725 0.634734 0.384619 0.672189 0.758257
4 0.425845 0.682633 0.428248 0.65476 0.411123 0.650063 0.408719 0.677937 0.551029
4 0.331282 0.498009 0.333431 0.457947 0.310571 0.454047 0.308422 0.494109 0.516532
4 0.336564 0.473512 0.337508 0.444376 0.32125 0.4427 0.320306 0.471836 0.423053
4 0.34129 0.584967 0.344785 0.553457 0.327633 0.547405 0.324137 0.578915 0.368753
