4 0.391363 0.546373 0.392633 0.519195 0.375669 0.516674 0.374399 0.543852 0.877948
0 0.259557 0.356631 0.260423 0.318996 0.24069 0.317551 0.239823 0.355186 0.843114
4 0.39855 0.360597 0.399757 0.331271 0.383769 0.329179 0.382563 0.358505 0.696221
4 0.338549 0.576467 0.340406 0.547836 0.324072 0.544466 0.322215 0.573098 0.689935
4 0.419498 0.704544 0.421057 0.67393 0.403218 0.671041 0.40166 0.701655 0.685897
4 0.481961 0.637188 0.484426 0.604676 0.466557 0.600367 0.464092 0.632879 0.584974
4 0.249838 0.325552 0.251992 0.297341 0.234599 0.293117 0.232445 0.321327 0.483542
4 0.391363 0.546373 0.392633 0.519195 0.375669 0.516674 0.374399 0.543852 0.877948
0 0.259557 0.356631 0.260423 0.318996 0.24069 0.317551 0.239823 0.355186 0.843114
4 0.39855 0.360597 0.399757 0.331271 0.383769 0.329179 0.382563 0.358505 0.696221
4 0.338549 0.576467 0.340406 0.547836 0.324072 0.544466 0.322215 0.573098 0.689935
4 0.419498 0.704544 0.421057 0.67393 0.403218 0.671041 0.40166 0.701655 0.685897
4 0.481961 0.637188 0.484426 0.604676 0.466557 0.600367 0.464092 0.632879 0.584974
4 0.249838 0.325552 0.251992 0.297341 0.234599 0.293117 0.232445 0.321327 0.483542
