0 0.251332 0.342682 0.252298 0.304324 0.231185 0.302633 0.230219 0.34099 0.887379
4 0.391173 0.546537 0.392461 0.519297 0.3756 0.516762 0.374312 0.544002 0.883721
4 0.398653 0.360864 0.399979 0.331561 0.383883 0.329244 0.382557 0.358547 0.721191
4 0.41921 0.704513 0.420791 0.674058 0.402996 0.67112 0.401415 0.701574 0.716889
4 0.338401 0.575882 0.340083 0.548012 0.324088 0.544941 0.322406 0.572812 0.702983
4 0.482002 0.637268 0.484534 0.604904 0.46678 0.600486 0.464248 0.63285 0.552193
4 0.242022 0.303938 0.24455 0.278884 0.228066 0.273595 0.225538 0.298649 0.513208
0 0.251332 0.342682 0.252298 0.304324 0.231185 0.302633 0.230219 0.34099 0.887379
4 0.391173 0.546537 0.392461 0.519297 0.3756 0.516762 0.374312 0.544002 0.883721
4 0.398653 0.360864 0.399979 0.331561 0.383883 0.329244 0.382557 0.358547 0.721191
4 0.41921 0.704513 0.420791 0.674058 0.402996 0.67112 0.401415 0.701574 0.716889
4 0.338401 0.575882 0.340083 0.548012 0.324088 0.544941 0.322406 0.572812 0.702983
4 0.482002 0.637268 0.484534 0.604904 0.46678 0.600486 0.464248 0.63285 0.552193
4 0.242022 0.303938 0.24455 0.278884 0.228066 0.273595 0.225538 0.298649 0.513208
