0 0.249172 0.33391 0.250915 0.296797 0.228797 0.293492 0.227054 0.330605 0.893991
4 0.39127 0.546485 0.39254 0.519276 0.375672 0.51677 0.374402 0.54398 0.872774
4 0.419408 0.704461 0.420951 0.674077 0.403131 0.671199 0.401587 0.701582 0.70891
4 0.338407 0.575782 0.340199 0.547996 0.324193 0.544711 0.3224 0.572498 0.678976
4 0.398695 0.360852 0.400061 0.330895 0.383749 0.32853 0.382384 0.358487 0.649478
4 0.481936 0.637127 0.484453 0.604865 0.46678 0.600479 0.464263 0.632741 0.5789
4 0.242952 0.307299 0.245814 0.275287 0.228775 0.270443 0.225913 0.302455 0.405856
0 0.249172 0.33391 0.250915 0.296797 0.228797 0.293492 0.227054 0.330605 0.893991
4 0.39127 0.546485 0.39254 0.519276 0.375672 0.51677 0.374402 0.54398 0.872774
4 0.419408 0.704461 0.420951 0.674077 0.403131 0.671199 0.401587 0.701582 0.70891
4 0.338407 0.575782 0.340199 0.547996 0.324193 0.544711 0.3224 0.572498 0.678976
4 0.398695 0.360852 0.400061 0.330895 0.383749 0.32853 0.382384 0.358487 0.649478
4 0.481936 0.637127 0.484453 0.604865 0.46678 0.600479 0.464263 0.632741 0.5789
4 0.242952 0.307299 0.245814 0.275287 0.228775 0.270443 0.225913 0.302455 0.405856
