4 0.391273 0.546687 0.392592 0.519335 0.375701 0.516744 0.374382 0.544096 0.871605
0 0.251689 0.343602 0.252974 0.304048 0.231531 0.301833 0.230247 0.341387 0.866032
4 0.419217 0.704531 0.420816 0.674037 0.402998 0.671066 0.401399 0.70156 0.722961
4 0.398582 0.360782 0.399899 0.331305 0.383875 0.329029 0.382558 0.358506 0.711125
4 0.338364 0.576048 0.340136 0.547991 0.324171 0.544784 0.322399 0.572841 0.687291
4 0.481889 0.637323 0.484479 0.604746 0.466481 0.600195 0.463891 0.632772 0.577591
4 0.241952 0.30502 0.244511 0.279508 0.228035 0.274251 0.225475 0.299763 0.502051
4 0.391273 0.546687 0.392592 0.519335 0.375701 0.516744 0.374382 0.544096 0.871605
0 0.251689 0.343602 0.252974 0.304048 0.231531 0.301833 0.230247 0.341387 0.866032
4 0.419217 0.704531 0.420816 0.674037 0.402998 0.671066 0.401399 0.70156 0.722961
4 0.398582 0.360782 0.399899 0.331305 0.383875 0.329029 0.382558 0.358506 0.711125
4 0.338364 0.576048 0.340136 0.547991 0.324171 0.544784 0.322399 0.572841 0.687291
4 0.481889 0.637323 0.484479 0.604746 0.466481 0.600195 0.463891 0.632772 0.577591
4 0.241952 0.30502 0.244511 0.279508 0.228035 0.274251 0.225475 0.299763 0.502051
