4 0.361408 0.497579 0.36285 0.469349 0.346474 0.46669 0.345033 0.494921 0.945174
0 0.403568 0.679246 0.407763 0.641399 0.38888 0.634744 0.384686 0.67259 0.735515
4 0.426032 0.682604 0.428389 0.654724 0.411107 0.650076 0.408749 0.677956 0.559437
4 0.331212 0.497889 0.333283 0.458216 0.310602 0.454449 0.30853 0.494123 0.527035
4 0.336627 0.47316 0.33759 0.444164 0.321327 0.442447 0.320364 0.471443 0.494653
4 0.341314 0.584964 0.344825 0.553459 0.327678 0.547382 0.324167 0.578887 0.352206
4 0.361408 0.497579 0.36285 0.469349 0.346474 0.46669 0.345033 0.494921 0.945174
0 0.403568 0.679246 0.407763 0.641399 0.38888 0.634744 0.384686 0.67259 0.735515
4 0.426032 0.682604 0.428389 0.654724 0.411107 0.650076 0.408749 0.677956 0.559437
4 0.331212 0.497889 0.333283 0.458216 0.310602 0.454449 0.30853 0.494123 0.527035
4 0.336627 0.47316 0.33759 0.444164 0.321327 0.442447 0.320364 0.471443 0.494653
4 0.341314 0.584964 0.344825 0.553459 0.327678 0.547382 0.324167 0.578887 0.352206
