4 0.201878 0.392551 0.203721 0.362481 0.186022 0.35903 0.184178 0.3891 0.923299
4 0.401932 0.433 0.403244 0.404409 0.387098 0.402053 0.385786 0.430643 0.897276
4 0.303359 0.24494 0.305484 0.213318 0.287882 0.209556 0.285757 0.241178 0.880111
4 0.501142 0.474478 0.502055 0.447301 0.485538 0.445536 0.484625 0.472713 0.876925
4 0.435259 0.30495 0.437356 0.275943 0.421258 0.272242 0.419161 0.30125 0.841435
4 0.337679 0.556708 0.339898 0.522694 0.320408 0.518651 0.31819 0.552666 0.796712
0 0.442025 0.457049 0.445573 0.421091 0.426144 0.414993 0.422595 0.450952 0.768658
4 0.361916 0.841547 0.363489 0.813466 0.347652 0.810644 0.346079 0.838726 0.48683
4 0.244261 0.759462 0.246608 0.728332 0.229958 0.724339 0.22761 0.755468 0.383393
4 0.168573 0.58053 0.171294 0.548365 0.153094 0.543469 0.150373 0.575634 0.333444
4 0.201878 0.392551 0.203721 0.362481 0.186022 0.35903 0.184178 0.3891 0.923299
4 0.401932 0.433 0.403244 0.404409 0.387098 0.402053 0.385786 0.430643 0.897276
4 0.303359 0.24494 0.305484 0.213318 0.287882 0.209556 0.285757 0.241178 0.880111
4 0.501142 0.474478 0.502055 0.447301 0.485538 0.445536 0.484625 0.472713 0.876925
4 0.435259 0.30495 0.437356 0.275943 0.421258 0.272242 0.419161 0.30125 0.841435
4 0.337679 0.556708 0.339898 0.522694 0.320408 0.518651 0.31819 0.552666 0.796712
0 0.442025 0.457049 0.445573 0.421091 0.426144 0.414993 0.422595 0.450952 0.768658
4 0.361916 0.841547 0.363489 0.813466 0.347652 0.810644 0.346079 0.838726 0.48683
4 0.244261 0.759462 0.246608 0.728332 0.229958 0.724339 0.22761 0.755468 0.383393
4 0.168573 0.58053 0.171294 0.548365 0.153094 0.543469 0.150373 0.575634 0.333444
