0 0.294454 0.346529 0.298641 0.306964 0.276884 0.299642 0.272697 0.339207 0.911804
4 0.391124 0.546394 0.392411 0.519193 0.375552 0.516656 0.374265 0.543857 0.874061
4 0.242815 0.307984 0.245228 0.276519 0.227745 0.272253 0.225331 0.303718 0.813917
4 0.419405 0.704524 0.420924 0.674134 0.403099 0.671299 0.401579 0.701688 0.723874
4 0.338266 0.575799 0.340141 0.547772 0.324049 0.544348 0.322174 0.572375 0.677297
4 0.398473 0.360436 0.399688 0.330771 0.383577 0.328673 0.382363 0.358339 0.652701
4 0.482063 0.637035 0.484554 0.604837 0.466893 0.600491 0.464401 0.632689 0.622817
0 0.294454 0.346529 0.298641 0.306964 0.276884 0.299642 0.272697 0.339207 0.911804
4 0.391124 0.546394 0.392411 0.519193 0.375552 0.516656 0.374265 0.543857 0.874061
4 0.242815 0.307984 0.245228 0.276519 0.227745 0.272253 0.225331 0.303718 0.813917
4 0.419405 0.704524 0.420924 0.674134 0.403099 0.671299 0.401579 0.701688 0.723874
4 0.338266 0.575799 0.340141 0.547772 0.324049 0.544348 0.322174 0.572375 0.677297
4 0.398473 0.360436 0.399688 0.330771 0.383577 0.328673 0.382363 0.358339 0.652701
4 0.482063 0.637035 0.484554 0.604837 0.466893 0.600491 0.464401 0.632689 0.622817
