4 0.402587 0.434016 0.405055 0.405413 0.387943 0.400716 0.385474 0.429319 0.9297
4 0.201849 0.392723 0.203689 0.362418 0.18597 0.358996 0.18413 0.389302 0.92127
4 0.50122 0.474638 0.502202 0.447487 0.485833 0.445605 0.484851 0.472756 0.8782
4 0.303239 0.244983 0.305479 0.213079 0.287654 0.2091 0.285415 0.241004 0.875519
4 0.435229 0.304758 0.437433 0.275814 0.421346 0.271919 0.419142 0.300862 0.846003
4 0.337789 0.556957 0.340114 0.522664 0.320488 0.518434 0.318164 0.552727 0.797078
0 0.448489 0.450102 0.450666 0.413212 0.431024 0.409526 0.428847 0.446415 0.75229
4 0.36193 0.841596 0.363509 0.813211 0.347397 0.81036 0.345817 0.838744 0.489158
4 0.168673 0.580489 0.171215 0.548316 0.152969 0.54373 0.150426 0.575904 0.357894
4 0.244143 0.759916 0.246605 0.728195 0.229563 0.723989 0.227101 0.755709 0.326168
4 0.402587 0.434016 0.405055 0.405413 0.387943 0.400716 0.385474 0.429319 0.9297
4 0.201849 0.392723 0.203689 0.362418 0.18597 0.358996 0.18413 0.389302 0.92127
4 0.50122 0.474638 0.502202 0.447487 0.485833 0.445605 0.484851 0.472756 0.8782
4 0.303239 0.244983 0.305479 0.213079 0.287654 0.2091 0.285415 0.241004 0.875519
4 0.435229 0.304758 0.437433 0.275814 0.421346 0.271919 0.419142 0.300862 0.846003
4 0.337789 0.556957 0.340114 0.522664 0.320488 0.518434 0.318164 0.552727 0.797078
0 0.448489 0.450102 0.450666 0.413212 0.431024 0.409526 0.428847 0.446415 0.75229
4 0.36193 0.841596 0.363509 0.813211 0.347397 0.81036 0.345817 0.838744 0.489158
4 0.168673 0.580489 0.171215 0.548316 0.152969 0.54373 0.150426 0.575904 0.357894
4 0.244143 0.759916 0.246605 0.728195 0.229563 0.723989 0.227101 0.755709 0.326168
