0 0.275238 0.34389 0.280078 0.303323 0.258705 0.295213 0.253865 0.33578 0.922963
4 0.391244 0.546492 0.39249 0.519326 0.375669 0.516873 0.374423 0.544038 0.878678
4 0.242506 0.308167 0.244944 0.27741 0.227537 0.27302 0.225098 0.303777 0.813857
4 0.398502 0.360441 0.399693 0.33151 0.383753 0.329425 0.382563 0.358356 0.736542
4 0.419379 0.704355 0.420881 0.674246 0.403151 0.671432 0.401648 0.701541 0.712454
4 0.338444 0.576019 0.34034 0.548178 0.32441 0.544728 0.322514 0.572569 0.67924
4 0.481949 0.637282 0.484532 0.604906 0.466765 0.600399 0.464182 0.632775 0.590037
0 0.275238 0.34389 0.280078 0.303323 0.258705 0.295213 0.253865 0.33578 0.922963
4 0.391244 0.546492 0.39249 0.519326 0.375669 0.516873 0.374423 0.544038 0.878678
4 0.242506 0.308167 0.244944 0.27741 0.227537 0.27302 0.225098 0.303777 0.813857
4 0.398502 0.360441 0.399693 0.33151 0.383753 0.329425 0.382563 0.358356 0.736542
4 0.419379 0.704355 0.420881 0.674246 0.403151 0.671432 0.401648 0.701541 0.712454
4 0.338444 0.576019 0.34034 0.548178 0.32441 0.544728 0.322514 0.572569 0.67924
4 0.481949 0.637282 0.484532 0.604906 0.466765 0.600399 0.464182 0.632775 0.590037
