4 0.201586 0.392609 0.20345 0.362563 0.185833 0.359087 0.183968 0.389132 0.927816
4 0.303203 0.244642 0.305371 0.213223 0.287886 0.209386 0.285717 0.240804 0.871219
4 0.501143 0.474287 0.502143 0.44749 0.486019 0.445575 0.485019 0.472372 0.851638
4 0.435096 0.304746 0.437273 0.275614 0.421291 0.271816 0.419114 0.300948 0.849572
4 0.441059 0.708861 0.443553 0.679478 0.424027 0.674207 0.421532 0.703589 0.716761
4 0.430971 0.609159 0.431967 0.581233 0.41493 0.579299 0.413933 0.607225 0.634404
4 0.361907 0.841501 0.363431 0.813641 0.347694 0.810903 0.34617 0.838763 0.451212
4 0.244164 0.759442 0.246507 0.728314 0.229797 0.724314 0.227454 0.755442 0.401476
4 0.168567 0.580485 0.171118 0.548709 0.15318 0.544128 0.150628 0.575905 0.363916
4 0.139665 0.2151 0.141388 0.184602 0.121867 0.181096 0.120145 0.211594 0.286724
4 0.201586 0.392609 0.20345 0.362563 0.185833 0.359087 0.183968 0.389132 0.927816
4 0.303203 0.244642 0.305371 0.213223 0.287886 0.209386 0.285717 0.240804 0.871219
4 0.501143 0.474287 0.502143 0.44749 0.486019 0.445575 0.485019 0.472372 0.851638
4 0.435096 0.304746 0.437273 0.275614 0.421291 0.271816 0.419114 0.300948 0.849572
4 0.441059 0.708861 0.443553 0.679478 0.424027 0.674207 0.421532 0.703589 0.716761
4 0.430971 0.609159 0.431967 0.581233 0.41493 0.579299 0.413933 0.607225 0.634404
4 0.361907 0.841501 0.363431 0.813641 0.347694 0.810903 0.34617 0.838763 0.451212
4 0.244164 0.759442 0.246507 0.728314 0.229797 0.724314 0.227454 0.755442 0.401476
4 0.168567 0.580485 0.171118 0.548709 0.15318 0.544128 0.150628 0.575905 0.363916
4 0.139665 0.2151 0.141388 0.184602 0.121867 0.181096 0.120145 0.211594 0.286724
