4 0.201585 0.392782 0.203485 0.362378 0.185621 0.358828 0.183722 0.389232 0.920127
4 0.303317 0.244388 0.305192 0.212944 0.287805 0.209648 0.285931 0.241092 0.880056
4 0.501004 0.474726 0.502012 0.447696 0.485952 0.445791 0.484944 0.472821 0.862282
4 0.435145 0.304942 0.437374 0.275856 0.421302 0.271939 0.419073 0.301025 0.84195
0 0.325829 0.520238 0.32955 0.481829 0.309142 0.47554 0.30542 0.513949 0.682624
4 0.355505 0.557688 0.358044 0.528595 0.34219 0.524194 0.339651 0.553287 0.514868
4 0.361796 0.841536 0.363436 0.81364 0.347599 0.81068 0.345959 0.838576 0.457918
4 0.168626 0.580141 0.171084 0.54819 0.153239 0.543823 0.150781 0.575774 0.375147
4 0.470065 0.676569 0.4717 0.649827 0.457271 0.647021 0.455636 0.673763 0.338391
4 0.243987 0.759318 0.246217 0.728512 0.22981 0.724734 0.22758 0.75554 0.330011
4 0.201585 0.392782 0.203485 0.362378 0.185621 0.358828 0.183722 0.389232 0.920127
4 0.303317 0.244388 0.305192 0.212944 0.287805 0.209648 0.285931 0.241092 0.880056
4 0.501004 0.474726 0.502012 0.447696 0.485952 0.445791 0.484944 0.472821 0.862282
4 0.435145 0.304942 0.437374 0.275856 0.421302 0.271939 0.419073 0.301025 0.84195
0 0.325829 0.520238 0.32955 0.481829 0.309142 0.47554 0.30542 0.513949 0.682624
4 0.355505 0.557688 0.358044 0.528595 0.34219 0.524194 0.339651 0.553287 0.514868
4 0.361796 0.841536 0.363436 0.81364 0.347599 0.81068 0.345959 0.838576 0.457918
4 0.168626 0.580141 0.171084 0.54819 0.153239 0.543823 0.150781 0.575774 0.375147
4 0.470065 0.676569 0.4717 0.649827 0.457271 0.647021 0.455636 0.673763 0.338391
4 0.243987 0.759318 0.246217 0.728512 0.22981 0.724734 0.22758 0.75554 0.330011
