4 0.366965 0.56455 0.367569 0.536938 0.351212 0.5358 0.350608 0.563412 0.916385
4 0.337279 0.471726 0.339365 0.443587 0.323513 0.439851 0.321428 0.46799 0.907712
4 0.358379 0.446603 0.360015 0.419478 0.344856 0.416569 0.343219 0.443694 0.791263
4 0.398593 0.360552 0.399864 0.331396 0.383841 0.329174 0.38257 0.35833 0.701618
4 0.477711 0.629138 0.479019 0.594365 0.461933 0.592322 0.460625 0.627095 0.628344
4 0.381133 0.659344 0.383424 0.62842 0.367305 0.624622 0.365014 0.655546 0.616825
0 0.455588 0.631697 0.459357 0.593332 0.439692 0.587188 0.435923 0.625553 0.576914
4 0.370992 0.616961 0.374043 0.587497 0.356394 0.581684 0.353343 0.611148 0.570793
4 0.343019 0.579859 0.34395 0.550549 0.327598 0.548897 0.326667 0.578207 0.37116
4 0.366965 0.56455 0.367569 0.536938 0.351212 0.5358 0.350608 0.563412 0.916385
4 0.337279 0.471726 0.339365 0.443587 0.323513 0.439851 0.321428 0.46799 0.907712
4 0.358379 0.446603 0.360015 0.419478 0.344856 0.416569 0.343219 0.443694 0.791263
4 0.398593 0.360552 0.399864 0.331396 0.383841 0.329174 0.38257 0.35833 0.701618
4 0.477711 0.629138 0.479019 0.594365 0.461933 0.592322 0.460625 0.627095 0.628344
4 0.381133 0.659344 0.383424 0.62842 0.367305 0.624622 0.365014 0.655546 0.616825
0 0.455588 0.631697 0.459357 0.593332 0.439692 0.587188 0.435923 0.625553 0.576914
4 0.370992 0.616961 0.374043 0.587497 0.356394 0.581684 0.353343 0.611148 0.570793
4 0.343019 0.579859 0.34395 0.550549 0.327598 0.548897 0.326667 0.578207 0.37116
