4 0.367479 0.564892 0.368161 0.537055 0.351581 0.535763 0.350898 0.563599 0.928248
4 0.337432 0.471802 0.339512 0.443352 0.32348 0.439625 0.321401 0.468075 0.898943
4 0.358545 0.446464 0.360097 0.419282 0.344857 0.416514 0.343305 0.443697 0.793201
4 0.398558 0.360434 0.399783 0.331151 0.3838 0.329025 0.382575 0.358308 0.7143
4 0.342779 0.58099 0.344033 0.55135 0.327427 0.549116 0.326173 0.578755 0.569308
4 0.44227 0.606686 0.445451 0.569926 0.423275 0.563824 0.420094 0.600584 0.54338
4 0.380877 0.657892 0.382695 0.625662 0.364336 0.622367 0.362518 0.654597 0.534116
4 0.367479 0.564892 0.368161 0.537055 0.351581 0.535763 0.350898 0.563599 0.928248
4 0.337432 0.471802 0.339512 0.443352 0.32348 0.439625 0.321401 0.468075 0.898943
4 0.358545 0.446464 0.360097 0.419282 0.344857 0.416514 0.343305 0.443697 0.793201
4 0.398558 0.360434 0.399783 0.331151 0.3838 0.329025 0.382575 0.358308 0.7143
4 0.342779 0.58099 0.344033 0.55135 0.327427 0.549116 0.326173 0.578755 0.569308
4 0.44227 0.606686 0.445451 0.569926 0.423275 0.563824 0.420094 0.600584 0.54338
4 0.380877 0.657892 0.382695 0.625662 0.364336 0.622367 0.362518 0.654597 0.534116
