4 0.367462 0.565068 0.368153 0.537123 0.351523 0.535816 0.350832 0.563761 0.927958
4 0.337334 0.471904 0.339442 0.443532 0.323464 0.439756 0.321356 0.468128 0.899673
4 0.358489 0.446358 0.360093 0.418963 0.344806 0.416117 0.343202 0.443512 0.799322
4 0.398496 0.360427 0.3997 0.331264 0.383741 0.329168 0.382537 0.358332 0.739813
4 0.342788 0.581067 0.344053 0.551387 0.327454 0.549137 0.326189 0.578817 0.556577
4 0.446178 0.608174 0.447451 0.571108 0.423536 0.568496 0.422263 0.605562 0.54497
4 0.380818 0.657996 0.382735 0.625516 0.364102 0.622017 0.362184 0.654497 0.531774
0 0.425111 0.596723 0.428048 0.557363 0.408072 0.552622 0.405135 0.591982 0.382488
4 0.367462 0.565068 0.368153 0.537123 0.351523 0.535816 0.350832 0.563761 0.927958
4 0.337334 0.471904 0.339442 0.443532 0.323464 0.439756 0.321356 0.468128 0.899673
4 0.358489 0.446358 0.360093 0.418963 0.344806 0.416117 0.343202 0.443512 0.799322
4 0.398496 0.360427 0.3997 0.331264 0.383741 0.329168 0.382537 0.358332 0.739813
4 0.342788 0.581067 0.344053 0.551387 0.327454 0.549137 0.326189 0.578817 0.556577
4 0.446178 0.608174 0.447451 0.571108 0.423536 0.568496 0.422263 0.605562 0.54497
4 0.380818 0.657996 0.382735 0.625516 0.364102 0.622017 0.362184 0.654497 0.531774
0 0.425111 0.596723 0.428048 0.557363 0.408072 0.552622 0.405135 0.591982 0.382488
