4 0.201695 0.392689 0.203545 0.362578 0.185901 0.359131 0.184052 0.389243 0.921359
4 0.402184 0.433652 0.404565 0.404849 0.387703 0.400417 0.385323 0.429221 0.913581
4 0.501247 0.474517 0.50225 0.447517 0.485964 0.445593 0.484961 0.472592 0.869133
4 0.303205 0.244544 0.305332 0.213215 0.287783 0.209427 0.285657 0.240756 0.867382
4 0.435206 0.304673 0.437405 0.275688 0.421345 0.271814 0.419146 0.300799 0.846399
4 0.337597 0.556817 0.339953 0.522619 0.320356 0.518326 0.318 0.552524 0.795497
0 0.443128 0.440288 0.445502 0.40437 0.427196 0.400522 0.424822 0.436439 0.660267
4 0.361931 0.841505 0.363521 0.813557 0.347699 0.810694 0.346109 0.838641 0.489304
4 0.24419 0.759278 0.246436 0.728185 0.229745 0.72435 0.227498 0.755442 0.421694
4 0.168953 0.582998 0.1713 0.550415 0.154123 0.546482 0.151777 0.579064 0.377621
4 0.201695 0.392689 0.203545 0.362578 0.185901 0.359131 0.184052 0.389243 0.921359
4 0.402184 0.433652 0.404565 0.404849 0.387703 0.400417 0.385323 0.429221 0.913581
4 0.501247 0.474517 0.50225 0.447517 0.485964 0.445593 0.484961 0.472592 0.869133
4 0.303205 0.244544 0.305332 0.213215 0.287783 0.209427 0.285657 0.240756 0.867382
4 0.435206 0.304673 0.437405 0.275688 0.421345 0.271814 0.419146 0.300799 0.846399
4 0.337597 0.556817 0.339953 0.522619 0.320356 0.518326 0.318 0.552524 0.795497
0 0.443128 0.440288 0.445502 0.40437 0.427196 0.400522 0.424822 0.436439 0.660267
4 0.361931 0.841505 0.363521 0.813557 0.347699 0.810694 0.346109 0.838641 0.489304
4 0.24419 0.759278 0.246436 0.728185 0.229745 0.72435 0.227498 0.755442 0.421694
4 0.168953 0.582998 0.1713 0.550415 0.154123 0.546482 0.151777 0.579064 0.377621
