4 0.402744 0.433393 0.405163 0.404831 0.387793 0.400153 0.385374 0.428715 0.935658
4 0.201758 0.392729 0.203713 0.362425 0.186 0.358792 0.184045 0.389095 0.919243
4 0.303328 0.245018 0.305616 0.213303 0.2879 0.209238 0.285612 0.240952 0.871038
4 0.501084 0.474652 0.502143 0.447462 0.485568 0.445409 0.484509 0.472599 0.867015
4 0.435223 0.304572 0.43744 0.275764 0.421418 0.271844 0.419201 0.300652 0.838503
4 0.337763 0.556799 0.340019 0.522626 0.320446 0.518516 0.31819 0.55269 0.810291
0 0.448976 0.473318 0.451829 0.437283 0.431808 0.432243 0.428955 0.468278 0.730655
4 0.361998 0.841484 0.363469 0.813481 0.347599 0.810829 0.346127 0.838832 0.494296
4 0.244174 0.759547 0.246593 0.728063 0.22966 0.723924 0.227241 0.755408 0.379454
4 0.168965 0.582931 0.17123 0.550941 0.154368 0.547144 0.152103 0.579134 0.35121
4 0.402744 0.433393 0.405163 0.404831 0.387793 0.400153 0.385374 0.428715 0.935658
4 0.201758 0.392729 0.203713 0.362425 0.186 0.358792 0.184045 0.389095 0.919243
4 0.303328 0.245018 0.305616 0.213303 0.2879 0.209238 0.285612 0.240952 0.871038
4 0.501084 0.474652 0.502143 0.447462 0.485568 0.445409 0.484509 0.472599 0.867015
4 0.435223 0.304572 0.43744 0.275764 0.421418 0.271844 0.419201 0.300652 0.838503
4 0.337763 0.556799 0.340019 0.522626 0.320446 0.518516 0.31819 0.55269 0.810291
0 0.448976 0.473318 0.451829 0.437283 0.431808 0.432243 0.428955 0.468278 0.730655
4 0.361998 0.841484 0.363469 0.813481 0.347599 0.810829 0.346127 0.838832 0.494296
4 0.244174 0.759547 0.246593 0.728063 0.22966 0.723924 0.227241 0.755408 0.379454
4 0.168965 0.582931 0.17123 0.550941 0.154368 0.547144 0.152103 0.579134 0.35121
