4 0.201849 0.392491 0.203694 0.36231 0.185995 0.35887 0.18415 0.38905 0.922177
4 0.303215 0.244864 0.305311 0.213251 0.287812 0.20956 0.285715 0.241173 0.884473
4 0.501158 0.474524 0.502164 0.447528 0.485939 0.445605 0.484933 0.472601 0.853253
4 0.435209 0.304738 0.437347 0.275971 0.421472 0.272219 0.419335 0.300987 0.837365
4 0.411093 0.651685 0.41286 0.621597 0.39598 0.618443 0.394212 0.64853 0.513151
4 0.361985 0.841657 0.36358 0.813515 0.34767 0.810648 0.346075 0.83879 0.477342
4 0.244141 0.759446 0.246468 0.72839 0.229683 0.72439 0.227356 0.755445 0.425508
0 0.39205 0.624447 0.395752 0.586639 0.375235 0.58025 0.371534 0.618058 0.417956
4 0.441687 0.626144 0.443583 0.597678 0.427852 0.594345 0.425956 0.622811 0.359226
4 0.168548 0.580454 0.171204 0.548303 0.152992 0.543519 0.150337 0.57567 0.358247
4 0.201849 0.392491 0.203694 0.36231 0.185995 0.35887 0.18415 0.38905 0.922177
4 0.303215 0.244864 0.305311 0.213251 0.287812 0.20956 0.285715 0.241173 0.884473
4 0.501158 0.474524 0.502164 0.447528 0.485939 0.445605 0.484933 0.472601 0.853253
4 0.435209 0.304738 0.437347 0.275971 0.421472 0.272219 0.419335 0.300987 0.837365
4 0.411093 0.651685 0.41286 0.621597 0.39598 0.618443 0.394212 0.64853 0.513151
4 0.361985 0.841657 0.36358 0.813515 0.34767 0.810648 0.346075 0.83879 0.477342
4 0.244141 0.759446 0.246468 0.72839 0.229683 0.72439 0.227356 0.755445 0.425508
0 0.39205 0.624447 0.395752 0.586639 0.375235 0.58025 0.371534 0.618058 0.417956
4 0.441687 0.626144 0.443583 0.597678 0.427852 0.594345 0.425956 0.622811 0.359226
4 0.168548 0.580454 0.171204 0.548303 0.152992 0.543519 0.150337 0.57567 0.358247
