4 0.201661 0.392745 0.203608 0.362309 0.18568 0.358662 0.183733 0.389097 0.918499
4 0.501239 0.474633 0.502246 0.447338 0.485738 0.445401 0.484731 0.472696 0.870283
4 0.303207 0.245062 0.305489 0.213228 0.287752 0.209185 0.28547 0.241018 0.866921
4 0.401911 0.432504 0.402825 0.404049 0.387312 0.402463 0.386397 0.430918 0.849515
4 0.435253 0.304745 0.43736 0.276003 0.421511 0.272309 0.419405 0.301051 0.848499
4 0.337539 0.557018 0.340006 0.522702 0.320432 0.518226 0.317964 0.552541 0.79602
0 0.448554 0.450152 0.451242 0.414638 0.432228 0.41006 0.42954 0.445574 0.738932
4 0.361899 0.841624 0.363539 0.813619 0.347736 0.810677 0.346097 0.838682 0.480148
4 0.244339 0.759639 0.246706 0.728274 0.229839 0.724225 0.227472 0.75559 0.38083
4 0.169033 0.583048 0.171489 0.550526 0.154315 0.546401 0.151859 0.578923 0.366865
4 0.0938326 0.355462 0.0979763 0.322701 0.0761978 0.313941 0.0720541 0.346702 0.289128
4 0.201661 0.392745 0.203608 0.362309 0.18568 0.358662 0.183733 0.389097 0.918499
4 0.501239 0.474633 0.502246 0.447338 0.485738 0.445401 0.484731 0.472696 0.870283
4 0.303207 0.245062 0.305489 0.213228 0.287752 0.209185 0.28547 0.241018 0.866921
4 0.401911 0.432504 0.402825 0.404049 0.387312 0.402463 0.386397 0.430918 0.849515
4 0.435253 0.304745 0.43736 0.276003 0.421511 0.272309 0.419405 0.301051 0.848499
4 0.337539 0.557018 0.340006 0.522702 0.320432 0.518226 0.317964 0.552541 0.79602
0 0.448554 0.450152 0.451242 0.414638 0.432228 0.41006 0.42954 0.445574 0.738932
4 0.361899 0.841624 0.363539 0.813619 0.347736 0.810677 0.346097 0.838682 0.480148
4 0.244339 0.759639 0.246706 0.728274 0.229839 0.724225 0.227472 0.75559 0.38083
4 0.169033 0.583048 0.171489 0.550526 0.154315 0.546401 0.151859 0.578923 0.366865
4 0.0938326 0.355462 0.0979763 0.322701 0.0761978 0.313941 0.0720541 0.346702 0.289128
