4 0.201777 0.392624 0.203648 0.362447 0.185876 0.358943 0.184005 0.38912 0.922978
4 0.303237 0.244849 0.305412 0.213236 0.287815 0.209387 0.285641 0.240999 0.881579
4 0.501363 0.474459 0.502366 0.44734 0.485822 0.445394 0.484818 0.472513 0.868735
4 0.435165 0.30485 0.437378 0.275603 0.421279 0.271729 0.419066 0.300975 0.857772
4 0.401532 0.432599 0.402405 0.404284 0.387187 0.402793 0.386315 0.431108 0.833388
4 0.337643 0.556801 0.340005 0.522687 0.320487 0.51839 0.318125 0.552504 0.78735
0 0.44616 0.438536 0.447415 0.402956 0.428627 0.400849 0.427372 0.436428 0.648155
4 0.361918 0.841698 0.363552 0.813585 0.347688 0.810653 0.346054 0.838765 0.476311
4 0.168668 0.580167 0.171223 0.548187 0.153341 0.543645 0.150787 0.575625 0.344302
4 0.244119 0.759493 0.246542 0.728329 0.229802 0.724189 0.227379 0.755353 0.337122
4 0.201777 0.392624 0.203648 0.362447 0.185876 0.358943 0.184005 0.38912 0.922978
4 0.303237 0.244849 0.305412 0.213236 0.287815 0.209387 0.285641 0.240999 0.881579
4 0.501363 0.474459 0.502366 0.44734 0.485822 0.445394 0.484818 0.472513 0.868735
4 0.435165 0.30485 0.437378 0.275603 0.421279 0.271729 0.419066 0.300975 0.857772
4 0.401532 0.432599 0.402405 0.404284 0.387187 0.402793 0.386315 0.431108 0.833388
4 0.337643 0.556801 0.340005 0.522687 0.320487 0.51839 0.318125 0.552504 0.78735
0 0.44616 0.438536 0.447415 0.402956 0.428627 0.400849 0.427372 0.436428 0.648155
4 0.361918 0.841698 0.363552 0.813585 0.347688 0.810653 0.346054 0.838765 0.476311
4 0.168668 0.580167 0.171223 0.548187 0.153341 0.543645 0.150787 0.575625 0.344302
4 0.244119 0.759493 0.246542 0.728329 0.229802 0.724189 0.227379 0.755353 0.337122
