4 0.367668 0.567151 0.371093 0.533705 0.351977 0.527479 0.348552 0.560925 0.860272
4 0.337367 0.471889 0.339381 0.444575 0.323866 0.440937 0.321853 0.468251 0.833678
4 0.358362 0.446157 0.359969 0.418588 0.344743 0.415764 0.343136 0.443334 0.800929
4 0.397817 0.360569 0.399651 0.330047 0.382865 0.326839 0.381031 0.357361 0.655534
4 0.376414 0.541857 0.378961 0.505393 0.36065 0.501324 0.358102 0.537788 0.585744
4 0.342353 0.581269 0.344043 0.551808 0.327563 0.548802 0.325873 0.578263 0.53558
4 0.381028 0.657616 0.382936 0.625039 0.364262 0.62156 0.362354 0.654137 0.533081
0 0.356839 0.531607 0.360344 0.485972 0.337592 0.480415 0.334087 0.526049 0.36739
4 0.367668 0.567151 0.371093 0.533705 0.351977 0.527479 0.348552 0.560925 0.860272
4 0.337367 0.471889 0.339381 0.444575 0.323866 0.440937 0.321853 0.468251 0.833678
4 0.358362 0.446157 0.359969 0.418588 0.344743 0.415764 0.343136 0.443334 0.800929
4 0.397817 0.360569 0.399651 0.330047 0.382865 0.326839 0.381031 0.357361 0.655534
4 0.376414 0.541857 0.378961 0.505393 0.36065 0.501324 0.358102 0.537788 0.585744
4 0.342353 0.581269 0.344043 0.551808 0.327563 0.548802 0.325873 0.578263 0.53558
4 0.381028 0.657616 0.382936 0.625039 0.364262 0.62156 0.362354 0.654137 0.533081
0 0.356839 0.531607 0.360344 0.485972 0.337592 0.480415 0.334087 0.526049 0.36739
