4 0.33727 0.471645 0.339308 0.442942 0.323336 0.439336 0.321298 0.468039 0.885529
4 0.36723 0.565615 0.367809 0.536691 0.351964 0.535682 0.351384 0.564606 0.856517
4 0.358575 0.446723 0.360267 0.418932 0.344783 0.415933 0.343091 0.443725 0.757541
4 0.397752 0.360512 0.399669 0.329837 0.382906 0.326506 0.380989 0.357181 0.657465
4 0.416547 0.581645 0.419493 0.547015 0.398103 0.541229 0.395157 0.575859 0.649806
4 0.380782 0.657291 0.38257 0.625726 0.364418 0.622455 0.362629 0.654019 0.59015
4 0.342598 0.581587 0.344015 0.55153 0.32735 0.549032 0.325933 0.579089 0.492409
4 0.373189 0.648588 0.375316 0.614086 0.357887 0.610669 0.355761 0.645171 0.480575
4 0.33727 0.471645 0.339308 0.442942 0.323336 0.439336 0.321298 0.468039 0.885529
4 0.36723 0.565615 0.367809 0.536691 0.351964 0.535682 0.351384 0.564606 0.856517
4 0.358575 0.446723 0.360267 0.418932 0.344783 0.415933 0.343091 0.443725 0.757541
4 0.397752 0.360512 0.399669 0.329837 0.382906 0.326506 0.380989 0.357181 0.657465
4 0.416547 0.581645 0.419493 0.547015 0.398103 0.541229 0.395157 0.575859 0.649806
4 0.380782 0.657291 0.38257 0.625726 0.364418 0.622455 0.362629 0.654019 0.59015
4 0.342598 0.581587 0.344015 0.55153 0.32735 0.549032 0.325933 0.579089 0.492409
4 0.373189 0.648588 0.375316 0.614086 0.357887 0.610669 0.355761 0.645171 0.480575
