0 0.349783 0.521422 0.353123 0.482073 0.331385 0.476204 0.328044 0.515553 0.846524
4 0.357898 0.445822 0.359551 0.418167 0.344455 0.415296 0.342802 0.442952 0.753278
4 0.336751 0.471292 0.339017 0.444186 0.323508 0.440062 0.321241 0.467168 0.741537
4 0.365883 0.555403 0.369179 0.517295 0.349275 0.51182 0.345979 0.549928 0.723712
4 0.397902 0.360563 0.399705 0.330205 0.383034 0.327056 0.381231 0.357414 0.664418
4 0.342808 0.582865 0.34466 0.551513 0.327657 0.548318 0.325804 0.57967 0.603077
4 0.380953 0.657239 0.38286 0.625028 0.364279 0.621529 0.362372 0.65374 0.526745
0 0.349783 0.521422 0.353123 0.482073 0.331385 0.476204 0.328044 0.515553 0.846524
4 0.357898 0.445822 0.359551 0.418167 0.344455 0.415296 0.342802 0.442952 0.753278
4 0.336751 0.471292 0.339017 0.444186 0.323508 0.440062 0.321241 0.467168 0.741537
4 0.365883 0.555403 0.369179 0.517295 0.349275 0.51182 0.345979 0.549928 0.723712
4 0.397902 0.360563 0.399705 0.330205 0.383034 0.327056 0.381231 0.357414 0.664418
4 0.342808 0.582865 0.34466 0.551513 0.327657 0.548318 0.325804 0.57967 0.603077
4 0.380953 0.657239 0.38286 0.625028 0.364279 0.621529 0.362372 0.65374 0.526745
