4 0.201862 0.392507 0.203734 0.362346 0.186002 0.358847 0.184131 0.389008 0.920909
4 0.402309 0.433165 0.403829 0.404226 0.387599 0.401516 0.38608 0.430456 0.908712
4 0.303262 0.244866 0.305482 0.21337 0.287927 0.209434 0.285707 0.24093 0.866275
4 0.501177 0.474812 0.502271 0.447351 0.485657 0.445246 0.484564 0.472708 0.851838
4 0.435263 0.304937 0.437376 0.275892 0.42128 0.272169 0.419167 0.301214 0.842948
4 0.337729 0.556636 0.339835 0.522666 0.320366 0.518828 0.31826 0.552798 0.803019
0 0.446427 0.451688 0.446936 0.416298 0.429063 0.415481 0.428555 0.450871 0.761427
4 0.361951 0.841509 0.363517 0.813443 0.347611 0.810619 0.346044 0.838685 0.48962
4 0.244102 0.759345 0.246355 0.72863 0.229832 0.724774 0.227578 0.755489 0.424261
4 0.168583 0.580304 0.171199 0.548183 0.152971 0.543461 0.150354 0.575582 0.343405
4 0.429837 0.414939 0.431387 0.379265 0.412774 0.376694 0.411225 0.412367 0.310875
4 0.201862 0.392507 0.203734 0.362346 0.186002 0.358847 0.184131 0.389008 0.920909
4 0.402309 0.433165 0.403829 0.404226 0.387599 0.401516 0.38608 0.430456 0.908712
4 0.303262 0.244866 0.305482 0.21337 0.287927 0.209434 0.285707 0.24093 0.866275
4 0.501177 0.474812 0.502271 0.447351 0.485657 0.445246 0.484564 0.472708 0.851838
4 0.435263 0.304937 0.437376 0.275892 0.42128 0.272169 0.419167 0.301214 0.842948
4 0.337729 0.556636 0.339835 0.522666 0.320366 0.518828 0.31826 0.552798 0.803019
0 0.446427 0.451688 0.446936 0.416298 0.429063 0.415481 0.428555 0.450871 0.761427
4 0.361951 0.841509 0.363517 0.813443 0.347611 0.810619 0.346044 0.838685 0.48962
4 0.244102 0.759345 0.246355 0.72863 0.229832 0.724774 0.227578 0.755489 0.424261
4 0.168583 0.580304 0.171199 0.548183 0.152971 0.543461 0.150354 0.575582 0.343405
4 0.429837 0.414939 0.431387 0.379265 0.412774 0.376694 0.411225 0.412367 0.310875
