4 0.361301 0.497675 0.362687 0.469374 0.346395 0.466837 0.345009 0.495137 0.94837
0 0.40342 0.678878 0.407596 0.64108 0.388737 0.634454 0.384561 0.672252 0.742609
4 0.425919 0.682789 0.428341 0.65467 0.411008 0.649922 0.408586 0.678041 0.574733
4 0.331214 0.498188 0.333422 0.458072 0.310559 0.45407 0.308351 0.494187 0.52434
4 0.336581 0.473606 0.337549 0.444302 0.321236 0.442587 0.320268 0.471892 0.419939
4 0.341298 0.585071 0.344789 0.553466 0.327636 0.54744 0.324144 0.579045 0.371302
4 0.361301 0.497675 0.362687 0.469374 0.346395 0.466837 0.345009 0.495137 0.94837
0 0.40342 0.678878 0.407596 0.64108 0.388737 0.634454 0.384561 0.672252 0.742609
4 0.425919 0.682789 0.428341 0.65467 0.411008 0.649922 0.408586 0.678041 0.574733
4 0.331214 0.498188 0.333422 0.458072 0.310559 0.45407 0.308351 0.494187 0.52434
4 0.336581 0.473606 0.337549 0.444302 0.321236 0.442587 0.320268 0.471892 0.419939
4 0.341298 0.585071 0.344789 0.553466 0.327636 0.54744 0.324144 0.579045 0.371302
