4 0.201857 0.392485 0.203685 0.362455 0.185984 0.359028 0.184156 0.389058 0.923233
4 0.303159 0.245233 0.305183 0.213078 0.287453 0.209528 0.285428 0.241683 0.874948
4 0.501008 0.474613 0.502039 0.447655 0.485977 0.445702 0.484946 0.472659 0.851165
4 0.435121 0.305065 0.437411 0.275888 0.421278 0.271861 0.418988 0.301039 0.84224
0 0.330928 0.528053 0.332879 0.487705 0.311785 0.484461 0.309834 0.524809 0.78666
4 0.354006 0.552753 0.356082 0.52187 0.336445 0.517673 0.33437 0.548556 0.64948
4 0.36195 0.841277 0.363458 0.813597 0.347732 0.810874 0.346225 0.838554 0.449074
4 0.470217 0.676508 0.471765 0.649795 0.457287 0.647126 0.455739 0.673838 0.368611
4 0.168727 0.580273 0.171198 0.548295 0.153279 0.543891 0.150808 0.57587 0.353653
4 0.243958 0.759344 0.246346 0.728129 0.229671 0.724073 0.227283 0.755288 0.323284
4 0.201857 0.392485 0.203685 0.362455 0.185984 0.359028 0.184156 0.389058 0.923233
4 0.303159 0.245233 0.305183 0.213078 0.287453 0.209528 0.285428 0.241683 0.874948
4 0.501008 0.474613 0.502039 0.447655 0.485977 0.445702 0.484946 0.472659 0.851165
4 0.435121 0.305065 0.437411 0.275888 0.421278 0.271861 0.418988 0.301039 0.84224
0 0.330928 0.528053 0.332879 0.487705 0.311785 0.484461 0.309834 0.524809 0.78666
4 0.354006 0.552753 0.356082 0.52187 0.336445 0.517673 0.33437 0.548556 0.64948
4 0.36195 0.841277 0.363458 0.813597 0.347732 0.810874 0.346225 0.838554 0.449074
4 0.470217 0.676508 0.471765 0.649795 0.457287 0.647126 0.455739 0.673838 0.368611
4 0.168727 0.580273 0.171198 0.548295 0.153279 0.543891 0.150808 0.57587 0.353653
4 0.243958 0.759344 0.246346 0.728129 0.229671 0.724073 0.227283 0.755288 0.323284
