4 0.201741 0.392689 0.203627 0.362586 0.185858 0.359046 0.183972 0.389149 0.923491
4 0.303266 0.24502 0.305514 0.213406 0.287968 0.209438 0.28572 0.241052 0.863399
4 0.501078 0.474415 0.502077 0.447589 0.485993 0.445685 0.484994 0.472512 0.858994
4 0.435084 0.304763 0.437255 0.275596 0.42125 0.271806 0.419078 0.300972 0.844284
4 0.430798 0.608925 0.431922 0.581043 0.414639 0.578827 0.413515 0.606709 0.644635
4 0.443299 0.710587 0.445852 0.68125 0.42619 0.675809 0.423637 0.705145 0.560309
4 0.361884 0.841519 0.363464 0.813663 0.347756 0.81083 0.346176 0.838686 0.445604
4 0.24409 0.759384 0.246395 0.728247 0.229766 0.724331 0.22746 0.755467 0.376097
4 0.168544 0.580576 0.171227 0.548423 0.153148 0.543625 0.150465 0.575778 0.356954
0 0.426433 0.692388 0.431322 0.657219 0.410914 0.648196 0.406025 0.683365 0.266088
4 0.201741 0.392689 0.203627 0.362586 0.185858 0.359046 0.183972 0.389149 0.923491
4 0.303266 0.24502 0.305514 0.213406 0.287968 0.209438 0.28572 0.241052 0.863399
4 0.501078 0.474415 0.502077 0.447589 0.485993 0.445685 0.484994 0.472512 0.858994
4 0.435084 0.304763 0.437255 0.275596 0.42125 0.271806 0.419078 0.300972 0.844284
4 0.430798 0.608925 0.431922 0.581043 0.414639 0.578827 0.413515 0.606709 0.644635
4 0.443299 0.710587 0.445852 0.68125 0.42619 0.675809 0.423637 0.705145 0.560309
4 0.361884 0.841519 0.363464 0.813663 0.347756 0.81083 0.346176 0.838686 0.445604
4 0.24409 0.759384 0.246395 0.728247 0.229766 0.724331 0.22746 0.755467 0.376097
4 0.168544 0.580576 0.171227 0.548423 0.153148 0.543625 0.150465 0.575778 0.356954
0 0.426433 0.692388 0.431322 0.657219 0.410914 0.648196 0.406025 0.683365 0.266088
