4 0.361413 0.498095 0.362771 0.469562 0.346349 0.467077 0.344991 0.495609 0.94913
4 0.424497 0.680973 0.42649 0.652287 0.409107 0.648447 0.407114 0.677132 0.704549
0 0.401985 0.660513 0.405694 0.620894 0.38627 0.615109 0.382561 0.654728 0.649802
4 0.330848 0.498676 0.333235 0.457944 0.310305 0.453671 0.307919 0.494404 0.5084
4 0.336518 0.474262 0.337682 0.444216 0.321045 0.442167 0.319881 0.472213 0.352142
4 0.341249 0.585392 0.344852 0.55378 0.327596 0.547525 0.323993 0.579137 0.335433
4 0.361413 0.498095 0.362771 0.469562 0.346349 0.467077 0.344991 0.495609 0.94913
4 0.424497 0.680973 0.42649 0.652287 0.409107 0.648447 0.407114 0.677132 0.704549
0 0.401985 0.660513 0.405694 0.620894 0.38627 0.615109 0.382561 0.654728 0.649802
4 0.330848 0.498676 0.333235 0.457944 0.310305 0.453671 0.307919 0.494404 0.5084
4 0.336518 0.474262 0.337682 0.444216 0.321045 0.442167 0.319881 0.472213 0.352142
4 0.341249 0.585392 0.344852 0.55378 0.327596 0.547525 0.323993 0.579137 0.335433
