4 0.201898 0.392976 0.203827 0.362535 0.185935 0.35893 0.184006 0.389371 0.916745
4 0.30332 0.244811 0.305428 0.213226 0.287796 0.209483 0.285687 0.241068 0.870191
4 0.394283 0.617152 0.395463 0.585008 0.375528 0.582681 0.374348 0.614824 0.859564
4 0.500982 0.474652 0.502049 0.447775 0.486009 0.445748 0.484941 0.472625 0.847102
4 0.435193 0.304727 0.437362 0.27592 0.421484 0.272118 0.419315 0.300925 0.826659
0 0.375356 0.593608 0.377764 0.556294 0.35792 0.552221 0.355512 0.589535 0.592288
4 0.361942 0.841608 0.363476 0.813741 0.347743 0.810987 0.346209 0.838854 0.463121
4 0.24409 0.759299 0.246412 0.728367 0.229659 0.724368 0.227337 0.7553 0.413167
4 0.168419 0.580231 0.170991 0.54821 0.153048 0.543627 0.150476 0.575649 0.348759
4 0.201898 0.392976 0.203827 0.362535 0.185935 0.35893 0.184006 0.389371 0.916745
4 0.30332 0.244811 0.305428 0.213226 0.287796 0.209483 0.285687 0.241068 0.870191
4 0.394283 0.617152 0.395463 0.585008 0.375528 0.582681 0.374348 0.614824 0.859564
4 0.500982 0.474652 0.502049 0.447775 0.486009 0.445748 0.484941 0.472625 0.847102
4 0.435193 0.304727 0.437362 0.27592 0.421484 0.272118 0.419315 0.300925 0.826659
0 0.375356 0.593608 0.377764 0.556294 0.35792 0.552221 0.355512 0.589535 0.592288
4 0.361942 0.841608 0.363476 0.813741 0.347743 0.810987 0.346209 0.838854 0.463121
4 0.24409 0.759299 0.246412 0.728367 0.229659 0.724368 0.227337 0.7553 0.413167
4 0.168419 0.580231 0.170991 0.54821 0.153048 0.543627 0.150476 0.575649 0.348759
