4 0.201682 0.392697 0.203589 0.362464 0.185808 0.358897 0.183901 0.389131 0.91797
4 0.501391 0.47482 0.502445 0.447389 0.485864 0.445363 0.48481 0.472794 0.866143
4 0.303305 0.245003 0.305566 0.213286 0.287895 0.20928 0.285634 0.240997 0.862827
4 0.401943 0.432697 0.402865 0.404423 0.387468 0.402827 0.386547 0.431101 0.848
4 0.435234 0.304863 0.437424 0.275972 0.421432 0.272117 0.419242 0.301008 0.83185
4 0.337552 0.556907 0.339975 0.522559 0.320457 0.518179 0.318033 0.552528 0.810407
0 0.447225 0.451843 0.449348 0.416848 0.430594 0.413231 0.428472 0.448226 0.678009
4 0.361922 0.84157 0.363492 0.813806 0.347772 0.810978 0.346201 0.838742 0.47225
4 0.244188 0.759354 0.24641 0.728601 0.229966 0.724822 0.227744 0.755575 0.411747
4 0.168564 0.580398 0.171088 0.548455 0.153061 0.543926 0.150537 0.575869 0.349427
4 0.201682 0.392697 0.203589 0.362464 0.185808 0.358897 0.183901 0.389131 0.91797
4 0.501391 0.47482 0.502445 0.447389 0.485864 0.445363 0.48481 0.472794 0.866143
4 0.303305 0.245003 0.305566 0.213286 0.287895 0.20928 0.285634 0.240997 0.862827
4 0.401943 0.432697 0.402865 0.404423 0.387468 0.402827 0.386547 0.431101 0.848
4 0.435234 0.304863 0.437424 0.275972 0.421432 0.272117 0.419242 0.301008 0.83185
4 0.337552 0.556907 0.339975 0.522559 0.320457 0.518179 0.318033 0.552528 0.810407
0 0.447225 0.451843 0.449348 0.416848 0.430594 0.413231 0.428472 0.448226 0.678009
4 0.361922 0.84157 0.363492 0.813806 0.347772 0.810978 0.346201 0.838742 0.47225
4 0.244188 0.759354 0.24641 0.728601 0.229966 0.724822 0.227744 0.755575 0.411747
4 0.168564 0.580398 0.171088 0.548455 0.153061 0.543926 0.150537 0.575869 0.349427
