4 0.201784 0.392532 0.203628 0.362428 0.186015 0.358998 0.184172 0.389102 0.922586
4 0.401562 0.433567 0.402954 0.40497 0.38673 0.402459 0.385338 0.431055 0.899947
4 0.303364 0.244578 0.305414 0.213462 0.287983 0.209811 0.285933 0.240927 0.880306
4 0.501392 0.474302 0.502275 0.447304 0.485947 0.445604 0.485063 0.472603 0.874486
0 0.441242 0.45579 0.444593 0.420157 0.42483 0.414245 0.421478 0.449878 0.864794
4 0.435276 0.304772 0.437399 0.275763 0.421185 0.271989 0.419061 0.300998 0.835859
4 0.337634 0.556891 0.340073 0.522767 0.320496 0.518316 0.318057 0.552441 0.808598
4 0.361977 0.841562 0.363552 0.813741 0.347751 0.810896 0.346175 0.838717 0.470025
4 0.168877 0.582725 0.171135 0.550694 0.154204 0.546899 0.151947 0.57893 0.409341
4 0.244146 0.759691 0.246501 0.728193 0.22964 0.724183 0.227284 0.755681 0.340483
4 0.434349 0.394881 0.437038 0.360962 0.419798 0.356615 0.417109 0.390534 0.322164
4 0.201784 0.392532 0.203628 0.362428 0.186015 0.358998 0.184172 0.389102 0.922586
4 0.401562 0.433567 0.402954 0.40497 0.38673 0.402459 0.385338 0.431055 0.899947
4 0.303364 0.244578 0.305414 0.213462 0.287983 0.209811 0.285933 0.240927 0.880306
4 0.501392 0.474302 0.502275 0.447304 0.485947 0.445604 0.485063 0.472603 0.874486
0 0.441242 0.45579 0.444593 0.420157 0.42483 0.414245 0.421478 0.449878 0.864794
4 0.435276 0.304772 0.437399 0.275763 0.421185 0.271989 0.419061 0.300998 0.835859
4 0.337634 0.556891 0.340073 0.522767 0.320496 0.518316 0.318057 0.552441 0.808598
4 0.361977 0.841562 0.363552 0.813741 0.347751 0.810896 0.346175 0.838717 0.470025
4 0.168877 0.582725 0.171135 0.550694 0.154204 0.546899 0.151947 0.57893 0.409341
4 0.244146 0.759691 0.246501 0.728193 0.22964 0.724183 0.227284 0.755681 0.340483
4 0.434349 0.394881 0.437038 0.360962 0.419798 0.356615 0.417109 0.390534 0.322164
