4 0.391291 0.546336 0.392562 0.519378 0.375619 0.516837 0.374348 0.543796 0.872632
0 0.306289 0.467782 0.308811 0.431551 0.289211 0.427212 0.286689 0.463444 0.78683
4 0.41949 0.704399 0.420929 0.674016 0.403213 0.671348 0.401774 0.701731 0.729212
4 0.338376 0.576173 0.340372 0.54816 0.324055 0.544463 0.32206 0.572476 0.682823
4 0.39861 0.360268 0.399784 0.330907 0.383676 0.328858 0.382502 0.358219 0.681862
4 0.482064 0.636818 0.484355 0.60483 0.466605 0.600787 0.464314 0.632775 0.592202
4 0.296133 0.432014 0.29796 0.4078 0.283312 0.404287 0.281486 0.428501 0.525822
4 0.456858 0.558632 0.459627 0.521118 0.440335 0.51659 0.437566 0.554104 0.256966
4 0.391291 0.546336 0.392562 0.519378 0.375619 0.516837 0.374348 0.543796 0.872632
0 0.306289 0.467782 0.308811 0.431551 0.289211 0.427212 0.286689 0.463444 0.78683
4 0.41949 0.704399 0.420929 0.674016 0.403213 0.671348 0.401774 0.701731 0.729212
4 0.338376 0.576173 0.340372 0.54816 0.324055 0.544463 0.32206 0.572476 0.682823
4 0.39861 0.360268 0.399784 0.330907 0.383676 0.328858 0.382502 0.358219 0.681862
4 0.482064 0.636818 0.484355 0.60483 0.466605 0.600787 0.464314 0.632775 0.592202
4 0.296133 0.432014 0.29796 0.4078 0.283312 0.404287 0.281486 0.428501 0.525822
4 0.456858 0.558632 0.459627 0.521118 0.440335 0.51659 0.437566 0.554104 0.256966
