4 0.201806 0.392828 0.203693 0.362576 0.185895 0.359047 0.184009 0.389299 0.920166
4 0.392472 0.616276 0.394338 0.584026 0.375803 0.580616 0.373938 0.612866 0.874558
4 0.303314 0.244793 0.305408 0.213263 0.287819 0.209547 0.285724 0.241077 0.86821
4 0.500965 0.474681 0.502035 0.447754 0.485927 0.445719 0.484857 0.472646 0.847987
4 0.435119 0.304728 0.437275 0.276044 0.421456 0.272261 0.419299 0.300946 0.837874
0 0.373207 0.586197 0.375393 0.551959 0.356014 0.548023 0.353827 0.582261 0.600078
4 0.361917 0.841487 0.363447 0.813471 0.347574 0.810714 0.346044 0.838731 0.47029
4 0.244129 0.759395 0.246479 0.728166 0.229662 0.724141 0.227312 0.75537 0.379053
4 0.16849 0.58021 0.171014 0.548192 0.153064 0.543691 0.15054 0.575709 0.366335
4 0.459267 0.658126 0.461104 0.62942 0.445446 0.626235 0.44361 0.65494 0.289103
4 0.201806 0.392828 0.203693 0.362576 0.185895 0.359047 0.184009 0.389299 0.920166
4 0.392472 0.616276 0.394338 0.584026 0.375803 0.580616 0.373938 0.612866 0.874558
4 0.303314 0.244793 0.305408 0.213263 0.287819 0.209547 0.285724 0.241077 0.86821
4 0.500965 0.474681 0.502035 0.447754 0.485927 0.445719 0.484857 0.472646 0.847987
4 0.435119 0.304728 0.437275 0.276044 0.421456 0.272261 0.419299 0.300946 0.837874
0 0.373207 0.586197 0.375393 0.551959 0.356014 0.548023 0.353827 0.582261 0.600078
4 0.361917 0.841487 0.363447 0.813471 0.347574 0.810714 0.346044 0.838731 0.47029
4 0.244129 0.759395 0.246479 0.728166 0.229662 0.724141 0.227312 0.75537 0.379053
4 0.16849 0.58021 0.171014 0.548192 0.153064 0.543691 0.15054 0.575709 0.366335
4 0.459267 0.658126 0.461104 0.62942 0.445446 0.626235 0.44361 0.65494 0.289103
