4 0.201857 0.392575 0.203697 0.362475 0.185975 0.359032 0.184136 0.389131 0.928018
4 0.402904 0.433739 0.405342 0.40517 0.3879 0.400436 0.385462 0.429006 0.909011
4 0.303341 0.24452 0.305533 0.213102 0.287758 0.209159 0.285566 0.240576 0.868581
4 0.501347 0.474882 0.502251 0.447382 0.485955 0.44568 0.485052 0.47318 0.859631
4 0.435129 0.304445 0.437295 0.275659 0.421305 0.271834 0.41914 0.30062 0.84615
4 0.337693 0.556931 0.340051 0.522558 0.320416 0.518275 0.318059 0.552648 0.783073
0 0.463544 0.527984 0.465553 0.493025 0.445785 0.489412 0.443776 0.524371 0.632299
4 0.362008 0.841549 0.363506 0.813533 0.347523 0.810815 0.346025 0.838831 0.489368
4 0.244196 0.759319 0.246609 0.728153 0.229756 0.724003 0.227343 0.755169 0.455967
4 0.168654 0.58056 0.171219 0.548598 0.153109 0.543976 0.150544 0.575938 0.34485
4 0.201857 0.392575 0.203697 0.362475 0.185975 0.359032 0.184136 0.389131 0.928018
4 0.402904 0.433739 0.405342 0.40517 0.3879 0.400436 0.385462 0.429006 0.909011
4 0.303341 0.24452 0.305533 0.213102 0.287758 0.209159 0.285566 0.240576 0.868581
4 0.501347 0.474882 0.502251 0.447382 0.485955 0.44568 0.485052 0.47318 0.859631
4 0.435129 0.304445 0.437295 0.275659 0.421305 0.271834 0.41914 0.30062 0.84615
4 0.337693 0.556931 0.340051 0.522558 0.320416 0.518275 0.318059 0.552648 0.783073
0 0.463544 0.527984 0.465553 0.493025 0.445785 0.489412 0.443776 0.524371 0.632299
4 0.362008 0.841549 0.363506 0.813533 0.347523 0.810815 0.346025 0.838831 0.489368
4 0.244196 0.759319 0.246609 0.728153 0.229756 0.724003 0.227343 0.755169 0.455967
4 0.168654 0.58056 0.171219 0.548598 0.153109 0.543976 0.150544 0.575938 0.34485
