4 0.201975 0.392707 0.203846 0.362494 0.185964 0.358972 0.184093 0.389185 0.922436
4 0.50124 0.4743 0.502196 0.44731 0.485884 0.445473 0.484929 0.472463 0.877167
4 0.401278 0.433014 0.403242 0.404872 0.387259 0.401327 0.385296 0.429469 0.872245
4 0.303152 0.244787 0.305382 0.213477 0.287942 0.209526 0.285712 0.240837 0.866513
4 0.435162 0.304585 0.437316 0.275745 0.421323 0.271946 0.419169 0.300786 0.845467
4 0.337654 0.557108 0.339965 0.522635 0.320399 0.518464 0.318088 0.552937 0.794174
0 0.448138 0.449182 0.450206 0.413526 0.4306 0.40991 0.428532 0.445566 0.744518
4 0.361865 0.841584 0.36353 0.813244 0.347566 0.810262 0.345901 0.838601 0.496566
4 0.169088 0.582892 0.171421 0.550695 0.154278 0.546744 0.151945 0.578941 0.415541
4 0.244184 0.759538 0.246484 0.728397 0.229827 0.724484 0.227527 0.755624 0.377749
4 0.201975 0.392707 0.203846 0.362494 0.185964 0.358972 0.184093 0.389185 0.922436
4 0.50124 0.4743 0.502196 0.44731 0.485884 0.445473 0.484929 0.472463 0.877167
4 0.401278 0.433014 0.403242 0.404872 0.387259 0.401327 0.385296 0.429469 0.872245
4 0.303152 0.244787 0.305382 0.213477 0.287942 0.209526 0.285712 0.240837 0.866513
4 0.435162 0.304585 0.437316 0.275745 0.421323 0.271946 0.419169 0.300786 0.845467
4 0.337654 0.557108 0.339965 0.522635 0.320399 0.518464 0.318088 0.552937 0.794174
0 0.448138 0.449182 0.450206 0.413526 0.4306 0.40991 0.428532 0.445566 0.744518
4 0.361865 0.841584 0.36353 0.813244 0.347566 0.810262 0.345901 0.838601 0.496566
4 0.169088 0.582892 0.171421 0.550695 0.154278 0.546744 0.151945 0.578941 0.415541
4 0.244184 0.759538 0.246484 0.728397 0.229827 0.724484 0.227527 0.755624 0.377749
