4 0.33731 0.471683 0.339497 0.443047 0.323533 0.439169 0.321346 0.467805 0.900326
4 0.367187 0.56416 0.367723 0.536405 0.351166 0.535388 0.35063 0.563143 0.858527
4 0.358452 0.446571 0.36018 0.418701 0.344719 0.415652 0.342991 0.443521 0.80427
4 0.47791 0.62381 0.479087 0.591888 0.462072 0.589892 0.460895 0.621815 0.751844
4 0.398705 0.360398 0.399954 0.33095 0.383776 0.328768 0.382527 0.358216 0.665359
4 0.381218 0.659172 0.383654 0.628504 0.367744 0.624486 0.365308 0.655154 0.548466
4 0.371367 0.616547 0.374291 0.588678 0.357873 0.583199 0.354949 0.611068 0.547926
4 0.342858 0.58005 0.343939 0.550351 0.327481 0.548447 0.326401 0.578145 0.425084
4 0.484153 0.635044 0.486552 0.605815 0.469758 0.601431 0.467358 0.63066 0.392338
0 0.46212 0.630771 0.465339 0.592184 0.445192 0.586839 0.441973 0.625426 0.262996
4 0.33731 0.471683 0.339497 0.443047 0.323533 0.439169 0.321346 0.467805 0.900326
4 0.367187 0.56416 0.367723 0.536405 0.351166 0.535388 0.35063 0.563143 0.858527
4 0.358452 0.446571 0.36018 0.418701 0.344719 0.415652 0.342991 0.443521 0.80427
4 0.47791 0.62381 0.479087 0.591888 0.462072 0.589892 0.460895 0.621815 0.751844
4 0.398705 0.360398 0.399954 0.33095 0.383776 0.328768 0.382527 0.358216 0.665359
4 0.381218 0.659172 0.383654 0.628504 0.367744 0.624486 0.365308 0.655154 0.548466
4 0.371367 0.616547 0.374291 0.588678 0.357873 0.583199 0.354949 0.611068 0.547926
4 0.342858 0.58005 0.343939 0.550351 0.327481 0.548447 0.326401 0.578145 0.425084
4 0.484153 0.635044 0.486552 0.605815 0.469758 0.601431 0.467358 0.63066 0.392338
0 0.46212 0.630771 0.465339 0.592184 0.445192 0.586839 0.441973 0.625426 0.262996
