4 0.201787 0.392787 0.203687 0.362553 0.185871 0.358992 0.183971 0.389226 0.92074
4 0.303288 0.244603 0.305276 0.213273 0.287921 0.20977 0.285932 0.2411 0.882852
4 0.501205 0.474801 0.502216 0.447604 0.485939 0.445681 0.484928 0.472877 0.862248
4 0.435121 0.304991 0.437349 0.275775 0.421316 0.271886 0.419088 0.301102 0.844299
4 0.439078 0.708359 0.441026 0.67869 0.423533 0.675036 0.421584 0.704705 0.76085
0 0.423265 0.681693 0.427211 0.644581 0.406892 0.637709 0.402946 0.674821 0.698637
4 0.362013 0.841675 0.363511 0.813509 0.347564 0.810812 0.346066 0.838978 0.480263
4 0.430257 0.608844 0.430938 0.580043 0.41494 0.57884 0.414259 0.60764 0.45698
4 0.244321 0.759714 0.24662 0.728368 0.229746 0.724431 0.227447 0.755778 0.383115
4 0.168931 0.582896 0.171285 0.550472 0.154234 0.546535 0.151881 0.578959 0.346008
4 0.201787 0.392787 0.203687 0.362553 0.185871 0.358992 0.183971 0.389226 0.92074
4 0.303288 0.244603 0.305276 0.213273 0.287921 0.20977 0.285932 0.2411 0.882852
4 0.501205 0.474801 0.502216 0.447604 0.485939 0.445681 0.484928 0.472877 0.862248
4 0.435121 0.304991 0.437349 0.275775 0.421316 0.271886 0.419088 0.301102 0.844299
4 0.439078 0.708359 0.441026 0.67869 0.423533 0.675036 0.421584 0.704705 0.76085
0 0.423265 0.681693 0.427211 0.644581 0.406892 0.637709 0.402946 0.674821 0.698637
4 0.362013 0.841675 0.363511 0.813509 0.347564 0.810812 0.346066 0.838978 0.480263
4 0.430257 0.608844 0.430938 0.580043 0.41494 0.57884 0.414259 0.60764 0.45698
4 0.244321 0.759714 0.24662 0.728368 0.229746 0.724431 0.227447 0.755778 0.383115
4 0.168931 0.582896 0.171285 0.550472 0.154234 0.546535 0.151881 0.578959 0.346008
