4 0.367176 0.565148 0.367912 0.536723 0.351018 0.535332 0.350282 0.563757 0.93595
4 0.33727 0.471557 0.339277 0.442957 0.323327 0.439398 0.32132 0.467998 0.897575
4 0.358329 0.446455 0.359943 0.419134 0.344732 0.416276 0.343117 0.443597 0.77729
4 0.397727 0.360383 0.399582 0.329758 0.382917 0.326548 0.381062 0.357173 0.639304
4 0.342695 0.581241 0.343949 0.551409 0.327297 0.549182 0.326043 0.579014 0.582078
4 0.477708 0.630711 0.479219 0.596123 0.461897 0.593716 0.460386 0.628305 0.549946
0 0.455426 0.625695 0.459331 0.586713 0.438214 0.579986 0.434309 0.618968 0.506089
4 0.372511 0.640803 0.374242 0.60792 0.357144 0.605057 0.355413 0.63794 0.272024
4 0.367176 0.565148 0.367912 0.536723 0.351018 0.535332 0.350282 0.563757 0.93595
4 0.33727 0.471557 0.339277 0.442957 0.323327 0.439398 0.32132 0.467998 0.897575
4 0.358329 0.446455 0.359943 0.419134 0.344732 0.416276 0.343117 0.443597 0.77729
4 0.397727 0.360383 0.399582 0.329758 0.382917 0.326548 0.381062 0.357173 0.639304
4 0.342695 0.581241 0.343949 0.551409 0.327297 0.549182 0.326043 0.579014 0.582078
4 0.477708 0.630711 0.479219 0.596123 0.461897 0.593716 0.460386 0.628305 0.549946
0 0.455426 0.625695 0.459331 0.586713 0.438214 0.579986 0.434309 0.618968 0.506089
4 0.372511 0.640803 0.374242 0.60792 0.357144 0.605057 0.355413 0.63794 0.272024
