0 0.249942 0.340052 0.250353 0.3025 0.230095 0.301795 0.229685 0.339347 0.91181
4 0.391246 0.546585 0.392543 0.519353 0.375724 0.516805 0.374427 0.544037 0.872409
4 0.398588 0.360616 0.399905 0.331722 0.383997 0.329417 0.382681 0.358312 0.719618
4 0.419298 0.704399 0.420826 0.674112 0.403028 0.671257 0.4015 0.701544 0.714515
4 0.338324 0.575997 0.340235 0.548146 0.324104 0.544626 0.322193 0.572476 0.691611
4 0.481989 0.637311 0.484469 0.604944 0.466708 0.600615 0.464227 0.632982 0.589859
4 0.241816 0.304119 0.244545 0.278729 0.228069 0.273099 0.225341 0.298489 0.499537
0 0.249942 0.340052 0.250353 0.3025 0.230095 0.301795 0.229685 0.339347 0.91181
4 0.391246 0.546585 0.392543 0.519353 0.375724 0.516805 0.374427 0.544037 0.872409
4 0.398588 0.360616 0.399905 0.331722 0.383997 0.329417 0.382681 0.358312 0.719618
4 0.419298 0.704399 0.420826 0.674112 0.403028 0.671257 0.4015 0.701544 0.714515
4 0.338324 0.575997 0.340235 0.548146 0.324104 0.544626 0.322193 0.572476 0.691611
4 0.481989 0.637311 0.484469 0.604944 0.466708 0.600615 0.464227 0.632982 0.589859
4 0.241816 0.304119 0.244545 0.278729 0.228069 0.273099 0.225341 0.298489 0.499537
