4 0.201668 0.392571 0.203547 0.362169 0.18578 0.358677 0.183901 0.389079 0.919214
4 0.501326 0.474437 0.502292 0.447411 0.485927 0.44555 0.484961 0.472576 0.873721
4 0.30309 0.24465 0.305242 0.213424 0.287887 0.20962 0.285735 0.240846 0.864884
4 0.43523 0.304804 0.437326 0.275911 0.421365 0.272229 0.419269 0.301122 0.858751
4 0.402043 0.432981 0.403152 0.403817 0.3876 0.401937 0.386491 0.431101 0.833187
4 0.337528 0.557035 0.339927 0.522637 0.320408 0.518307 0.318009 0.552705 0.785537
0 0.446344 0.440527 0.447893 0.404084 0.428866 0.401513 0.427317 0.437956 0.703066
4 0.362005 0.841534 0.363584 0.813738 0.347829 0.810892 0.34625 0.838688 0.490284
4 0.168971 0.582968 0.171384 0.550405 0.154361 0.546394 0.151948 0.578956 0.367234
4 0.244127 0.759591 0.246516 0.728483 0.229805 0.7244 0.227415 0.755508 0.329304
4 0.201668 0.392571 0.203547 0.362169 0.18578 0.358677 0.183901 0.389079 0.919214
4 0.501326 0.474437 0.502292 0.447411 0.485927 0.44555 0.484961 0.472576 0.873721
4 0.30309 0.24465 0.305242 0.213424 0.287887 0.20962 0.285735 0.240846 0.864884
4 0.43523 0.304804 0.437326 0.275911 0.421365 0.272229 0.419269 0.301122 0.858751
4 0.402043 0.432981 0.403152 0.403817 0.3876 0.401937 0.386491 0.431101 0.833187
4 0.337528 0.557035 0.339927 0.522637 0.320408 0.518307 0.318009 0.552705 0.785537
0 0.446344 0.440527 0.447893 0.404084 0.428866 0.401513 0.427317 0.437956 0.703066
4 0.362005 0.841534 0.363584 0.813738 0.347829 0.810892 0.34625 0.838688 0.490284
4 0.168971 0.582968 0.171384 0.550405 0.154361 0.546394 0.151948 0.578956 0.367234
4 0.244127 0.759591 0.246516 0.728483 0.229805 0.7244 0.227415 0.755508 0.329304
