0 0.262308 0.338974 0.265772 0.300198 0.245831 0.294531 0.242366 0.333308 0.916058
4 0.391266 0.546664 0.392538 0.51946 0.375642 0.516948 0.37437 0.544152 0.873837
4 0.241662 0.307345 0.243957 0.277709 0.227209 0.273583 0.224914 0.30322 0.801574
4 0.398587 0.360647 0.399799 0.331113 0.383659 0.329006 0.382446 0.35854 0.71473
4 0.419449 0.704251 0.420947 0.673931 0.403264 0.671153 0.401766 0.701472 0.696987
4 0.338569 0.575906 0.340376 0.547831 0.324244 0.544528 0.322437 0.572603 0.683951
4 0.482042 0.637163 0.484625 0.604797 0.466769 0.600264 0.464186 0.63263 0.580121
0 0.262308 0.338974 0.265772 0.300198 0.245831 0.294531 0.242366 0.333308 0.916058
4 0.391266 0.546664 0.392538 0.51946 0.375642 0.516948 0.37437 0.544152 0.873837
4 0.241662 0.307345 0.243957 0.277709 0.227209 0.273583 0.224914 0.30322 0.801574
4 0.398587 0.360647 0.399799 0.331113 0.383659 0.329006 0.382446 0.35854 0.71473
4 0.419449 0.704251 0.420947 0.673931 0.403264 0.671153 0.401766 0.701472 0.696987
4 0.338569 0.575906 0.340376 0.547831 0.324244 0.544528 0.322437 0.572603 0.683951
4 0.482042 0.637163 0.484625 0.604797 0.466769 0.600264 0.464186 0.63263 0.580121
