4 0.201755 0.392728 0.203618 0.362504 0.185821 0.359016 0.183958 0.389239 0.9276
4 0.303193 0.244812 0.305287 0.213181 0.287842 0.209508 0.285748 0.241139 0.876311
4 0.5011 0.474478 0.502108 0.447534 0.485919 0.445608 0.484911 0.472553 0.847626
4 0.435106 0.3047 0.437303 0.27555 0.421252 0.271702 0.419055 0.300852 0.839634
4 0.43071 0.609348 0.431901 0.581388 0.414601 0.579044 0.41341 0.607005 0.682522
4 0.361933 0.841434 0.363474 0.813522 0.347725 0.810757 0.346184 0.838669 0.46565
4 0.442958 0.710578 0.444702 0.682246 0.426918 0.678763 0.425174 0.707094 0.401839
4 0.244077 0.759367 0.246405 0.728263 0.229868 0.724326 0.227539 0.75543 0.389918
4 0.168589 0.580474 0.171101 0.548594 0.153141 0.544093 0.150629 0.575974 0.379601
0 0.427906 0.686145 0.432575 0.654086 0.412302 0.644698 0.407633 0.676757 0.372889
4 0.201755 0.392728 0.203618 0.362504 0.185821 0.359016 0.183958 0.389239 0.9276
4 0.303193 0.244812 0.305287 0.213181 0.287842 0.209508 0.285748 0.241139 0.876311
4 0.5011 0.474478 0.502108 0.447534 0.485919 0.445608 0.484911 0.472553 0.847626
4 0.435106 0.3047 0.437303 0.27555 0.421252 0.271702 0.419055 0.300852 0.839634
4 0.43071 0.609348 0.431901 0.581388 0.414601 0.579044 0.41341 0.607005 0.682522
4 0.361933 0.841434 0.363474 0.813522 0.347725 0.810757 0.346184 0.838669 0.46565
4 0.442958 0.710578 0.444702 0.682246 0.426918 0.678763 0.425174 0.707094 0.401839
4 0.244077 0.759367 0.246405 0.728263 0.229868 0.724326 0.227539 0.75543 0.389918
4 0.168589 0.580474 0.171101 0.548594 0.153141 0.544093 0.150629 0.575974 0.379601
0 0.427906 0.686145 0.432575 0.654086 0.412302 0.644698 0.407633 0.676757 0.372889
