4 0.33725 0.47163 0.339283 0.443011 0.323272 0.439395 0.32124 0.468013 0.892015
4 0.367725 0.565868 0.368253 0.536309 0.352188 0.535397 0.35166 0.564955 0.872554
4 0.358453 0.446597 0.360124 0.418947 0.344742 0.415989 0.34307 0.443639 0.759127
4 0.398515 0.360417 0.399802 0.330866 0.383607 0.328623 0.38232 0.358175 0.656994
4 0.3808 0.657485 0.382601 0.625675 0.364468 0.62241 0.362667 0.654221 0.5895
4 0.415068 0.577317 0.418106 0.54567 0.398044 0.539546 0.395007 0.571193 0.488416
4 0.342627 0.581515 0.344004 0.55157 0.32736 0.549135 0.325982 0.57908 0.487044
4 0.373037 0.64921 0.375439 0.614027 0.357837 0.610204 0.355435 0.645388 0.473261
0 0.391136 0.567777 0.394566 0.529731 0.376509 0.524554 0.373079 0.5626 0.4415
4 0.33725 0.47163 0.339283 0.443011 0.323272 0.439395 0.32124 0.468013 0.892015
4 0.367725 0.565868 0.368253 0.536309 0.352188 0.535397 0.35166 0.564955 0.872554
4 0.358453 0.446597 0.360124 0.418947 0.344742 0.415989 0.34307 0.443639 0.759127
4 0.398515 0.360417 0.399802 0.330866 0.383607 0.328623 0.38232 0.358175 0.656994
4 0.3808 0.657485 0.382601 0.625675 0.364468 0.62241 0.362667 0.654221 0.5895
4 0.415068 0.577317 0.418106 0.54567 0.398044 0.539546 0.395007 0.571193 0.488416
4 0.342627 0.581515 0.344004 0.55157 0.32736 0.549135 0.325982 0.57908 0.487044
4 0.373037 0.64921 0.375439 0.614027 0.357837 0.610204 0.355435 0.645388 0.473261
0 0.391136 0.567777 0.394566 0.529731 0.376509 0.524554 0.373079 0.5626 0.4415
