4 0.201812 0.392636 0.203713 0.362264 0.186 0.358738 0.184099 0.38911 0.920679
4 0.401141 0.433943 0.402679 0.4053 0.38671 0.402573 0.385172 0.431216 0.902236
0 0.440069 0.445898 0.442186 0.412288 0.42152 0.408148 0.419402 0.441757 0.885171
4 0.30331 0.244898 0.30554 0.213342 0.287906 0.209378 0.285676 0.240935 0.880616
4 0.501253 0.474661 0.502205 0.447443 0.485939 0.445633 0.484987 0.472851 0.871046
4 0.435348 0.304752 0.437422 0.275746 0.421263 0.272071 0.419189 0.301077 0.834659
4 0.337499 0.556852 0.33998 0.52273 0.320494 0.518225 0.318013 0.552347 0.804785
4 0.361939 0.841813 0.363565 0.813649 0.347693 0.810734 0.346067 0.838898 0.461011
4 0.430591 0.395033 0.433461 0.360586 0.416387 0.356062 0.413517 0.390509 0.44824
4 0.244228 0.759422 0.246544 0.728113 0.229716 0.724155 0.227401 0.755464 0.411774
4 0.169008 0.58277 0.171254 0.550528 0.154188 0.546746 0.151941 0.578988 0.395916
4 0.201812 0.392636 0.203713 0.362264 0.186 0.358738 0.184099 0.38911 0.920679
4 0.401141 0.433943 0.402679 0.4053 0.38671 0.402573 0.385172 0.431216 0.902236
0 0.440069 0.445898 0.442186 0.412288 0.42152 0.408148 0.419402 0.441757 0.885171
4 0.30331 0.244898 0.30554 0.213342 0.287906 0.209378 0.285676 0.240935 0.880616
4 0.501253 0.474661 0.502205 0.447443 0.485939 0.445633 0.484987 0.472851 0.871046
4 0.435348 0.304752 0.437422 0.275746 0.421263 0.272071 0.419189 0.301077 0.834659
4 0.337499 0.556852 0.33998 0.52273 0.320494 0.518225 0.318013 0.552347 0.804785
4 0.361939 0.841813 0.363565 0.813649 0.347693 0.810734 0.346067 0.838898 0.461011
4 0.430591 0.395033 0.433461 0.360586 0.416387 0.356062 0.413517 0.390509 0.44824
4 0.244228 0.759422 0.246544 0.728113 0.229716 0.724155 0.227401 0.755464 0.411774
4 0.169008 0.58277 0.171254 0.550528 0.154188 0.546746 0.151941 0.578988 0.395916
