4 0.201706 0.392717 0.203599 0.362486 0.185873 0.358956 0.18398 0.389187 0.918704
4 0.303311 0.245033 0.30555 0.21323 0.287854 0.209269 0.285616 0.241072 0.866334
4 0.501314 0.474717 0.502368 0.447384 0.485835 0.445358 0.484782 0.472691 0.866044
4 0.401948 0.432699 0.402876 0.404487 0.387423 0.402871 0.386495 0.431083 0.850814
4 0.435222 0.30489 0.437415 0.275957 0.421394 0.272094 0.419201 0.301028 0.831585
4 0.337608 0.556734 0.339918 0.522513 0.320405 0.518325 0.318095 0.552545 0.805957
0 0.447194 0.451839 0.449302 0.416866 0.430522 0.413265 0.428414 0.448238 0.658816
4 0.361929 0.841638 0.363526 0.813657 0.347689 0.810782 0.346092 0.838763 0.484025
4 0.244321 0.759191 0.246417 0.728488 0.229929 0.72491 0.227834 0.755613 0.452649
4 0.16896 0.583001 0.171299 0.550499 0.154089 0.546561 0.15175 0.579063 0.334864
4 0.201706 0.392717 0.203599 0.362486 0.185873 0.358956 0.18398 0.389187 0.918704
4 0.303311 0.245033 0.30555 0.21323 0.287854 0.209269 0.285616 0.241072 0.866334
4 0.501314 0.474717 0.502368 0.447384 0.485835 0.445358 0.484782 0.472691 0.866044
4 0.401948 0.432699 0.402876 0.404487 0.387423 0.402871 0.386495 0.431083 0.850814
4 0.435222 0.30489 0.437415 0.275957 0.421394 0.272094 0.419201 0.301028 0.831585
4 0.337608 0.556734 0.339918 0.522513 0.320405 0.518325 0.318095 0.552545 0.805957
0 0.447194 0.451839 0.449302 0.416866 0.430522 0.413265 0.428414 0.448238 0.658816
4 0.361929 0.841638 0.363526 0.813657 0.347689 0.810782 0.346092 0.838763 0.484025
4 0.244321 0.759191 0.246417 0.728488 0.229929 0.72491 0.227834 0.755613 0.452649
4 0.16896 0.583001 0.171299 0.550499 0.154089 0.546561 0.15175 0.579063 0.334864
