4 0.201806 0.39243 0.203692 0.362231 0.185899 0.358697 0.184013 0.388897 0.927052
4 0.501276 0.4743 0.502226 0.447456 0.4859 0.44562 0.48495 0.472463 0.879899
4 0.401029 0.433362 0.402928 0.404984 0.387116 0.401618 0.385217 0.429996 0.876935
4 0.30338 0.244788 0.305585 0.213132 0.287858 0.209204 0.285652 0.24086 0.871878
4 0.435207 0.304388 0.437336 0.275548 0.421264 0.271775 0.419136 0.300616 0.843945
0 0.44598 0.437894 0.446221 0.403104 0.427884 0.4027 0.427643 0.43749 0.817597
4 0.33775 0.556898 0.340109 0.522698 0.320531 0.518402 0.318172 0.552602 0.797352
4 0.362011 0.8414 0.363392 0.813593 0.347714 0.811115 0.346333 0.838923 0.496151
4 0.244117 0.759532 0.246372 0.728239 0.2296 0.724395 0.227345 0.755688 0.388644
4 0.168579 0.5803 0.171099 0.548449 0.153018 0.5439 0.150498 0.575751 0.363917
4 0.201806 0.39243 0.203692 0.362231 0.185899 0.358697 0.184013 0.388897 0.927052
4 0.501276 0.4743 0.502226 0.447456 0.4859 0.44562 0.48495 0.472463 0.879899
4 0.401029 0.433362 0.402928 0.404984 0.387116 0.401618 0.385217 0.429996 0.876935
4 0.30338 0.244788 0.305585 0.213132 0.287858 0.209204 0.285652 0.24086 0.871878
4 0.435207 0.304388 0.437336 0.275548 0.421264 0.271775 0.419136 0.300616 0.843945
0 0.44598 0.437894 0.446221 0.403104 0.427884 0.4027 0.427643 0.43749 0.817597
4 0.33775 0.556898 0.340109 0.522698 0.320531 0.518402 0.318172 0.552602 0.797352
4 0.362011 0.8414 0.363392 0.813593 0.347714 0.811115 0.346333 0.838923 0.496151
4 0.244117 0.759532 0.246372 0.728239 0.2296 0.724395 0.227345 0.755688 0.388644
4 0.168579 0.5803 0.171099 0.548449 0.153018 0.5439 0.150498 0.575751 0.363917
