4 0.201916 0.392646 0.203812 0.362548 0.186093 0.358998 0.184197 0.389096 0.91923
4 0.402928 0.433735 0.405348 0.405367 0.388024 0.400668 0.385605 0.429035 0.908895
4 0.501165 0.47483 0.502185 0.447177 0.485471 0.445217 0.484451 0.47287 0.88665
4 0.303159 0.245044 0.305372 0.213466 0.287838 0.209559 0.285626 0.241137 0.871906
4 0.435289 0.304656 0.437432 0.275868 0.421462 0.272087 0.419319 0.300876 0.854153
4 0.337597 0.55712 0.340013 0.522712 0.320449 0.518344 0.318034 0.552753 0.78696
0 0.460472 0.528905 0.461698 0.492576 0.440917 0.490344 0.439691 0.526673 0.761258
4 0.362118 0.841473 0.363676 0.813452 0.347711 0.810629 0.346153 0.83865 0.464027
4 0.244335 0.759365 0.246604 0.728175 0.229873 0.724304 0.227604 0.755495 0.437139
4 0.168741 0.580503 0.17134 0.548198 0.153169 0.543547 0.150569 0.575852 0.371143
4 0.141772 0.21322 0.143434 0.183262 0.123651 0.179773 0.121989 0.209731 0.316435
4 0.201916 0.392646 0.203812 0.362548 0.186093 0.358998 0.184197 0.389096 0.91923
4 0.402928 0.433735 0.405348 0.405367 0.388024 0.400668 0.385605 0.429035 0.908895
4 0.501165 0.47483 0.502185 0.447177 0.485471 0.445217 0.484451 0.47287 0.88665
4 0.303159 0.245044 0.305372 0.213466 0.287838 0.209559 0.285626 0.241137 0.871906
4 0.435289 0.304656 0.437432 0.275868 0.421462 0.272087 0.419319 0.300876 0.854153
4 0.337597 0.55712 0.340013 0.522712 0.320449 0.518344 0.318034 0.552753 0.78696
0 0.460472 0.528905 0.461698 0.492576 0.440917 0.490344 0.439691 0.526673 0.761258
4 0.362118 0.841473 0.363676 0.813452 0.347711 0.810629 0.346153 0.83865 0.464027
4 0.244335 0.759365 0.246604 0.728175 0.229873 0.724304 0.227604 0.755495 0.437139
4 0.168741 0.580503 0.17134 0.548198 0.153169 0.543547 0.150569 0.575852 0.371143
4 0.141772 0.21322 0.143434 0.183262 0.123651 0.179773 0.121989 0.209731 0.316435
