0 0.287429 0.420829 0.288846 0.386014 0.269027 0.383449 0.26761 0.418264 0.901922
4 0.391296 0.546521 0.392619 0.519299 0.375511 0.516655 0.374189 0.543877 0.867329
4 0.419276 0.704091 0.420747 0.673882 0.403028 0.671138 0.401557 0.701347 0.733151
4 0.338368 0.575973 0.340164 0.547603 0.323997 0.544349 0.322201 0.572719 0.684348
4 0.398488 0.360295 0.399695 0.331038 0.383755 0.328947 0.382549 0.358204 0.616957
4 0.482046 0.636443 0.484316 0.604881 0.466869 0.600891 0.464599 0.632453 0.582312
4 0.276968 0.395491 0.278883 0.366035 0.26205 0.362554 0.260134 0.392009 0.529495
0 0.287429 0.420829 0.288846 0.386014 0.269027 0.383449 0.26761 0.418264 0.901922
4 0.391296 0.546521 0.392619 0.519299 0.375511 0.516655 0.374189 0.543877 0.867329
4 0.419276 0.704091 0.420747 0.673882 0.403028 0.671138 0.401557 0.701347 0.733151
4 0.338368 0.575973 0.340164 0.547603 0.323997 0.544349 0.322201 0.572719 0.684348
4 0.398488 0.360295 0.399695 0.331038 0.383755 0.328947 0.382549 0.358204 0.616957
4 0.482046 0.636443 0.484316 0.604881 0.466869 0.600891 0.464599 0.632453 0.582312
4 0.276968 0.395491 0.278883 0.366035 0.26205 0.362554 0.260134 0.392009 0.529495
