4 0.367885 0.566673 0.370614 0.536352 0.352804 0.531256 0.350076 0.561577 0.850438
4 0.337376 0.47171 0.339221 0.443782 0.323579 0.440495 0.321733 0.468422 0.834862
4 0.35852 0.446272 0.36016 0.418545 0.344815 0.415658 0.343175 0.443385 0.797845
4 0.398599 0.360342 0.39979 0.331063 0.383635 0.328972 0.382443 0.358251 0.645834
4 0.381016 0.657463 0.382923 0.624972 0.364352 0.621504 0.362445 0.653995 0.521306
4 0.34232 0.581378 0.34401 0.552149 0.327608 0.549133 0.325918 0.578363 0.476266
4 0.382819 0.550734 0.385623 0.517088 0.366113 0.511917 0.363309 0.545563 0.420138
4 0.367885 0.566673 0.370614 0.536352 0.352804 0.531256 0.350076 0.561577 0.850438
4 0.337376 0.47171 0.339221 0.443782 0.323579 0.440495 0.321733 0.468422 0.834862
4 0.35852 0.446272 0.36016 0.418545 0.344815 0.415658 0.343175 0.443385 0.797845
4 0.398599 0.360342 0.39979 0.331063 0.383635 0.328972 0.382443 0.358251 0.645834
4 0.381016 0.657463 0.382923 0.624972 0.364352 0.621504 0.362445 0.653995 0.521306
4 0.34232 0.581378 0.34401 0.552149 0.327608 0.549133 0.325918 0.578363 0.476266
4 0.382819 0.550734 0.385623 0.517088 0.366113 0.511917 0.363309 0.545563 0.420138
