4 0.201707 0.392601 0.20351 0.36247 0.185901 0.359119 0.184098 0.38925 0.928
4 0.40122 0.433592 0.403542 0.405701 0.387414 0.401431 0.385092 0.429323 0.896114
4 0.501347 0.474557 0.502339 0.447525 0.485921 0.445608 0.484929 0.47264 0.873981
4 0.303154 0.245094 0.305427 0.213514 0.287787 0.209475 0.285513 0.241055 0.871239
4 0.435141 0.304517 0.437287 0.275952 0.421401 0.272155 0.419255 0.300721 0.842762
4 0.337657 0.557107 0.340007 0.522831 0.320488 0.518575 0.318138 0.552851 0.799293
0 0.447907 0.449213 0.450451 0.413454 0.431352 0.409134 0.428808 0.444893 0.722271
4 0.362053 0.841587 0.363538 0.813275 0.347404 0.810584 0.345919 0.838896 0.468426
4 0.244071 0.759307 0.24648 0.72817 0.229641 0.724027 0.227232 0.755164 0.382634
4 0.169081 0.583024 0.171394 0.550779 0.154321 0.546884 0.152008 0.57913 0.370122
4 0.416817 0.398414 0.420009 0.363154 0.400964 0.35767 0.397772 0.392929 0.350758
4 0.201707 0.392601 0.20351 0.36247 0.185901 0.359119 0.184098 0.38925 0.928
4 0.40122 0.433592 0.403542 0.405701 0.387414 0.401431 0.385092 0.429323 0.896114
4 0.501347 0.474557 0.502339 0.447525 0.485921 0.445608 0.484929 0.47264 0.873981
4 0.303154 0.245094 0.305427 0.213514 0.287787 0.209475 0.285513 0.241055 0.871239
4 0.435141 0.304517 0.437287 0.275952 0.421401 0.272155 0.419255 0.300721 0.842762
4 0.337657 0.557107 0.340007 0.522831 0.320488 0.518575 0.318138 0.552851 0.799293
0 0.447907 0.449213 0.450451 0.413454 0.431352 0.409134 0.428808 0.444893 0.722271
4 0.362053 0.841587 0.363538 0.813275 0.347404 0.810584 0.345919 0.838896 0.468426
4 0.244071 0.759307 0.24648 0.72817 0.229641 0.724027 0.227232 0.755164 0.382634
4 0.169081 0.583024 0.171394 0.550779 0.154321 0.546884 0.152008 0.57913 0.370122
4 0.416817 0.398414 0.420009 0.363154 0.400964 0.35767 0.397772 0.392929 0.350758
