4 0.36718 0.565323 0.368033 0.537074 0.351335 0.535469 0.350482 0.563719 0.934376
4 0.337261 0.471506 0.339289 0.443756 0.323466 0.440078 0.321438 0.467828 0.918058
4 0.358591 0.446542 0.36011 0.419334 0.344817 0.416619 0.343298 0.443826 0.788161
4 0.39856 0.360449 0.399869 0.331055 0.383714 0.328767 0.382405 0.358162 0.687607
4 0.342726 0.580881 0.343946 0.551258 0.327395 0.54909 0.326175 0.578714 0.59569
4 0.468262 0.629483 0.470154 0.595481 0.448755 0.591695 0.446863 0.625697 0.504963
4 0.373285 0.650923 0.375785 0.615097 0.358056 0.611163 0.355556 0.646989 0.401895
0 0.448803 0.616221 0.451641 0.579232 0.431781 0.574385 0.428942 0.611374 0.325304
4 0.36718 0.565323 0.368033 0.537074 0.351335 0.535469 0.350482 0.563719 0.934376
4 0.337261 0.471506 0.339289 0.443756 0.323466 0.440078 0.321438 0.467828 0.918058
4 0.358591 0.446542 0.36011 0.419334 0.344817 0.416619 0.343298 0.443826 0.788161
4 0.39856 0.360449 0.399869 0.331055 0.383714 0.328767 0.382405 0.358162 0.687607
4 0.342726 0.580881 0.343946 0.551258 0.327395 0.54909 0.326175 0.578714 0.59569
4 0.468262 0.629483 0.470154 0.595481 0.448755 0.591695 0.446863 0.625697 0.504963
4 0.373285 0.650923 0.375785 0.615097 0.358056 0.611163 0.355556 0.646989 0.401895
0 0.448803 0.616221 0.451641 0.579232 0.431781 0.574385 0.428942 0.611374 0.325304
