4 0.201626 0.39268 0.203442 0.362566 0.185796 0.359182 0.18398 0.389296 0.927848
4 0.403084 0.433524 0.40539 0.40514 0.387928 0.400629 0.385622 0.429013 0.918692
4 0.50134 0.475227 0.502407 0.447463 0.485876 0.445442 0.484809 0.473206 0.871952
4 0.303142 0.24459 0.305286 0.21323 0.287726 0.209412 0.285582 0.240772 0.866081
4 0.435259 0.304593 0.437391 0.275884 0.421477 0.272125 0.419345 0.300834 0.847649
4 0.33762 0.557072 0.340008 0.522616 0.320451 0.518306 0.318063 0.552761 0.783952
0 0.462878 0.53456 0.465538 0.498399 0.444691 0.493522 0.44203 0.529683 0.709483
4 0.362052 0.841499 0.36366 0.813451 0.347719 0.810544 0.346111 0.838591 0.483733
4 0.244258 0.759507 0.246547 0.728191 0.229604 0.724252 0.227314 0.755568 0.44609
4 0.168641 0.58048 0.171202 0.548152 0.152971 0.543558 0.150409 0.575886 0.35244
4 0.201626 0.39268 0.203442 0.362566 0.185796 0.359182 0.18398 0.389296 0.927848
4 0.403084 0.433524 0.40539 0.40514 0.387928 0.400629 0.385622 0.429013 0.918692
4 0.50134 0.475227 0.502407 0.447463 0.485876 0.445442 0.484809 0.473206 0.871952
4 0.303142 0.24459 0.305286 0.21323 0.287726 0.209412 0.285582 0.240772 0.866081
4 0.435259 0.304593 0.437391 0.275884 0.421477 0.272125 0.419345 0.300834 0.847649
4 0.33762 0.557072 0.340008 0.522616 0.320451 0.518306 0.318063 0.552761 0.783952
0 0.462878 0.53456 0.465538 0.498399 0.444691 0.493522 0.44203 0.529683 0.709483
4 0.362052 0.841499 0.36366 0.813451 0.347719 0.810544 0.346111 0.838591 0.483733
4 0.244258 0.759507 0.246547 0.728191 0.229604 0.724252 0.227314 0.755568 0.44609
4 0.168641 0.58048 0.171202 0.548152 0.152971 0.543558 0.150409 0.575886 0.35244
