4 0.337481 0.471675 0.33953 0.442923 0.32327 0.439238 0.321221 0.46799 0.932145
4 0.391317 0.560296 0.393602 0.524575 0.372852 0.520354 0.370567 0.556074 0.783396
4 0.35846 0.446975 0.360104 0.41938 0.344707 0.416462 0.343062 0.444057 0.734011
4 0.398429 0.360989 0.399819 0.33122 0.383533 0.328802 0.382143 0.358571 0.676887
4 0.36772 0.563151 0.368793 0.536285 0.35076 0.533995 0.349688 0.560861 0.64345
4 0.380911 0.65779 0.382718 0.625576 0.364154 0.622266 0.362348 0.654479 0.563264
4 0.373099 0.648763 0.375463 0.614226 0.358104 0.610447 0.355739 0.644983 0.513757
4 0.342385 0.581542 0.343901 0.552173 0.327632 0.549503 0.326116 0.578872 0.452692
4 0.337481 0.471675 0.33953 0.442923 0.32327 0.439238 0.321221 0.46799 0.932145
4 0.391317 0.560296 0.393602 0.524575 0.372852 0.520354 0.370567 0.556074 0.783396
4 0.35846 0.446975 0.360104 0.41938 0.344707 0.416462 0.343062 0.444057 0.734011
4 0.398429 0.360989 0.399819 0.33122 0.383533 0.328802 0.382143 0.358571 0.676887
4 0.36772 0.563151 0.368793 0.536285 0.35076 0.533995 0.349688 0.560861 0.64345
4 0.380911 0.65779 0.382718 0.625576 0.364154 0.622266 0.362348 0.654479 0.563264
4 0.373099 0.648763 0.375463 0.614226 0.358104 0.610447 0.355739 0.644983 0.513757
4 0.342385 0.581542 0.343901 0.552173 0.327632 0.549503 0.326116 0.578872 0.452692
