4 0.201846 0.392611 0.203691 0.362577 0.186049 0.359132 0.184205 0.389166 0.914952
4 0.303268 0.244233 0.305185 0.213151 0.287766 0.209735 0.285849 0.240816 0.879254
4 0.50107 0.474577 0.502147 0.447693 0.485993 0.445635 0.484915 0.472518 0.851673
4 0.4351 0.304668 0.437249 0.275879 0.421367 0.27211 0.419219 0.300899 0.839844
4 0.359745 0.566298 0.361753 0.535413 0.344703 0.531888 0.342696 0.562774 0.696245
0 0.338248 0.54101 0.341795 0.502931 0.321807 0.49701 0.31826 0.53509 0.647225
4 0.361805 0.841449 0.363434 0.8137 0.347719 0.810766 0.34609 0.838516 0.464546
4 0.244029 0.75931 0.246316 0.728477 0.229752 0.724569 0.227464 0.755401 0.393123
4 0.168597 0.580177 0.171058 0.548399 0.153255 0.544014 0.150794 0.575792 0.387524
4 0.470147 0.676722 0.471742 0.650081 0.457344 0.64734 0.45575 0.673981 0.32836
4 0.201846 0.392611 0.203691 0.362577 0.186049 0.359132 0.184205 0.389166 0.914952
4 0.303268 0.244233 0.305185 0.213151 0.287766 0.209735 0.285849 0.240816 0.879254
4 0.50107 0.474577 0.502147 0.447693 0.485993 0.445635 0.484915 0.472518 0.851673
4 0.4351 0.304668 0.437249 0.275879 0.421367 0.27211 0.419219 0.300899 0.839844
4 0.359745 0.566298 0.361753 0.535413 0.344703 0.531888 0.342696 0.562774 0.696245
0 0.338248 0.54101 0.341795 0.502931 0.321807 0.49701 0.31826 0.53509 0.647225
4 0.361805 0.841449 0.363434 0.8137 0.347719 0.810766 0.34609 0.838516 0.464546
4 0.244029 0.75931 0.246316 0.728477 0.229752 0.724569 0.227464 0.755401 0.393123
4 0.168597 0.580177 0.171058 0.548399 0.153255 0.544014 0.150794 0.575792 0.387524
4 0.470147 0.676722 0.471742 0.650081 0.457344 0.64734 0.45575 0.673981 0.32836
