4 0.367237 0.565301 0.368058 0.536904 0.351208 0.535354 0.350387 0.563751 0.929775
4 0.337161 0.471514 0.33921 0.443187 0.323412 0.439553 0.321363 0.46788 0.901735
4 0.358408 0.446415 0.359973 0.419164 0.34476 0.416386 0.343195 0.443637 0.775085
4 0.398681 0.360517 0.400005 0.330687 0.383717 0.328388 0.382393 0.358218 0.662501
4 0.342667 0.580753 0.343891 0.551206 0.327453 0.549042 0.32623 0.578588 0.572559
4 0.477537 0.631623 0.479004 0.595741 0.461083 0.593412 0.459617 0.629293 0.556561
0 0.455655 0.624684 0.459325 0.585926 0.438249 0.579579 0.434579 0.618338 0.457248
4 0.373023 0.649886 0.37542 0.614603 0.358019 0.610842 0.355622 0.646126 0.44351
1 0.377704 0.695928 0.380994 0.658554 0.357149 0.651877 0.353858 0.689251 0.258724
4 0.367237 0.565301 0.368058 0.536904 0.351208 0.535354 0.350387 0.563751 0.929775
4 0.337161 0.471514 0.33921 0.443187 0.323412 0.439553 0.321363 0.46788 0.901735
4 0.358408 0.446415 0.359973 0.419164 0.34476 0.416386 0.343195 0.443637 0.775085
4 0.398681 0.360517 0.400005 0.330687 0.383717 0.328388 0.382393 0.358218 0.662501
4 0.342667 0.580753 0.343891 0.551206 0.327453 0.549042 0.32623 0.578588 0.572559
4 0.477537 0.631623 0.479004 0.595741 0.461083 0.593412 0.459617 0.629293 0.556561
0 0.455655 0.624684 0.459325 0.585926 0.438249 0.579579 0.434579 0.618338 0.457248
4 0.373023 0.649886 0.37542 0.614603 0.358019 0.610842 0.355622 0.646126 0.44351
1 0.377704 0.695928 0.380994 0.658554 0.357149 0.651877 0.353858 0.689251 0.258724
