4 0.361398 0.497936 0.362821 0.469459 0.346417 0.466853 0.344994 0.495329 0.949297
0 0.403844 0.678354 0.407831 0.641142 0.389242 0.634809 0.385256 0.67202 0.728516
4 0.425923 0.682527 0.428244 0.65457 0.410981 0.650011 0.408659 0.677968 0.583019
4 0.331033 0.497779 0.333321 0.458162 0.310499 0.453969 0.30821 0.493586 0.533878
4 0.336641 0.473431 0.337611 0.444288 0.321302 0.442562 0.320332 0.471705 0.450517
4 0.341187 0.584912 0.344624 0.553941 0.327775 0.547993 0.324337 0.578965 0.354344
4 0.361398 0.497936 0.362821 0.469459 0.346417 0.466853 0.344994 0.495329 0.949297
0 0.403844 0.678354 0.407831 0.641142 0.389242 0.634809 0.385256 0.67202 0.728516
4 0.425923 0.682527 0.428244 0.65457 0.410981 0.650011 0.408659 0.677968 0.583019
4 0.331033 0.497779 0.333321 0.458162 0.310499 0.453969 0.30821 0.493586 0.533878
4 0.336641 0.473431 0.337611 0.444288 0.321302 0.442562 0.320332 0.471705 0.450517
4 0.341187 0.584912 0.344624 0.553941 0.327775 0.547993 0.324337 0.578965 0.354344
