4 0.367403 0.56485 0.368086 0.536665 0.351373 0.535377 0.35069 0.563562 0.938163
4 0.337379 0.471709 0.339415 0.443311 0.3235 0.439682 0.321464 0.46808 0.892879
4 0.358478 0.446293 0.360069 0.419223 0.344899 0.416387 0.343308 0.443457 0.781664
4 0.398571 0.360579 0.399837 0.331003 0.383651 0.328799 0.382385 0.358375 0.665687
4 0.34269 0.581078 0.343966 0.551194 0.327327 0.548933 0.326051 0.578818 0.524915
0 0.414026 0.58687 0.417188 0.549169 0.395596 0.54341 0.392434 0.581111 0.510416
4 0.380885 0.656846 0.382627 0.624993 0.364587 0.621855 0.362844 0.653707 0.473393
4 0.373099 0.648897 0.375472 0.614394 0.357942 0.610559 0.355569 0.645062 0.394442
4 0.43607 0.596938 0.4399 0.563429 0.418623 0.555696 0.414793 0.589205 0.383349
4 0.367403 0.56485 0.368086 0.536665 0.351373 0.535377 0.35069 0.563562 0.938163
4 0.337379 0.471709 0.339415 0.443311 0.3235 0.439682 0.321464 0.46808 0.892879
4 0.358478 0.446293 0.360069 0.419223 0.344899 0.416387 0.343308 0.443457 0.781664
4 0.398571 0.360579 0.399837 0.331003 0.383651 0.328799 0.382385 0.358375 0.665687
4 0.34269 0.581078 0.343966 0.551194 0.327327 0.548933 0.326051 0.578818 0.524915
0 0.414026 0.58687 0.417188 0.549169 0.395596 0.54341 0.392434 0.581111 0.510416
4 0.380885 0.656846 0.382627 0.624993 0.364587 0.621855 0.362844 0.653707 0.473393
4 0.373099 0.648897 0.375472 0.614394 0.357942 0.610559 0.355569 0.645062 0.394442
4 0.43607 0.596938 0.4399 0.563429 0.418623 0.555696 0.414793 0.589205 0.383349
