4 0.391193 0.54655 0.392528 0.519417 0.375568 0.516762 0.374232 0.543895 0.872861
0 0.279809 0.407095 0.282743 0.369543 0.261395 0.364239 0.258462 0.401791 0.738245
4 0.419239 0.704801 0.420868 0.674292 0.402993 0.671256 0.401364 0.701765 0.695505
4 0.338365 0.576145 0.340199 0.547657 0.323915 0.544322 0.32208 0.572809 0.688416
4 0.398461 0.360569 0.399777 0.331026 0.383647 0.328742 0.382332 0.358285 0.663963
4 0.481963 0.636933 0.484291 0.605203 0.466749 0.601111 0.464421 0.63284 0.541955
4 0.268485 0.37514 0.270544 0.347016 0.255215 0.343448 0.253156 0.371572 0.526898
4 0.391193 0.54655 0.392528 0.519417 0.375568 0.516762 0.374232 0.543895 0.872861
0 0.279809 0.407095 0.282743 0.369543 0.261395 0.364239 0.258462 0.401791 0.738245
4 0.419239 0.704801 0.420868 0.674292 0.402993 0.671256 0.401364 0.701765 0.695505
4 0.338365 0.576145 0.340199 0.547657 0.323915 0.544322 0.32208 0.572809 0.688416
4 0.398461 0.360569 0.399777 0.331026 0.383647 0.328742 0.382332 0.358285 0.663963
4 0.481963 0.636933 0.484291 0.605203 0.466749 0.601111 0.464421 0.63284 0.541955
4 0.268485 0.37514 0.270544 0.347016 0.255215 0.343448 0.253156 0.371572 0.526898
