4 0.201787 0.392563 0.2037 0.362233 0.185844 0.35865 0.18393 0.38898 0.917605
4 0.303283 0.244495 0.305271 0.213341 0.287909 0.209818 0.285921 0.240972 0.872806
4 0.501063 0.474469 0.502087 0.447433 0.485716 0.445462 0.484692 0.472498 0.854992
4 0.435115 0.304666 0.437221 0.276104 0.42144 0.272402 0.419333 0.300964 0.83802
4 0.362007 0.841808 0.363658 0.8136 0.347696 0.810629 0.346045 0.838836 0.481479
0 0.401046 0.639083 0.404067 0.603857 0.385468 0.598784 0.382447 0.634011 0.453544
4 0.244304 0.759343 0.246564 0.728323 0.229874 0.724457 0.227614 0.755477 0.441871
4 0.418694 0.666683 0.421077 0.635394 0.400934 0.630517 0.398552 0.661805 0.393869
4 0.168597 0.58055 0.171122 0.548577 0.153031 0.544034 0.150507 0.576007 0.368378
4 0.201787 0.392563 0.2037 0.362233 0.185844 0.35865 0.18393 0.38898 0.917605
4 0.303283 0.244495 0.305271 0.213341 0.287909 0.209818 0.285921 0.240972 0.872806
4 0.501063 0.474469 0.502087 0.447433 0.485716 0.445462 0.484692 0.472498 0.854992
4 0.435115 0.304666 0.437221 0.276104 0.42144 0.272402 0.419333 0.300964 0.83802
4 0.362007 0.841808 0.363658 0.8136 0.347696 0.810629 0.346045 0.838836 0.481479
0 0.401046 0.639083 0.404067 0.603857 0.385468 0.598784 0.382447 0.634011 0.453544
4 0.244304 0.759343 0.246564 0.728323 0.229874 0.724457 0.227614 0.755477 0.441871
4 0.418694 0.666683 0.421077 0.635394 0.400934 0.630517 0.398552 0.661805 0.393869
4 0.168597 0.58055 0.171122 0.548577 0.153031 0.544034 0.150507 0.576007 0.368378
