4 0.358071 0.446087 0.359678 0.418586 0.344605 0.415785 0.342998 0.443286 0.733411
0 0.345079 0.521418 0.349098 0.480087 0.327444 0.47339 0.323425 0.514722 0.729423
4 0.341911 0.583926 0.34481 0.55268 0.328092 0.547747 0.325193 0.578994 0.701233
4 0.336756 0.470707 0.338728 0.444392 0.32406 0.440896 0.322088 0.467211 0.692764
4 0.397751 0.360593 0.3996 0.330138 0.382903 0.326914 0.381054 0.35737 0.656144
4 0.373682 0.648305 0.375827 0.614299 0.358067 0.610736 0.355922 0.644742 0.533497
4 0.362641 0.550224 0.366683 0.513306 0.347372 0.506581 0.34333 0.5435 0.484097
4 0.358071 0.446087 0.359678 0.418586 0.344605 0.415785 0.342998 0.443286 0.733411
0 0.345079 0.521418 0.349098 0.480087 0.327444 0.47339 0.323425 0.514722 0.729423
4 0.341911 0.583926 0.34481 0.55268 0.328092 0.547747 0.325193 0.578994 0.701233
4 0.336756 0.470707 0.338728 0.444392 0.32406 0.440896 0.322088 0.467211 0.692764
4 0.397751 0.360593 0.3996 0.330138 0.382903 0.326914 0.381054 0.35737 0.656144
4 0.373682 0.648305 0.375827 0.614299 0.358067 0.610736 0.355922 0.644742 0.533497
4 0.362641 0.550224 0.366683 0.513306 0.347372 0.506581 0.34333 0.5435 0.484097
