4 0.201735 0.392293 0.203625 0.362248 0.185905 0.358703 0.184015 0.388747 0.92101
4 0.303389 0.244674 0.305478 0.213026 0.287835 0.209323 0.285746 0.24097 0.880908
4 0.400966 0.433637 0.403063 0.405343 0.387269 0.401622 0.385173 0.429916 0.877639
4 0.501187 0.474521 0.502163 0.447452 0.485835 0.445581 0.48486 0.472649 0.866748
4 0.435178 0.304392 0.437416 0.275635 0.421423 0.271678 0.419185 0.300435 0.828308
4 0.337776 0.556939 0.340094 0.522644 0.320524 0.518435 0.318205 0.552731 0.796923
0 0.445099 0.437114 0.445451 0.402292 0.427036 0.4017 0.426684 0.436522 0.772329
4 0.361992 0.841346 0.36335 0.81368 0.347839 0.811259 0.346481 0.838925 0.480224
4 0.418593 0.392378 0.42129 0.356762 0.402623 0.352268 0.399927 0.387883 0.417833
4 0.169028 0.582728 0.17121 0.550818 0.154323 0.547146 0.152141 0.579055 0.378229
4 0.244183 0.759579 0.246423 0.728316 0.229692 0.724504 0.227452 0.755767 0.366407
4 0.201735 0.392293 0.203625 0.362248 0.185905 0.358703 0.184015 0.388747 0.92101
4 0.303389 0.244674 0.305478 0.213026 0.287835 0.209323 0.285746 0.24097 0.880908
4 0.400966 0.433637 0.403063 0.405343 0.387269 0.401622 0.385173 0.429916 0.877639
4 0.501187 0.474521 0.502163 0.447452 0.485835 0.445581 0.48486 0.472649 0.866748
4 0.435178 0.304392 0.437416 0.275635 0.421423 0.271678 0.419185 0.300435 0.828308
4 0.337776 0.556939 0.340094 0.522644 0.320524 0.518435 0.318205 0.552731 0.796923
0 0.445099 0.437114 0.445451 0.402292 0.427036 0.4017 0.426684 0.436522 0.772329
4 0.361992 0.841346 0.36335 0.81368 0.347839 0.811259 0.346481 0.838925 0.480224
4 0.418593 0.392378 0.42129 0.356762 0.402623 0.352268 0.399927 0.387883 0.417833
4 0.169028 0.582728 0.17121 0.550818 0.154323 0.547146 0.152141 0.579055 0.378229
4 0.244183 0.759579 0.246423 0.728316 0.229692 0.724504 0.227452 0.755767 0.366407
