4 0.367209 0.565487 0.368126 0.537361 0.351441 0.53563 0.350524 0.563757 0.927927
4 0.337264 0.471398 0.339249 0.443652 0.323511 0.440071 0.321526 0.467816 0.913932
4 0.358643 0.446568 0.360106 0.419516 0.34483 0.416888 0.343367 0.44394 0.81071
4 0.398589 0.360389 0.399851 0.331587 0.383952 0.329372 0.382691 0.358174 0.740693
0 0.440659 0.613251 0.445652 0.574329 0.42557 0.566136 0.420577 0.605058 0.666361
4 0.342689 0.580999 0.343985 0.551337 0.327487 0.549044 0.326191 0.578705 0.575264
4 0.380266 0.657498 0.382461 0.625765 0.363842 0.62167 0.361648 0.653403 0.473764
4 0.367209 0.565487 0.368126 0.537361 0.351441 0.53563 0.350524 0.563757 0.927927
4 0.337264 0.471398 0.339249 0.443652 0.323511 0.440071 0.321526 0.467816 0.913932
4 0.358643 0.446568 0.360106 0.419516 0.34483 0.416888 0.343367 0.44394 0.81071
4 0.398589 0.360389 0.399851 0.331587 0.383952 0.329372 0.382691 0.358174 0.740693
0 0.440659 0.613251 0.445652 0.574329 0.42557 0.566136 0.420577 0.605058 0.666361
4 0.342689 0.580999 0.343985 0.551337 0.327487 0.549044 0.326191 0.578705 0.575264
4 0.380266 0.657498 0.382461 0.625765 0.363842 0.62167 0.361648 0.653403 0.473764
