4 0.367283 0.565631 0.368067 0.536986 0.350692 0.535474 0.349908 0.564119 0.94069
4 0.337264 0.471649 0.339341 0.443248 0.32349 0.439562 0.321413 0.467963 0.906436
4 0.358526 0.4468 0.360198 0.419073 0.344647 0.41609 0.342975 0.443818 0.78841
4 0.398621 0.360549 0.399885 0.331104 0.383674 0.328891 0.38241 0.358336 0.712945
4 0.38029 0.65853 0.382954 0.62592 0.364919 0.621236 0.362255 0.653846 0.70322
4 0.342659 0.581237 0.343866 0.551315 0.327211 0.549178 0.326004 0.5791 0.573842
4 0.477743 0.630629 0.479123 0.596153 0.461928 0.593964 0.460548 0.62844 0.559309
0 0.455477 0.626002 0.459307 0.587708 0.438692 0.58115 0.434862 0.619445 0.55179
4 0.370715 0.617175 0.373075 0.589316 0.355729 0.584643 0.353369 0.612502 0.377018
4 0.367283 0.565631 0.368067 0.536986 0.350692 0.535474 0.349908 0.564119 0.94069
4 0.337264 0.471649 0.339341 0.443248 0.32349 0.439562 0.321413 0.467963 0.906436
4 0.358526 0.4468 0.360198 0.419073 0.344647 0.41609 0.342975 0.443818 0.78841
4 0.398621 0.360549 0.399885 0.331104 0.383674 0.328891 0.38241 0.358336 0.712945
4 0.38029 0.65853 0.382954 0.62592 0.364919 0.621236 0.362255 0.653846 0.70322
4 0.342659 0.581237 0.343866 0.551315 0.327211 0.549178 0.326004 0.5791 0.573842
4 0.477743 0.630629 0.479123 0.596153 0.461928 0.593964 0.460548 0.62844 0.559309
0 0.455477 0.626002 0.459307 0.587708 0.438692 0.58115 0.434862 0.619445 0.55179
4 0.370715 0.617175 0.373075 0.589316 0.355729 0.584643 0.353369 0.612502 0.377018
