4 0.20183 0.392524 0.203656 0.362411 0.186037 0.359013 0.184211 0.389126 0.918869
4 0.401232 0.43403 0.402744 0.405222 0.386789 0.40256 0.385278 0.431367 0.896154
0 0.440203 0.446294 0.442376 0.412541 0.421317 0.408229 0.419144 0.441982 0.88544
4 0.303334 0.244991 0.305583 0.213366 0.287906 0.209369 0.285658 0.240993 0.880772
4 0.501122 0.474553 0.502095 0.447361 0.48571 0.445496 0.484737 0.472688 0.868315
4 0.435374 0.304727 0.437443 0.275696 0.421266 0.272029 0.419197 0.30106 0.834933
4 0.337501 0.556756 0.339959 0.52274 0.320488 0.518266 0.318031 0.552282 0.802806
4 0.433285 0.393264 0.435553 0.361078 0.419293 0.357432 0.417024 0.389618 0.455441
4 0.361956 0.84155 0.363539 0.81376 0.347841 0.810917 0.346258 0.838707 0.442614
4 0.169015 0.582621 0.171244 0.550455 0.154262 0.546713 0.152033 0.578879 0.419231
4 0.244205 0.759454 0.246497 0.728409 0.229899 0.724512 0.227607 0.755557 0.361085
4 0.20183 0.392524 0.203656 0.362411 0.186037 0.359013 0.184211 0.389126 0.918869
4 0.401232 0.43403 0.402744 0.405222 0.386789 0.40256 0.385278 0.431367 0.896154
0 0.440203 0.446294 0.442376 0.412541 0.421317 0.408229 0.419144 0.441982 0.88544
4 0.303334 0.244991 0.305583 0.213366 0.287906 0.209369 0.285658 0.240993 0.880772
4 0.501122 0.474553 0.502095 0.447361 0.48571 0.445496 0.484737 0.472688 0.868315
4 0.435374 0.304727 0.437443 0.275696 0.421266 0.272029 0.419197 0.30106 0.834933
4 0.337501 0.556756 0.339959 0.52274 0.320488 0.518266 0.318031 0.552282 0.802806
4 0.433285 0.393264 0.435553 0.361078 0.419293 0.357432 0.417024 0.389618 0.455441
4 0.361956 0.84155 0.363539 0.81376 0.347841 0.810917 0.346258 0.838707 0.442614
4 0.169015 0.582621 0.171244 0.550455 0.154262 0.546713 0.152033 0.578879 0.419231
4 0.244205 0.759454 0.246497 0.728409 0.229899 0.724512 0.227607 0.755557 0.361085
