4 0.201858 0.392981 0.203815 0.362548 0.185775 0.358859 0.183818 0.389292 0.924912
4 0.401313 0.434068 0.402251 0.404758 0.387186 0.403225 0.386248 0.432535 0.885445
4 0.303153 0.244568 0.305287 0.213154 0.287747 0.209364 0.285612 0.240778 0.872823
4 0.50103 0.474767 0.502052 0.447632 0.486034 0.445713 0.485012 0.472848 0.858394
4 0.435241 0.304789 0.437352 0.275742 0.421392 0.272054 0.419281 0.301101 0.843407
4 0.337617 0.556656 0.339917 0.522653 0.320494 0.518474 0.318193 0.552477 0.789046
0 0.426953 0.432418 0.430508 0.394086 0.410231 0.388106 0.406677 0.426438 0.732722
4 0.361941 0.841684 0.363532 0.81366 0.34767 0.810798 0.34608 0.838821 0.473445
4 0.244088 0.759653 0.246376 0.728586 0.229674 0.724675 0.227386 0.755742 0.39095
4 0.431039 0.458054 0.432871 0.42571 0.411599 0.421879 0.409768 0.454224 0.387997
4 0.168904 0.582996 0.171287 0.550751 0.15415 0.546724 0.151767 0.578969 0.329623
4 0.201858 0.392981 0.203815 0.362548 0.185775 0.358859 0.183818 0.389292 0.924912
4 0.401313 0.434068 0.402251 0.404758 0.387186 0.403225 0.386248 0.432535 0.885445
4 0.303153 0.244568 0.305287 0.213154 0.287747 0.209364 0.285612 0.240778 0.872823
4 0.50103 0.474767 0.502052 0.447632 0.486034 0.445713 0.485012 0.472848 0.858394
4 0.435241 0.304789 0.437352 0.275742 0.421392 0.272054 0.419281 0.301101 0.843407
4 0.337617 0.556656 0.339917 0.522653 0.320494 0.518474 0.318193 0.552477 0.789046
0 0.426953 0.432418 0.430508 0.394086 0.410231 0.388106 0.406677 0.426438 0.732722
4 0.361941 0.841684 0.363532 0.81366 0.34767 0.810798 0.34608 0.838821 0.473445
4 0.244088 0.759653 0.246376 0.728586 0.229674 0.724675 0.227386 0.755742 0.39095
4 0.431039 0.458054 0.432871 0.42571 0.411599 0.421879 0.409768 0.454224 0.387997
4 0.168904 0.582996 0.171287 0.550751 0.15415 0.546724 0.151767 0.578969 0.329623
