4 0.337437 0.471536 0.339423 0.443021 0.323223 0.439434 0.321238 0.467949 0.931553
4 0.358517 0.446918 0.360124 0.419464 0.344738 0.4166 0.343131 0.444054 0.743531
4 0.36739 0.563767 0.368363 0.534853 0.350881 0.53298 0.349907 0.561894 0.711463
4 0.398448 0.360647 0.399742 0.331188 0.383544 0.328925 0.38225 0.358384 0.682383
4 0.390676 0.560901 0.392576 0.528068 0.373837 0.524619 0.371937 0.557452 0.614444
4 0.380955 0.657747 0.382736 0.625488 0.364114 0.622219 0.362333 0.654478 0.558514
4 0.373045 0.648852 0.375624 0.614305 0.358249 0.610181 0.355671 0.644727 0.494187
4 0.342428 0.581633 0.343913 0.552132 0.32759 0.54952 0.326106 0.579021 0.460058
0 0.372588 0.546135 0.374972 0.509725 0.354518 0.505465 0.352134 0.541876 0.396148
4 0.103778 0.310782 0.108621 0.279911 0.0884808 0.269861 0.0836373 0.300732 0.278306
4 0.337437 0.471536 0.339423 0.443021 0.323223 0.439434 0.321238 0.467949 0.931553
4 0.358517 0.446918 0.360124 0.419464 0.344738 0.4166 0.343131 0.444054 0.743531
4 0.36739 0.563767 0.368363 0.534853 0.350881 0.53298 0.349907 0.561894 0.711463
4 0.398448 0.360647 0.399742 0.331188 0.383544 0.328925 0.38225 0.358384 0.682383
4 0.390676 0.560901 0.392576 0.528068 0.373837 0.524619 0.371937 0.557452 0.614444
4 0.380955 0.657747 0.382736 0.625488 0.364114 0.622219 0.362333 0.654478 0.558514
4 0.373045 0.648852 0.375624 0.614305 0.358249 0.610181 0.355671 0.644727 0.494187
4 0.342428 0.581633 0.343913 0.552132 0.32759 0.54952 0.326106 0.579021 0.460058
0 0.372588 0.546135 0.374972 0.509725 0.354518 0.505465 0.352134 0.541876 0.396148
4 0.103778 0.310782 0.108621 0.279911 0.0884808 0.269861 0.0836373 0.300732 0.278306
