0 0.277127 0.344777 0.282414 0.304272 0.261091 0.29542 0.255804 0.335924 0.926913
4 0.391255 0.546411 0.392504 0.519331 0.375717 0.516869 0.374469 0.543949 0.879243
4 0.242539 0.308101 0.245001 0.277188 0.227623 0.272785 0.22516 0.303698 0.814969
4 0.398528 0.360607 0.399736 0.331519 0.383762 0.32941 0.382554 0.358497 0.724363
4 0.419404 0.704361 0.420916 0.674306 0.403179 0.671468 0.401666 0.701522 0.707996
4 0.338462 0.576039 0.340357 0.548054 0.32436 0.54461 0.322466 0.572595 0.68497
4 0.481931 0.637214 0.484448 0.60493 0.46679 0.600552 0.464273 0.632836 0.568985
4 0.476559 0.625167 0.478275 0.590459 0.460939 0.587733 0.459223 0.622441 0.508216
0 0.277127 0.344777 0.282414 0.304272 0.261091 0.29542 0.255804 0.335924 0.926913
4 0.391255 0.546411 0.392504 0.519331 0.375717 0.516869 0.374469 0.543949 0.879243
4 0.242539 0.308101 0.245001 0.277188 0.227623 0.272785 0.22516 0.303698 0.814969
4 0.398528 0.360607 0.399736 0.331519 0.383762 0.32941 0.382554 0.358497 0.724363
4 0.419404 0.704361 0.420916 0.674306 0.403179 0.671468 0.401666 0.701522 0.707996
4 0.338462 0.576039 0.340357 0.548054 0.32436 0.54461 0.322466 0.572595 0.68497
4 0.481931 0.637214 0.484448 0.60493 0.46679 0.600552 0.464273 0.632836 0.568985
4 0.476559 0.625167 0.478275 0.590459 0.460939 0.587733 0.459223 0.622441 0.508216
