4 0.337417 0.471652 0.339433 0.443221 0.323213 0.439564 0.321197 0.467995 0.923833
4 0.367513 0.564771 0.368386 0.53608 0.352102 0.534505 0.35123 0.563195 0.873141
4 0.358606 0.446991 0.360235 0.419384 0.344754 0.416479 0.343125 0.444086 0.767912
4 0.394501 0.56288 0.396156 0.525331 0.374901 0.522352 0.373247 0.559901 0.739697
4 0.398435 0.360562 0.39973 0.331222 0.383576 0.328955 0.382281 0.358295 0.657881
4 0.381 0.65755 0.382844 0.625265 0.36429 0.621894 0.362445 0.654179 0.580736
4 0.342361 0.58189 0.343906 0.552092 0.3275 0.549386 0.325955 0.579184 0.394627
0 0.376098 0.554378 0.379242 0.511351 0.357247 0.50624 0.354103 0.549267 0.352987
4 0.337417 0.471652 0.339433 0.443221 0.323213 0.439564 0.321197 0.467995 0.923833
4 0.367513 0.564771 0.368386 0.53608 0.352102 0.534505 0.35123 0.563195 0.873141
4 0.358606 0.446991 0.360235 0.419384 0.344754 0.416479 0.343125 0.444086 0.767912
4 0.394501 0.56288 0.396156 0.525331 0.374901 0.522352 0.373247 0.559901 0.739697
4 0.398435 0.360562 0.39973 0.331222 0.383576 0.328955 0.382281 0.358295 0.657881
4 0.381 0.65755 0.382844 0.625265 0.36429 0.621894 0.362445 0.654179 0.580736
4 0.342361 0.58189 0.343906 0.552092 0.3275 0.549386 0.325955 0.579184 0.394627
0 0.376098 0.554378 0.379242 0.511351 0.357247 0.50624 0.354103 0.549267 0.352987
