4 0.367143 0.565307 0.367939 0.536851 0.351091 0.535353 0.350295 0.563809 0.933795
4 0.337307 0.471591 0.339321 0.442916 0.323406 0.439362 0.321392 0.468036 0.89325
4 0.358314 0.446236 0.359924 0.418964 0.344757 0.416117 0.343147 0.443389 0.782185
4 0.397552 0.360406 0.399451 0.329752 0.382793 0.32647 0.380894 0.357125 0.660367
4 0.342619 0.581108 0.343924 0.551271 0.32727 0.548954 0.325965 0.578791 0.592147
4 0.477699 0.630468 0.47917 0.596015 0.461913 0.593671 0.460441 0.628124 0.571195
0 0.455588 0.625982 0.45953 0.586905 0.438477 0.580151 0.434536 0.619229 0.522136
1 0.373733 0.679577 0.377039 0.637578 0.351456 0.631172 0.34815 0.673172 0.416585
4 0.372457 0.645968 0.374447 0.611217 0.357094 0.608056 0.355103 0.642807 0.367995
4 0.367143 0.565307 0.367939 0.536851 0.351091 0.535353 0.350295 0.563809 0.933795
4 0.337307 0.471591 0.339321 0.442916 0.323406 0.439362 0.321392 0.468036 0.89325
4 0.358314 0.446236 0.359924 0.418964 0.344757 0.416117 0.343147 0.443389 0.782185
4 0.397552 0.360406 0.399451 0.329752 0.382793 0.32647 0.380894 0.357125 0.660367
4 0.342619 0.581108 0.343924 0.551271 0.32727 0.548954 0.325965 0.578791 0.592147
4 0.477699 0.630468 0.47917 0.596015 0.461913 0.593671 0.460441 0.628124 0.571195
0 0.455588 0.625982 0.45953 0.586905 0.438477 0.580151 0.434536 0.619229 0.522136
1 0.373733 0.679577 0.377039 0.637578 0.351456 0.631172 0.34815 0.673172 0.416585
4 0.372457 0.645968 0.374447 0.611217 0.357094 0.608056 0.355103 0.642807 0.367995
