4 0.402198 0.433956 0.404701 0.405766 0.388075 0.401071 0.385572 0.429262 0.940119
4 0.201716 0.392417 0.203554 0.362471 0.185863 0.359019 0.184025 0.388965 0.932275
4 0.501264 0.474379 0.502232 0.447379 0.485891 0.445515 0.484923 0.472515 0.873342
4 0.30321 0.244756 0.30548 0.21323 0.287796 0.20918 0.285526 0.240706 0.871777
4 0.43526 0.304652 0.437448 0.275862 0.421457 0.271998 0.41927 0.300788 0.843402
4 0.337838 0.556904 0.340147 0.522676 0.320473 0.518454 0.318164 0.552682 0.792424
0 0.448455 0.449859 0.450799 0.413288 0.431256 0.409304 0.428912 0.445875 0.734327
4 0.361996 0.841539 0.363539 0.813632 0.347729 0.810853 0.346187 0.838759 0.4844
4 0.244073 0.759424 0.246406 0.728307 0.229588 0.724296 0.227255 0.755413 0.40619
4 0.168933 0.582929 0.171243 0.550858 0.154202 0.546954 0.151892 0.579025 0.363414
4 0.402198 0.433956 0.404701 0.405766 0.388075 0.401071 0.385572 0.429262 0.940119
4 0.201716 0.392417 0.203554 0.362471 0.185863 0.359019 0.184025 0.388965 0.932275
4 0.501264 0.474379 0.502232 0.447379 0.485891 0.445515 0.484923 0.472515 0.873342
4 0.30321 0.244756 0.30548 0.21323 0.287796 0.20918 0.285526 0.240706 0.871777
4 0.43526 0.304652 0.437448 0.275862 0.421457 0.271998 0.41927 0.300788 0.843402
4 0.337838 0.556904 0.340147 0.522676 0.320473 0.518454 0.318164 0.552682 0.792424
0 0.448455 0.449859 0.450799 0.413288 0.431256 0.409304 0.428912 0.445875 0.734327
4 0.361996 0.841539 0.363539 0.813632 0.347729 0.810853 0.346187 0.838759 0.4844
4 0.244073 0.759424 0.246406 0.728307 0.229588 0.724296 0.227255 0.755413 0.40619
4 0.168933 0.582929 0.171243 0.550858 0.154202 0.546954 0.151892 0.579025 0.363414
