0 0.275947 0.396045 0.278381 0.361716 0.258566 0.357247 0.256132 0.391576 0.895245
4 0.391185 0.546667 0.392532 0.519436 0.375512 0.51676 0.374165 0.543991 0.871726
4 0.398454 0.360664 0.399746 0.331211 0.383604 0.32896 0.382312 0.358413 0.705771
4 0.266919 0.372473 0.268598 0.341685 0.250527 0.338551 0.248849 0.369339 0.698224
4 0.419273 0.704841 0.42086 0.674394 0.403064 0.671445 0.401478 0.701892 0.694923
4 0.338322 0.576259 0.340186 0.547731 0.323918 0.544352 0.322055 0.57288 0.679396
4 0.482014 0.636955 0.484414 0.605036 0.466664 0.600791 0.464264 0.63271 0.582925
0 0.275947 0.396045 0.278381 0.361716 0.258566 0.357247 0.256132 0.391576 0.895245
4 0.391185 0.546667 0.392532 0.519436 0.375512 0.51676 0.374165 0.543991 0.871726
4 0.398454 0.360664 0.399746 0.331211 0.383604 0.32896 0.382312 0.358413 0.705771
4 0.266919 0.372473 0.268598 0.341685 0.250527 0.338551 0.248849 0.369339 0.698224
4 0.419273 0.704841 0.42086 0.674394 0.403064 0.671445 0.401478 0.701892 0.694923
4 0.338322 0.576259 0.340186 0.547731 0.323918 0.544352 0.322055 0.57288 0.679396
4 0.482014 0.636955 0.484414 0.605036 0.466664 0.600791 0.464264 0.63271 0.582925
