4 0.367335 0.565248 0.368122 0.536954 0.351263 0.535464 0.350476 0.563757 0.929104
4 0.337233 0.471623 0.339343 0.443064 0.323413 0.439322 0.321303 0.467881 0.900917
4 0.358379 0.446428 0.359962 0.419151 0.344737 0.416342 0.343155 0.443619 0.775302
4 0.398667 0.360426 0.399966 0.330636 0.383698 0.328382 0.3824 0.358172 0.651582
4 0.478432 0.631269 0.480251 0.596258 0.462145 0.593267 0.460326 0.628277 0.582544
4 0.342687 0.580855 0.343938 0.551278 0.327426 0.549058 0.326175 0.578635 0.572117
0 0.457488 0.62609 0.460898 0.587592 0.440601 0.581875 0.437191 0.620372 0.542293
4 0.372862 0.649051 0.375149 0.614393 0.357873 0.610767 0.355586 0.645426 0.476746
4 0.367335 0.565248 0.368122 0.536954 0.351263 0.535464 0.350476 0.563757 0.929104
4 0.337233 0.471623 0.339343 0.443064 0.323413 0.439322 0.321303 0.467881 0.900917
4 0.358379 0.446428 0.359962 0.419151 0.344737 0.416342 0.343155 0.443619 0.775302
4 0.398667 0.360426 0.399966 0.330636 0.383698 0.328382 0.3824 0.358172 0.651582
4 0.478432 0.631269 0.480251 0.596258 0.462145 0.593267 0.460326 0.628277 0.582544
4 0.342687 0.580855 0.343938 0.551278 0.327426 0.549058 0.326175 0.578635 0.572117
0 0.457488 0.62609 0.460898 0.587592 0.440601 0.581875 0.437191 0.620372 0.542293
4 0.372862 0.649051 0.375149 0.614393 0.357873 0.610767 0.355586 0.645426 0.476746
