0 0.312601 0.479168 0.313868 0.445061 0.294868 0.442816 0.293601 0.476922 0.899704
4 0.391342 0.546518 0.392631 0.519453 0.375641 0.51688 0.374352 0.543944 0.862507
4 0.303233 0.460428 0.304673 0.429373 0.287219 0.426798 0.285779 0.457854 0.730937
4 0.419427 0.704464 0.420899 0.673981 0.403014 0.671235 0.401542 0.701718 0.72739
4 0.398522 0.360448 0.399739 0.331168 0.38372 0.32905 0.382502 0.35833 0.721817
4 0.33837 0.576315 0.340348 0.548329 0.324195 0.544698 0.322217 0.572683 0.669788
4 0.482024 0.636909 0.484283 0.604822 0.466476 0.600834 0.464216 0.632921 0.593725
4 0.456859 0.558292 0.459527 0.521081 0.440176 0.516669 0.437508 0.55388 0.317727
0 0.312601 0.479168 0.313868 0.445061 0.294868 0.442816 0.293601 0.476922 0.899704
4 0.391342 0.546518 0.392631 0.519453 0.375641 0.51688 0.374352 0.543944 0.862507
4 0.303233 0.460428 0.304673 0.429373 0.287219 0.426798 0.285779 0.457854 0.730937
4 0.419427 0.704464 0.420899 0.673981 0.403014 0.671235 0.401542 0.701718 0.72739
4 0.398522 0.360448 0.399739 0.331168 0.38372 0.32905 0.382502 0.35833 0.721817
4 0.33837 0.576315 0.340348 0.548329 0.324195 0.544698 0.322217 0.572683 0.669788
4 0.482024 0.636909 0.484283 0.604822 0.466476 0.600834 0.464216 0.632921 0.593725
4 0.456859 0.558292 0.459527 0.521081 0.440176 0.516669 0.437508 0.55388 0.317727
