0 0.249189 0.333822 0.25092 0.296773 0.228852 0.293494 0.227122 0.330544 0.898768
4 0.391345 0.546434 0.392585 0.519219 0.375701 0.516773 0.374461 0.543988 0.884629
4 0.419414 0.704388 0.421013 0.673792 0.403151 0.670823 0.401552 0.701419 0.705216
4 0.338388 0.575682 0.340157 0.547784 0.32409 0.544542 0.32232 0.57244 0.686229
4 0.398714 0.360744 0.400015 0.331132 0.38378 0.328863 0.382479 0.358475 0.680151
4 0.481988 0.637001 0.48453 0.604792 0.466827 0.600348 0.464285 0.632557 0.582496
4 0.242978 0.307378 0.245852 0.275187 0.228763 0.270335 0.225889 0.302527 0.411337
0 0.249189 0.333822 0.25092 0.296773 0.228852 0.293494 0.227122 0.330544 0.898768
4 0.391345 0.546434 0.392585 0.519219 0.375701 0.516773 0.374461 0.543988 0.884629
4 0.419414 0.704388 0.421013 0.673792 0.403151 0.670823 0.401552 0.701419 0.705216
4 0.338388 0.575682 0.340157 0.547784 0.32409 0.544542 0.32232 0.57244 0.686229
4 0.398714 0.360744 0.400015 0.331132 0.38378 0.328863 0.382479 0.358475 0.680151
4 0.481988 0.637001 0.48453 0.604792 0.466827 0.600348 0.464285 0.632557 0.582496
4 0.242978 0.307378 0.245852 0.275187 0.228763 0.270335 0.225889 0.302527 0.411337
