4 0.337812 0.471774 0.339712 0.443291 0.323465 0.439844 0.321565 0.468328 0.906399
0 0.363811 0.53872 0.367577 0.498495 0.346929 0.492346 0.343163 0.532571 0.79344
4 0.358304 0.44664 0.359959 0.419128 0.344755 0.41622 0.3431 0.443731 0.779438
4 0.367931 0.564256 0.369466 0.537698 0.35207 0.534501 0.350536 0.561059 0.752007
4 0.398536 0.360877 0.399811 0.331297 0.3836 0.329074 0.382324 0.358653 0.666759
4 0.341935 0.582331 0.344011 0.553085 0.327421 0.549341 0.325346 0.578588 0.575806
4 0.380921 0.657513 0.38274 0.625294 0.364191 0.621963 0.362372 0.654182 0.555833
4 0.387428 0.553198 0.390585 0.521038 0.372391 0.515359 0.369234 0.547519 0.295503
4 0.337812 0.471774 0.339712 0.443291 0.323465 0.439844 0.321565 0.468328 0.906399
0 0.363811 0.53872 0.367577 0.498495 0.346929 0.492346 0.343163 0.532571 0.79344
4 0.358304 0.44664 0.359959 0.419128 0.344755 0.41622 0.3431 0.443731 0.779438
4 0.367931 0.564256 0.369466 0.537698 0.35207 0.534501 0.350536 0.561059 0.752007
4 0.398536 0.360877 0.399811 0.331297 0.3836 0.329074 0.382324 0.358653 0.666759
4 0.341935 0.582331 0.344011 0.553085 0.327421 0.549341 0.325346 0.578588 0.575806
4 0.380921 0.657513 0.38274 0.625294 0.364191 0.621963 0.362372 0.654182 0.555833
4 0.387428 0.553198 0.390585 0.521038 0.372391 0.515359 0.369234 0.547519 0.295503
