4 0.20205 0.392558 0.203924 0.36231 0.186093 0.358796 0.184219 0.389044 0.921718
4 0.40289 0.433905 0.405365 0.40547 0.387962 0.400654 0.385487 0.429089 0.911922
4 0.501143 0.474576 0.502087 0.447195 0.485455 0.445372 0.484511 0.472753 0.88145
4 0.303319 0.245136 0.305612 0.213322 0.287837 0.209247 0.285544 0.241062 0.869912
4 0.435108 0.30443 0.437292 0.275724 0.421404 0.271881 0.419221 0.300586 0.83922
4 0.337695 0.55705 0.340035 0.522681 0.320454 0.518441 0.318114 0.55281 0.786605
0 0.459075 0.521928 0.459509 0.487308 0.43948 0.48651 0.439046 0.521129 0.772789
4 0.362014 0.841463 0.363529 0.813681 0.347741 0.810944 0.346226 0.838726 0.501537
4 0.244234 0.759439 0.246552 0.72806 0.229707 0.724104 0.22739 0.755483 0.402902
4 0.168901 0.582754 0.171162 0.550875 0.154406 0.547096 0.152145 0.578975 0.365099
4 0.20205 0.392558 0.203924 0.36231 0.186093 0.358796 0.184219 0.389044 0.921718
4 0.40289 0.433905 0.405365 0.40547 0.387962 0.400654 0.385487 0.429089 0.911922
4 0.501143 0.474576 0.502087 0.447195 0.485455 0.445372 0.484511 0.472753 0.88145
4 0.303319 0.245136 0.305612 0.213322 0.287837 0.209247 0.285544 0.241062 0.869912
4 0.435108 0.30443 0.437292 0.275724 0.421404 0.271881 0.419221 0.300586 0.83922
4 0.337695 0.55705 0.340035 0.522681 0.320454 0.518441 0.318114 0.55281 0.786605
0 0.459075 0.521928 0.459509 0.487308 0.43948 0.48651 0.439046 0.521129 0.772789
4 0.362014 0.841463 0.363529 0.813681 0.347741 0.810944 0.346226 0.838726 0.501537
4 0.244234 0.759439 0.246552 0.72806 0.229707 0.724104 0.22739 0.755483 0.402902
4 0.168901 0.582754 0.171162 0.550875 0.154406 0.547096 0.152145 0.578975 0.365099
