4 0.201942 0.392292 0.203744 0.362246 0.186049 0.358872 0.184248 0.388917 0.923019
4 0.303285 0.244494 0.305345 0.21342 0.287989 0.209762 0.28593 0.240836 0.882677
4 0.405437 0.64029 0.407 0.608011 0.387671 0.605035 0.386108 0.637314 0.867532
4 0.501083 0.474603 0.502105 0.447575 0.485856 0.445621 0.484834 0.47265 0.855007
4 0.435182 0.304749 0.437325 0.275876 0.421422 0.272122 0.419279 0.300995 0.841696
0 0.387298 0.61297 0.390664 0.576365 0.37069 0.570524 0.367324 0.607129 0.635572
4 0.362017 0.841571 0.363557 0.813594 0.347716 0.81082 0.346175 0.838797 0.491815
4 0.244084 0.759643 0.246447 0.728393 0.229563 0.724333 0.2272 0.755582 0.395469
4 0.448071 0.637059 0.4503 0.607983 0.433489 0.603884 0.43126 0.63296 0.371883
4 0.168479 0.580238 0.171113 0.548356 0.153142 0.543634 0.150508 0.575517 0.35015
4 0.201942 0.392292 0.203744 0.362246 0.186049 0.358872 0.184248 0.388917 0.923019
4 0.303285 0.244494 0.305345 0.21342 0.287989 0.209762 0.28593 0.240836 0.882677
4 0.405437 0.64029 0.407 0.608011 0.387671 0.605035 0.386108 0.637314 0.867532
4 0.501083 0.474603 0.502105 0.447575 0.485856 0.445621 0.484834 0.47265 0.855007
4 0.435182 0.304749 0.437325 0.275876 0.421422 0.272122 0.419279 0.300995 0.841696
0 0.387298 0.61297 0.390664 0.576365 0.37069 0.570524 0.367324 0.607129 0.635572
4 0.362017 0.841571 0.363557 0.813594 0.347716 0.81082 0.346175 0.838797 0.491815
4 0.244084 0.759643 0.246447 0.728393 0.229563 0.724333 0.2272 0.755582 0.395469
4 0.448071 0.637059 0.4503 0.607983 0.433489 0.603884 0.43126 0.63296 0.371883
4 0.168479 0.580238 0.171113 0.548356 0.153142 0.543634 0.150508 0.575517 0.35015
