0 0.249076 0.333649 0.250881 0.296843 0.228967 0.293424 0.227161 0.33023 0.899715
4 0.391251 0.546279 0.392502 0.519192 0.375716 0.516726 0.374465 0.543813 0.87686
4 0.419375 0.704064 0.420927 0.673757 0.403164 0.670864 0.401612 0.701171 0.690339
4 0.338454 0.575791 0.340239 0.547865 0.324093 0.544582 0.322308 0.572508 0.686223
4 0.398821 0.36056 0.400084 0.330634 0.38382 0.328451 0.382557 0.358376 0.619475
4 0.481974 0.637133 0.484524 0.604831 0.466706 0.600356 0.464155 0.632658 0.597443
4 0.24295 0.307346 0.245806 0.275593 0.228896 0.270756 0.22604 0.302509 0.430559
0 0.249076 0.333649 0.250881 0.296843 0.228967 0.293424 0.227161 0.33023 0.899715
4 0.391251 0.546279 0.392502 0.519192 0.375716 0.516726 0.374465 0.543813 0.87686
4 0.419375 0.704064 0.420927 0.673757 0.403164 0.670864 0.401612 0.701171 0.690339
4 0.338454 0.575791 0.340239 0.547865 0.324093 0.544582 0.322308 0.572508 0.686223
4 0.398821 0.36056 0.400084 0.330634 0.38382 0.328451 0.382557 0.358376 0.619475
4 0.481974 0.637133 0.484524 0.604831 0.466706 0.600356 0.464155 0.632658 0.597443
4 0.24295 0.307346 0.245806 0.275593 0.228896 0.270756 0.22604 0.302509 0.430559
