4 0.201602 0.392881 0.203588 0.36231 0.185624 0.358599 0.183638 0.38917 0.918351
4 0.303291 0.244739 0.305443 0.213273 0.287882 0.209454 0.285731 0.24092 0.872487
4 0.500996 0.474681 0.501991 0.447728 0.485962 0.445845 0.484967 0.472799 0.864569
4 0.435124 0.304921 0.437346 0.275856 0.421309 0.271958 0.419087 0.301022 0.83626
0 0.32482 0.517372 0.3281 0.479428 0.307629 0.473801 0.304349 0.511744 0.586124
4 0.355605 0.557675 0.357978 0.528756 0.342216 0.524642 0.339843 0.55356 0.528109
4 0.361807 0.841537 0.363402 0.813483 0.347471 0.810601 0.345875 0.838655 0.481351
4 0.168628 0.580223 0.17112 0.548263 0.153277 0.543837 0.150784 0.575797 0.368886
4 0.470081 0.676776 0.471671 0.649971 0.457254 0.647251 0.455664 0.674056 0.340955
4 0.243914 0.759401 0.246229 0.72842 0.229728 0.724499 0.227413 0.755479 0.316655
4 0.201602 0.392881 0.203588 0.36231 0.185624 0.358599 0.183638 0.38917 0.918351
4 0.303291 0.244739 0.305443 0.213273 0.287882 0.209454 0.285731 0.24092 0.872487
4 0.500996 0.474681 0.501991 0.447728 0.485962 0.445845 0.484967 0.472799 0.864569
4 0.435124 0.304921 0.437346 0.275856 0.421309 0.271958 0.419087 0.301022 0.83626
0 0.32482 0.517372 0.3281 0.479428 0.307629 0.473801 0.304349 0.511744 0.586124
4 0.355605 0.557675 0.357978 0.528756 0.342216 0.524642 0.339843 0.55356 0.528109
4 0.361807 0.841537 0.363402 0.813483 0.347471 0.810601 0.345875 0.838655 0.481351
4 0.168628 0.580223 0.17112 0.548263 0.153277 0.543837 0.150784 0.575797 0.368886
4 0.470081 0.676776 0.471671 0.649971 0.457254 0.647251 0.455664 0.674056 0.340955
4 0.243914 0.759401 0.246229 0.72842 0.229728 0.724499 0.227413 0.755479 0.316655
