4 0.391253 0.546345 0.39254 0.519188 0.375555 0.516628 0.374268 0.543786 0.874432
0 0.294063 0.433989 0.294414 0.397753 0.273158 0.397099 0.272807 0.433335 0.843778
4 0.419322 0.704344 0.420819 0.674048 0.403113 0.671266 0.401616 0.701561 0.724968
4 0.338434 0.575974 0.340301 0.547654 0.324047 0.544245 0.32218 0.572565 0.682423
4 0.398643 0.360398 0.399878 0.330788 0.383736 0.328647 0.3825 0.358256 0.643394
4 0.482101 0.63672 0.484338 0.604877 0.466667 0.600929 0.46443 0.632773 0.576546
4 0.4566 0.558425 0.459382 0.521289 0.440045 0.516682 0.437263 0.553818 0.341397
4 0.391253 0.546345 0.39254 0.519188 0.375555 0.516628 0.374268 0.543786 0.874432
0 0.294063 0.433989 0.294414 0.397753 0.273158 0.397099 0.272807 0.433335 0.843778
4 0.419322 0.704344 0.420819 0.674048 0.403113 0.671266 0.401616 0.701561 0.724968
4 0.338434 0.575974 0.340301 0.547654 0.324047 0.544245 0.32218 0.572565 0.682423
4 0.398643 0.360398 0.399878 0.330788 0.383736 0.328647 0.3825 0.358256 0.643394
4 0.482101 0.63672 0.484338 0.604877 0.466667 0.600929 0.46443 0.632773 0.576546
4 0.4566 0.558425 0.459382 0.521289 0.440045 0.516682 0.437263 0.553818 0.341397
