4 0.202068 0.392642 0.203915 0.362502 0.186162 0.359042 0.184315 0.389182 0.925546
4 0.501297 0.474712 0.502326 0.447671 0.485921 0.445687 0.484893 0.472728 0.88038
4 0.303224 0.244972 0.305413 0.213326 0.28789 0.209471 0.285701 0.241117 0.872483
4 0.401289 0.433113 0.403248 0.404714 0.387161 0.401185 0.385203 0.429584 0.863891
4 0.43523 0.304526 0.4374 0.27586 0.42146 0.272022 0.41929 0.300688 0.829763
4 0.337799 0.556922 0.34017 0.522521 0.320483 0.518206 0.318112 0.552607 0.796329
0 0.447507 0.450076 0.449242 0.415561 0.430122 0.412505 0.428387 0.447019 0.749688
4 0.361991 0.84137 0.36337 0.813391 0.347491 0.810901 0.346111 0.83888 0.473264
4 0.168447 0.580273 0.171009 0.548145 0.153092 0.5436 0.150529 0.575729 0.370057
4 0.244256 0.759633 0.246598 0.727893 0.229682 0.723924 0.22734 0.755663 0.350424
4 0.202068 0.392642 0.203915 0.362502 0.186162 0.359042 0.184315 0.389182 0.925546
4 0.501297 0.474712 0.502326 0.447671 0.485921 0.445687 0.484893 0.472728 0.88038
4 0.303224 0.244972 0.305413 0.213326 0.28789 0.209471 0.285701 0.241117 0.872483
4 0.401289 0.433113 0.403248 0.404714 0.387161 0.401185 0.385203 0.429584 0.863891
4 0.43523 0.304526 0.4374 0.27586 0.42146 0.272022 0.41929 0.300688 0.829763
4 0.337799 0.556922 0.34017 0.522521 0.320483 0.518206 0.318112 0.552607 0.796329
0 0.447507 0.450076 0.449242 0.415561 0.430122 0.412505 0.428387 0.447019 0.749688
4 0.361991 0.84137 0.36337 0.813391 0.347491 0.810901 0.346111 0.83888 0.473264
4 0.168447 0.580273 0.171009 0.548145 0.153092 0.5436 0.150529 0.575729 0.370057
4 0.244256 0.759633 0.246598 0.727893 0.229682 0.723924 0.22734 0.755663 0.350424
