4 0.201902 0.392705 0.203771 0.362544 0.186038 0.359049 0.184169 0.38921 0.916884
4 0.303372 0.24472 0.305507 0.213321 0.287885 0.209512 0.285751 0.240911 0.879128
4 0.501223 0.474525 0.502203 0.447405 0.485928 0.445537 0.484949 0.472657 0.861149
4 0.40057 0.433908 0.402551 0.404923 0.386738 0.401485 0.384757 0.43047 0.848859
4 0.435252 0.304574 0.437466 0.276063 0.421606 0.272146 0.419392 0.300657 0.828093
4 0.337554 0.556612 0.339935 0.522834 0.32059 0.518497 0.318209 0.552275 0.800701
0 0.439312 0.442186 0.442536 0.408076 0.424077 0.402527 0.420853 0.436638 0.75833
4 0.361952 0.841605 0.363488 0.813594 0.347679 0.810837 0.346143 0.838847 0.47984
4 0.169019 0.58279 0.171253 0.550572 0.154252 0.546823 0.152018 0.57904 0.412112
4 0.24414 0.759562 0.246464 0.72805 0.229456 0.724061 0.227132 0.755572 0.387202
4 0.201902 0.392705 0.203771 0.362544 0.186038 0.359049 0.184169 0.38921 0.916884
4 0.303372 0.24472 0.305507 0.213321 0.287885 0.209512 0.285751 0.240911 0.879128
4 0.501223 0.474525 0.502203 0.447405 0.485928 0.445537 0.484949 0.472657 0.861149
4 0.40057 0.433908 0.402551 0.404923 0.386738 0.401485 0.384757 0.43047 0.848859
4 0.435252 0.304574 0.437466 0.276063 0.421606 0.272146 0.419392 0.300657 0.828093
4 0.337554 0.556612 0.339935 0.522834 0.32059 0.518497 0.318209 0.552275 0.800701
0 0.439312 0.442186 0.442536 0.408076 0.424077 0.402527 0.420853 0.436638 0.75833
4 0.361952 0.841605 0.363488 0.813594 0.347679 0.810837 0.346143 0.838847 0.47984
4 0.169019 0.58279 0.171253 0.550572 0.154252 0.546823 0.152018 0.57904 0.412112
4 0.24414 0.759562 0.246464 0.72805 0.229456 0.724061 0.227132 0.755572 0.387202
