4 0.201762 0.392609 0.203647 0.362408 0.185913 0.358888 0.184028 0.389089 0.926823
4 0.402808 0.433689 0.405263 0.40521 0.387897 0.400449 0.385442 0.428928 0.90755
4 0.501088 0.474405 0.502006 0.447127 0.485373 0.445347 0.484455 0.472625 0.874717
4 0.303353 0.245024 0.305621 0.213399 0.287917 0.209361 0.285648 0.240986 0.866784
4 0.43518 0.304604 0.437368 0.275845 0.421374 0.271975 0.419186 0.300734 0.844324
4 0.33774 0.557002 0.340055 0.522673 0.320456 0.51847 0.318141 0.552799 0.783291
0 0.459323 0.521946 0.460429 0.485416 0.440677 0.483514 0.439571 0.520045 0.693179
4 0.361905 0.841562 0.363431 0.813539 0.347527 0.810785 0.346001 0.838807 0.50649
4 0.24414 0.759274 0.246448 0.72824 0.229662 0.72427 0.227354 0.755304 0.440115
4 0.168947 0.582941 0.171254 0.550836 0.154354 0.546974 0.152047 0.579078 0.355268
4 0.201762 0.392609 0.203647 0.362408 0.185913 0.358888 0.184028 0.389089 0.926823
4 0.402808 0.433689 0.405263 0.40521 0.387897 0.400449 0.385442 0.428928 0.90755
4 0.501088 0.474405 0.502006 0.447127 0.485373 0.445347 0.484455 0.472625 0.874717
4 0.303353 0.245024 0.305621 0.213399 0.287917 0.209361 0.285648 0.240986 0.866784
4 0.43518 0.304604 0.437368 0.275845 0.421374 0.271975 0.419186 0.300734 0.844324
4 0.33774 0.557002 0.340055 0.522673 0.320456 0.51847 0.318141 0.552799 0.783291
0 0.459323 0.521946 0.460429 0.485416 0.440677 0.483514 0.439571 0.520045 0.693179
4 0.361905 0.841562 0.363431 0.813539 0.347527 0.810785 0.346001 0.838807 0.50649
4 0.24414 0.759274 0.246448 0.72824 0.229662 0.72427 0.227354 0.755304 0.440115
4 0.168947 0.582941 0.171254 0.550836 0.154354 0.546974 0.152047 0.579078 0.355268
