0 0.277837 0.401324 0.280456 0.365584 0.259885 0.360789 0.257266 0.396529 0.904855
4 0.391183 0.546568 0.392532 0.519432 0.375569 0.516751 0.37422 0.543886 0.87265
4 0.419252 0.704767 0.420844 0.674298 0.402998 0.671332 0.401406 0.701801 0.703516
4 0.338324 0.57628 0.340178 0.547729 0.323892 0.544366 0.322038 0.572917 0.681942
4 0.398445 0.360585 0.399749 0.331132 0.383636 0.328863 0.382331 0.358316 0.67805
4 0.26843 0.371068 0.270188 0.34398 0.252986 0.34043 0.251227 0.367517 0.652112
4 0.481981 0.636837 0.484357 0.605114 0.466781 0.600927 0.464405 0.63265 0.560151
0 0.277837 0.401324 0.280456 0.365584 0.259885 0.360789 0.257266 0.396529 0.904855
4 0.391183 0.546568 0.392532 0.519432 0.375569 0.516751 0.37422 0.543886 0.87265
4 0.419252 0.704767 0.420844 0.674298 0.402998 0.671332 0.401406 0.701801 0.703516
4 0.338324 0.57628 0.340178 0.547729 0.323892 0.544366 0.322038 0.572917 0.681942
4 0.398445 0.360585 0.399749 0.331132 0.383636 0.328863 0.382331 0.358316 0.67805
4 0.26843 0.371068 0.270188 0.34398 0.252986 0.34043 0.251227 0.367517 0.652112
4 0.481981 0.636837 0.484357 0.605114 0.466781 0.600927 0.464405 0.63265 0.560151
