4 0.201833 0.392758 0.203658 0.362435 0.185915 0.359038 0.18409 0.389362 0.915962
4 0.303307 0.244515 0.305325 0.213321 0.287906 0.209737 0.285888 0.240931 0.878473
4 0.501121 0.474729 0.502166 0.447605 0.485935 0.445616 0.48489 0.47274 0.853343
4 0.435157 0.304821 0.437331 0.275854 0.421393 0.272048 0.419219 0.301016 0.839273
4 0.402269 0.634675 0.404085 0.603328 0.385898 0.599977 0.384082 0.631324 0.769469
0 0.383309 0.606888 0.386094 0.570698 0.366099 0.565804 0.363314 0.601994 0.741296
4 0.448886 0.639397 0.45092 0.612067 0.435271 0.608363 0.433237 0.635693 0.507598
4 0.361944 0.841659 0.363576 0.813532 0.347721 0.810605 0.346088 0.838732 0.490223
4 0.244103 0.75965 0.246402 0.728493 0.22959 0.724548 0.227291 0.755705 0.387662
4 0.168504 0.580402 0.171113 0.54853 0.153036 0.543824 0.150427 0.575695 0.363042
4 0.201833 0.392758 0.203658 0.362435 0.185915 0.359038 0.18409 0.389362 0.915962
4 0.303307 0.244515 0.305325 0.213321 0.287906 0.209737 0.285888 0.240931 0.878473
4 0.501121 0.474729 0.502166 0.447605 0.485935 0.445616 0.48489 0.47274 0.853343
4 0.435157 0.304821 0.437331 0.275854 0.421393 0.272048 0.419219 0.301016 0.839273
4 0.402269 0.634675 0.404085 0.603328 0.385898 0.599977 0.384082 0.631324 0.769469
0 0.383309 0.606888 0.386094 0.570698 0.366099 0.565804 0.363314 0.601994 0.741296
4 0.448886 0.639397 0.45092 0.612067 0.435271 0.608363 0.433237 0.635693 0.507598
4 0.361944 0.841659 0.363576 0.813532 0.347721 0.810605 0.346088 0.838732 0.490223
4 0.244103 0.75965 0.246402 0.728493 0.22959 0.724548 0.227291 0.755705 0.387662
4 0.168504 0.580402 0.171113 0.54853 0.153036 0.543824 0.150427 0.575695 0.363042
