4 0.201897 0.392658 0.203809 0.36256 0.186103 0.358983 0.184191 0.389081 0.920421
4 0.402964 0.433823 0.405401 0.405404 0.388032 0.400667 0.385595 0.429085 0.91196
4 0.50121 0.475027 0.502245 0.447332 0.485612 0.445357 0.484578 0.473051 0.882626
4 0.303127 0.244922 0.30533 0.213556 0.287942 0.209671 0.285738 0.241037 0.87408
4 0.43528 0.304712 0.437419 0.27581 0.421374 0.272033 0.419235 0.300936 0.857203
4 0.337642 0.557134 0.340064 0.522653 0.320464 0.518274 0.318042 0.552755 0.777143
0 0.461904 0.531945 0.463964 0.496237 0.443258 0.49244 0.441199 0.528148 0.723564
4 0.362115 0.841504 0.363682 0.813456 0.3477 0.810616 0.346132 0.838664 0.466065
4 0.244348 0.759383 0.246638 0.728139 0.229842 0.724225 0.227552 0.755469 0.439248
4 0.168725 0.580498 0.171384 0.548166 0.153183 0.543405 0.150524 0.575738 0.371257
4 0.201897 0.392658 0.203809 0.36256 0.186103 0.358983 0.184191 0.389081 0.920421
4 0.402964 0.433823 0.405401 0.405404 0.388032 0.400667 0.385595 0.429085 0.91196
4 0.50121 0.475027 0.502245 0.447332 0.485612 0.445357 0.484578 0.473051 0.882626
4 0.303127 0.244922 0.30533 0.213556 0.287942 0.209671 0.285738 0.241037 0.87408
4 0.43528 0.304712 0.437419 0.27581 0.421374 0.272033 0.419235 0.300936 0.857203
4 0.337642 0.557134 0.340064 0.522653 0.320464 0.518274 0.318042 0.552755 0.777143
0 0.461904 0.531945 0.463964 0.496237 0.443258 0.49244 0.441199 0.528148 0.723564
4 0.362115 0.841504 0.363682 0.813456 0.3477 0.810616 0.346132 0.838664 0.466065
4 0.244348 0.759383 0.246638 0.728139 0.229842 0.724225 0.227552 0.755469 0.439248
4 0.168725 0.580498 0.171384 0.548166 0.153183 0.543405 0.150524 0.575738 0.371257
