4 0.201737 0.392535 0.203636 0.36221 0.185932 0.358683 0.184032 0.389007 0.922774
4 0.501423 0.474342 0.502358 0.447325 0.485923 0.445516 0.484988 0.472533 0.88243
4 0.303312 0.244695 0.305412 0.213119 0.287825 0.209398 0.285725 0.240974 0.875318
4 0.401335 0.433419 0.403276 0.405265 0.387195 0.401739 0.385254 0.429893 0.873292
4 0.435207 0.304419 0.437305 0.275914 0.421418 0.272195 0.41932 0.3007 0.83056
4 0.337789 0.556797 0.340076 0.522793 0.320489 0.518603 0.318202 0.552608 0.797885
0 0.447962 0.449053 0.450349 0.413327 0.430781 0.409169 0.428394 0.444895 0.728609
4 0.362004 0.841593 0.363476 0.813376 0.34759 0.810742 0.346119 0.838959 0.465368
4 0.244161 0.759506 0.246541 0.728254 0.22965 0.724162 0.227269 0.755414 0.380708
4 0.168576 0.580287 0.171111 0.548496 0.153072 0.543921 0.150536 0.575711 0.344857
4 0.201737 0.392535 0.203636 0.36221 0.185932 0.358683 0.184032 0.389007 0.922774
4 0.501423 0.474342 0.502358 0.447325 0.485923 0.445516 0.484988 0.472533 0.88243
4 0.303312 0.244695 0.305412 0.213119 0.287825 0.209398 0.285725 0.240974 0.875318
4 0.401335 0.433419 0.403276 0.405265 0.387195 0.401739 0.385254 0.429893 0.873292
4 0.435207 0.304419 0.437305 0.275914 0.421418 0.272195 0.41932 0.3007 0.83056
4 0.337789 0.556797 0.340076 0.522793 0.320489 0.518603 0.318202 0.552608 0.797885
0 0.447962 0.449053 0.450349 0.413327 0.430781 0.409169 0.428394 0.444895 0.728609
4 0.362004 0.841593 0.363476 0.813376 0.34759 0.810742 0.346119 0.838959 0.465368
4 0.244161 0.759506 0.246541 0.728254 0.22965 0.724162 0.227269 0.755414 0.380708
4 0.168576 0.580287 0.171111 0.548496 0.153072 0.543921 0.150536 0.575711 0.344857
