4 0.201792 0.392759 0.203624 0.362515 0.185925 0.359105 0.184093 0.389349 0.919139
4 0.303236 0.244667 0.305324 0.21347 0.287963 0.209776 0.285876 0.240973 0.880138
4 0.501119 0.474649 0.502155 0.447572 0.48588 0.445592 0.484844 0.472669 0.849536
4 0.435168 0.304799 0.437332 0.275734 0.421407 0.271963 0.419243 0.301028 0.836757
4 0.400106 0.629896 0.401912 0.599989 0.38448 0.596641 0.382674 0.626548 0.671214
0 0.380551 0.605021 0.384322 0.565996 0.362914 0.559416 0.359142 0.598441 0.56965
4 0.451391 0.643754 0.453566 0.61598 0.437991 0.612102 0.435816 0.639875 0.51773
4 0.361942 0.841445 0.363467 0.813609 0.347752 0.810871 0.346227 0.838707 0.48978
4 0.244193 0.759521 0.246447 0.72855 0.229738 0.724683 0.227485 0.755654 0.418518
4 0.1686 0.580335 0.171144 0.548425 0.153135 0.543858 0.15059 0.575768 0.366299
4 0.201792 0.392759 0.203624 0.362515 0.185925 0.359105 0.184093 0.389349 0.919139
4 0.303236 0.244667 0.305324 0.21347 0.287963 0.209776 0.285876 0.240973 0.880138
4 0.501119 0.474649 0.502155 0.447572 0.48588 0.445592 0.484844 0.472669 0.849536
4 0.435168 0.304799 0.437332 0.275734 0.421407 0.271963 0.419243 0.301028 0.836757
4 0.400106 0.629896 0.401912 0.599989 0.38448 0.596641 0.382674 0.626548 0.671214
0 0.380551 0.605021 0.384322 0.565996 0.362914 0.559416 0.359142 0.598441 0.56965
4 0.451391 0.643754 0.453566 0.61598 0.437991 0.612102 0.435816 0.639875 0.51773
4 0.361942 0.841445 0.363467 0.813609 0.347752 0.810871 0.346227 0.838707 0.48978
4 0.244193 0.759521 0.246447 0.72855 0.229738 0.724683 0.227485 0.755654 0.418518
4 0.1686 0.580335 0.171144 0.548425 0.153135 0.543858 0.15059 0.575768 0.366299
