4 0.367034 0.565173 0.36774 0.5367 0.350907 0.535373 0.350201 0.563846 0.940474
4 0.337251 0.471568 0.339249 0.44306 0.323368 0.439519 0.321369 0.468027 0.896399
4 0.35834 0.446363 0.359914 0.419064 0.344713 0.416277 0.343139 0.443575 0.784751
4 0.39777 0.36052 0.399682 0.329722 0.38294 0.326417 0.381029 0.357215 0.637149
4 0.342693 0.581115 0.343918 0.551301 0.327321 0.549132 0.326096 0.578946 0.586959
4 0.477699 0.630597 0.479181 0.59619 0.461902 0.593824 0.46042 0.628231 0.565605
0 0.455426 0.625464 0.459265 0.586895 0.438353 0.580275 0.434514 0.618844 0.516558
4 0.367034 0.565173 0.36774 0.5367 0.350907 0.535373 0.350201 0.563846 0.940474
4 0.337251 0.471568 0.339249 0.44306 0.323368 0.439519 0.321369 0.468027 0.896399
4 0.35834 0.446363 0.359914 0.419064 0.344713 0.416277 0.343139 0.443575 0.784751
4 0.39777 0.36052 0.399682 0.329722 0.38294 0.326417 0.381029 0.357215 0.637149
4 0.342693 0.581115 0.343918 0.551301 0.327321 0.549132 0.326096 0.578946 0.586959
4 0.477699 0.630597 0.479181 0.59619 0.461902 0.593824 0.46042 0.628231 0.565605
0 0.455426 0.625464 0.459265 0.586895 0.438353 0.580275 0.434514 0.618844 0.516558
