4 0.201892 0.392882 0.203771 0.362573 0.185967 0.359063 0.184088 0.389372 0.921338
4 0.303285 0.244704 0.305475 0.21317 0.287828 0.209273 0.285639 0.240807 0.872962
4 0.435134 0.304783 0.437273 0.275799 0.421313 0.272053 0.419174 0.301036 0.846823
4 0.50112 0.474771 0.502136 0.447583 0.485859 0.445648 0.484842 0.472835 0.845766
4 0.439115 0.708211 0.441004 0.678536 0.423494 0.674989 0.421605 0.704665 0.721664
0 0.42314 0.681584 0.427122 0.644828 0.407081 0.637924 0.403099 0.67468 0.691723
4 0.362022 0.841365 0.363446 0.813513 0.347717 0.810956 0.346294 0.838809 0.464477
4 0.430445 0.609021 0.431167 0.580456 0.415265 0.57918 0.414544 0.607744 0.448173
4 0.244172 0.75955 0.246504 0.728235 0.22966 0.724247 0.227328 0.755562 0.39021
4 0.168496 0.580387 0.171016 0.54851 0.153002 0.543982 0.150482 0.575859 0.344547
4 0.201892 0.392882 0.203771 0.362573 0.185967 0.359063 0.184088 0.389372 0.921338
4 0.303285 0.244704 0.305475 0.21317 0.287828 0.209273 0.285639 0.240807 0.872962
4 0.435134 0.304783 0.437273 0.275799 0.421313 0.272053 0.419174 0.301036 0.846823
4 0.50112 0.474771 0.502136 0.447583 0.485859 0.445648 0.484842 0.472835 0.845766
4 0.439115 0.708211 0.441004 0.678536 0.423494 0.674989 0.421605 0.704665 0.721664
0 0.42314 0.681584 0.427122 0.644828 0.407081 0.637924 0.403099 0.67468 0.691723
4 0.362022 0.841365 0.363446 0.813513 0.347717 0.810956 0.346294 0.838809 0.464477
4 0.430445 0.609021 0.431167 0.580456 0.415265 0.57918 0.414544 0.607744 0.448173
4 0.244172 0.75955 0.246504 0.728235 0.22966 0.724247 0.227328 0.755562 0.39021
4 0.168496 0.580387 0.171016 0.54851 0.153002 0.543982 0.150482 0.575859 0.344547
