4 0.20179 0.392882 0.203765 0.362456 0.18581 0.35875 0.183835 0.389176 0.921034
4 0.401464 0.434293 0.402577 0.405003 0.387294 0.403156 0.386181 0.432446 0.8934
4 0.303061 0.244584 0.305215 0.213504 0.287929 0.209693 0.285774 0.240774 0.87332
4 0.500978 0.474811 0.502014 0.44766 0.486031 0.445722 0.484995 0.472873 0.85318
4 0.435192 0.304832 0.437389 0.275913 0.421482 0.272068 0.419284 0.300987 0.834768
4 0.337654 0.556604 0.339876 0.522672 0.32046 0.518628 0.318238 0.552559 0.795599
0 0.429352 0.434613 0.4331 0.39564 0.412374 0.389301 0.408626 0.428275 0.64371
4 0.361935 0.841636 0.363557 0.813576 0.347693 0.810659 0.346071 0.838719 0.472026
4 0.244124 0.759605 0.246387 0.728574 0.229721 0.724709 0.227458 0.755741 0.39361
4 0.168592 0.580435 0.171187 0.548288 0.153076 0.543638 0.150481 0.575785 0.323481
4 0.20179 0.392882 0.203765 0.362456 0.18581 0.35875 0.183835 0.389176 0.921034
4 0.401464 0.434293 0.402577 0.405003 0.387294 0.403156 0.386181 0.432446 0.8934
4 0.303061 0.244584 0.305215 0.213504 0.287929 0.209693 0.285774 0.240774 0.87332
4 0.500978 0.474811 0.502014 0.44766 0.486031 0.445722 0.484995 0.472873 0.85318
4 0.435192 0.304832 0.437389 0.275913 0.421482 0.272068 0.419284 0.300987 0.834768
4 0.337654 0.556604 0.339876 0.522672 0.32046 0.518628 0.318238 0.552559 0.795599
0 0.429352 0.434613 0.4331 0.39564 0.412374 0.389301 0.408626 0.428275 0.64371
4 0.361935 0.841636 0.363557 0.813576 0.347693 0.810659 0.346071 0.838719 0.472026
4 0.244124 0.759605 0.246387 0.728574 0.229721 0.724709 0.227458 0.755741 0.39361
4 0.168592 0.580435 0.171187 0.548288 0.153076 0.543638 0.150481 0.575785 0.323481
