4 0.201877 0.392552 0.203778 0.362227 0.186017 0.358686 0.184115 0.389011 0.922038
4 0.402917 0.434098 0.405556 0.405064 0.388002 0.39999 0.385363 0.429024 0.913611
4 0.303198 0.244739 0.305339 0.213384 0.287838 0.209583 0.285696 0.240938 0.874172
4 0.435304 0.304661 0.437432 0.275992 0.421454 0.272219 0.419326 0.300888 0.837515
4 0.500878 0.474599 0.501916 0.447189 0.485204 0.445177 0.484166 0.472586 0.836556
4 0.337617 0.556999 0.340043 0.522634 0.320478 0.518243 0.318052 0.552607 0.790254
0 0.445308 0.513897 0.44645 0.476857 0.425798 0.474832 0.424656 0.511872 0.711396
4 0.361965 0.841699 0.363656 0.81356 0.347602 0.810493 0.345911 0.838632 0.482127
4 0.244328 0.759414 0.246642 0.728059 0.229764 0.724098 0.22745 0.755453 0.418052
4 0.142069 0.212921 0.143675 0.181743 0.12351 0.178438 0.121904 0.209616 0.378355
4 0.168724 0.580569 0.17137 0.548182 0.153157 0.543451 0.150512 0.575838 0.363281
4 0.201877 0.392552 0.203778 0.362227 0.186017 0.358686 0.184115 0.389011 0.922038
4 0.402917 0.434098 0.405556 0.405064 0.388002 0.39999 0.385363 0.429024 0.913611
4 0.303198 0.244739 0.305339 0.213384 0.287838 0.209583 0.285696 0.240938 0.874172
4 0.435304 0.304661 0.437432 0.275992 0.421454 0.272219 0.419326 0.300888 0.837515
4 0.500878 0.474599 0.501916 0.447189 0.485204 0.445177 0.484166 0.472586 0.836556
4 0.337617 0.556999 0.340043 0.522634 0.320478 0.518243 0.318052 0.552607 0.790254
0 0.445308 0.513897 0.44645 0.476857 0.425798 0.474832 0.424656 0.511872 0.711396
4 0.361965 0.841699 0.363656 0.81356 0.347602 0.810493 0.345911 0.838632 0.482127
4 0.244328 0.759414 0.246642 0.728059 0.229764 0.724098 0.22745 0.755453 0.418052
4 0.142069 0.212921 0.143675 0.181743 0.12351 0.178438 0.121904 0.209616 0.378355
4 0.168724 0.580569 0.17137 0.548182 0.153157 0.543451 0.150512 0.575838 0.363281
