4 0.201757 0.392558 0.203617 0.362319 0.185952 0.358864 0.184092 0.389103 0.922477
4 0.401243 0.434065 0.402738 0.405114 0.386799 0.402497 0.385305 0.431447 0.88914
4 0.303319 0.24492 0.305551 0.213414 0.287897 0.209438 0.285666 0.240943 0.880818
4 0.501141 0.474528 0.502116 0.447353 0.485737 0.445484 0.484762 0.472659 0.869654
0 0.440267 0.446581 0.442452 0.412648 0.421222 0.408299 0.419036 0.442233 0.866125
4 0.435322 0.304875 0.437401 0.275833 0.421158 0.272134 0.419078 0.301176 0.833945
4 0.337532 0.556744 0.339968 0.522681 0.320495 0.518252 0.318059 0.552314 0.803835
4 0.434817 0.394434 0.437369 0.362102 0.420271 0.357809 0.417719 0.390141 0.496779
4 0.361939 0.841554 0.363608 0.813792 0.347869 0.810783 0.346201 0.838546 0.456333
4 0.168999 0.58273 0.171239 0.550485 0.154263 0.546733 0.152023 0.578978 0.39664
4 0.244247 0.759625 0.24657 0.728346 0.229888 0.724407 0.227565 0.755686 0.354326
4 0.201757 0.392558 0.203617 0.362319 0.185952 0.358864 0.184092 0.389103 0.922477
4 0.401243 0.434065 0.402738 0.405114 0.386799 0.402497 0.385305 0.431447 0.88914
4 0.303319 0.24492 0.305551 0.213414 0.287897 0.209438 0.285666 0.240943 0.880818
4 0.501141 0.474528 0.502116 0.447353 0.485737 0.445484 0.484762 0.472659 0.869654
0 0.440267 0.446581 0.442452 0.412648 0.421222 0.408299 0.419036 0.442233 0.866125
4 0.435322 0.304875 0.437401 0.275833 0.421158 0.272134 0.419078 0.301176 0.833945
4 0.337532 0.556744 0.339968 0.522681 0.320495 0.518252 0.318059 0.552314 0.803835
4 0.434817 0.394434 0.437369 0.362102 0.420271 0.357809 0.417719 0.390141 0.496779
4 0.361939 0.841554 0.363608 0.813792 0.347869 0.810783 0.346201 0.838546 0.456333
4 0.168999 0.58273 0.171239 0.550485 0.154263 0.546733 0.152023 0.578978 0.39664
4 0.244247 0.759625 0.24657 0.728346 0.229888 0.724407 0.227565 0.755686 0.354326
