4 0.201519 0.392848 0.203361 0.362487 0.185669 0.359074 0.183828 0.389436 0.926577
4 0.401254 0.433207 0.403305 0.404944 0.387318 0.401255 0.385268 0.429518 0.881828
4 0.501341 0.474421 0.502319 0.447401 0.485994 0.445522 0.485016 0.472542 0.880807
4 0.303223 0.245337 0.305531 0.21337 0.287766 0.209291 0.285458 0.241259 0.866123
4 0.435096 0.304435 0.437313 0.275796 0.421336 0.271863 0.419119 0.300502 0.826431
4 0.337492 0.557122 0.339891 0.52281 0.320375 0.518471 0.317977 0.552783 0.799738
0 0.447965 0.449069 0.450003 0.413523 0.430711 0.410005 0.428673 0.445552 0.749495
4 0.361868 0.841424 0.3634 0.813262 0.34743 0.810499 0.345898 0.838661 0.504361
4 0.169081 0.582887 0.171369 0.550499 0.154316 0.546667 0.152027 0.579055 0.381861
4 0.244124 0.759418 0.246448 0.728368 0.229844 0.724416 0.22752 0.755466 0.365377
4 0.201519 0.392848 0.203361 0.362487 0.185669 0.359074 0.183828 0.389436 0.926577
4 0.401254 0.433207 0.403305 0.404944 0.387318 0.401255 0.385268 0.429518 0.881828
4 0.501341 0.474421 0.502319 0.447401 0.485994 0.445522 0.485016 0.472542 0.880807
4 0.303223 0.245337 0.305531 0.21337 0.287766 0.209291 0.285458 0.241259 0.866123
4 0.435096 0.304435 0.437313 0.275796 0.421336 0.271863 0.419119 0.300502 0.826431
4 0.337492 0.557122 0.339891 0.52281 0.320375 0.518471 0.317977 0.552783 0.799738
0 0.447965 0.449069 0.450003 0.413523 0.430711 0.410005 0.428673 0.445552 0.749495
4 0.361868 0.841424 0.3634 0.813262 0.34743 0.810499 0.345898 0.838661 0.504361
4 0.169081 0.582887 0.171369 0.550499 0.154316 0.546667 0.152027 0.579055 0.381861
4 0.244124 0.759418 0.246448 0.728368 0.229844 0.724416 0.22752 0.755466 0.365377
