4 0.20169 0.392622 0.203606 0.362486 0.185932 0.358912 0.184016 0.389049 0.917967
4 0.40198 0.433702 0.404415 0.405264 0.387786 0.400737 0.385352 0.429174 0.904413
4 0.303272 0.245586 0.305632 0.213409 0.287841 0.20926 0.285481 0.241437 0.860911
4 0.501061 0.474636 0.5021 0.447352 0.485736 0.445371 0.484698 0.472655 0.860296
4 0.435267 0.304576 0.437407 0.275679 0.42137 0.271903 0.41923 0.300799 0.851116
4 0.337831 0.556927 0.340041 0.522617 0.320386 0.51859 0.318176 0.5529 0.814052
0 0.442462 0.44306 0.445354 0.408279 0.426936 0.40341 0.424044 0.438191 0.663648
4 0.362117 0.841515 0.363578 0.813629 0.347664 0.810977 0.346203 0.838863 0.463619
4 0.244284 0.759664 0.246672 0.727906 0.229647 0.723834 0.227259 0.755593 0.382955
4 0.168779 0.580645 0.171364 0.5481 0.15309 0.543482 0.150504 0.576028 0.363715
4 0.20169 0.392622 0.203606 0.362486 0.185932 0.358912 0.184016 0.389049 0.917967
4 0.40198 0.433702 0.404415 0.405264 0.387786 0.400737 0.385352 0.429174 0.904413
4 0.303272 0.245586 0.305632 0.213409 0.287841 0.20926 0.285481 0.241437 0.860911
4 0.501061 0.474636 0.5021 0.447352 0.485736 0.445371 0.484698 0.472655 0.860296
4 0.435267 0.304576 0.437407 0.275679 0.42137 0.271903 0.41923 0.300799 0.851116
4 0.337831 0.556927 0.340041 0.522617 0.320386 0.51859 0.318176 0.5529 0.814052
0 0.442462 0.44306 0.445354 0.408279 0.426936 0.40341 0.424044 0.438191 0.663648
4 0.362117 0.841515 0.363578 0.813629 0.347664 0.810977 0.346203 0.838863 0.463619
4 0.244284 0.759664 0.246672 0.727906 0.229647 0.723834 0.227259 0.755593 0.382955
4 0.168779 0.580645 0.171364 0.5481 0.15309 0.543482 0.150504 0.576028 0.363715
