4 0.201825 0.392681 0.203686 0.362424 0.186014 0.358966 0.184152 0.389224 0.917741
4 0.404144 0.433585 0.406406 0.403447 0.388515 0.399176 0.386253 0.429314 0.91373
4 0.501381 0.474593 0.502401 0.447487 0.485919 0.445515 0.484899 0.47262 0.878546
4 0.30311 0.244821 0.305294 0.213108 0.287557 0.209222 0.285373 0.240935 0.872945
4 0.435233 0.304787 0.437409 0.275936 0.421401 0.272097 0.419225 0.300947 0.839796
4 0.337634 0.557034 0.340023 0.522642 0.320391 0.518305 0.318002 0.552697 0.803659
0 0.448721 0.450215 0.450931 0.413391 0.431271 0.409639 0.429061 0.446463 0.763666
4 0.36196 0.841643 0.363566 0.813351 0.347564 0.810463 0.345959 0.838755 0.473855
4 0.168669 0.580477 0.171201 0.548358 0.15297 0.543788 0.150439 0.575907 0.370719
4 0.244158 0.759555 0.246459 0.72839 0.229775 0.724473 0.227474 0.755638 0.361509
4 0.201825 0.392681 0.203686 0.362424 0.186014 0.358966 0.184152 0.389224 0.917741
4 0.404144 0.433585 0.406406 0.403447 0.388515 0.399176 0.386253 0.429314 0.91373
4 0.501381 0.474593 0.502401 0.447487 0.485919 0.445515 0.484899 0.47262 0.878546
4 0.30311 0.244821 0.305294 0.213108 0.287557 0.209222 0.285373 0.240935 0.872945
4 0.435233 0.304787 0.437409 0.275936 0.421401 0.272097 0.419225 0.300947 0.839796
4 0.337634 0.557034 0.340023 0.522642 0.320391 0.518305 0.318002 0.552697 0.803659
0 0.448721 0.450215 0.450931 0.413391 0.431271 0.409639 0.429061 0.446463 0.763666
4 0.36196 0.841643 0.363566 0.813351 0.347564 0.810463 0.345959 0.838755 0.473855
4 0.168669 0.580477 0.171201 0.548358 0.15297 0.543788 0.150439 0.575907 0.370719
4 0.244158 0.759555 0.246459 0.72839 0.229775 0.724473 0.227474 0.755638 0.361509
