4 0.201791 0.392604 0.203666 0.362368 0.185873 0.358859 0.183998 0.389095 0.926959
4 0.402886 0.433719 0.405323 0.405248 0.387947 0.400518 0.38551 0.428989 0.907975
4 0.501171 0.474473 0.502083 0.447135 0.485456 0.44537 0.484543 0.472707 0.872967
4 0.303351 0.244967 0.305612 0.213368 0.287892 0.209335 0.28563 0.240933 0.867813
4 0.43519 0.304645 0.437374 0.275851 0.421375 0.271991 0.419191 0.300785 0.844486
0 0.460389 0.521312 0.461551 0.485719 0.442118 0.483701 0.440956 0.519293 0.789656
4 0.337809 0.557004 0.340098 0.52264 0.320463 0.51848 0.318174 0.552844 0.777564
4 0.361905 0.84145 0.363425 0.813492 0.34753 0.810745 0.346011 0.838703 0.503904
4 0.244111 0.759342 0.246436 0.72819 0.229665 0.724209 0.22734 0.75536 0.422875
4 0.168592 0.580319 0.171023 0.548519 0.153068 0.544153 0.150637 0.575953 0.363911
4 0.201791 0.392604 0.203666 0.362368 0.185873 0.358859 0.183998 0.389095 0.926959
4 0.402886 0.433719 0.405323 0.405248 0.387947 0.400518 0.38551 0.428989 0.907975
4 0.501171 0.474473 0.502083 0.447135 0.485456 0.44537 0.484543 0.472707 0.872967
4 0.303351 0.244967 0.305612 0.213368 0.287892 0.209335 0.28563 0.240933 0.867813
4 0.43519 0.304645 0.437374 0.275851 0.421375 0.271991 0.419191 0.300785 0.844486
0 0.460389 0.521312 0.461551 0.485719 0.442118 0.483701 0.440956 0.519293 0.789656
4 0.337809 0.557004 0.340098 0.52264 0.320463 0.51848 0.318174 0.552844 0.777564
4 0.361905 0.84145 0.363425 0.813492 0.34753 0.810745 0.346011 0.838703 0.503904
4 0.244111 0.759342 0.246436 0.72819 0.229665 0.724209 0.22734 0.75536 0.422875
4 0.168592 0.580319 0.171023 0.548519 0.153068 0.544153 0.150637 0.575953 0.363911
