0 0.249538 0.333646 0.251297 0.296836 0.229251 0.293487 0.227493 0.330297 0.912916
4 0.391253 0.546536 0.392562 0.519314 0.375643 0.516726 0.374333 0.543948 0.874572
4 0.419457 0.703985 0.420901 0.67357 0.403172 0.670892 0.401727 0.701307 0.705665
4 0.338505 0.57586 0.340396 0.547601 0.32408 0.544129 0.322189 0.572387 0.679237
4 0.398784 0.360645 0.399982 0.331004 0.383744 0.328916 0.382545 0.358556 0.679018
4 0.481947 0.636987 0.48456 0.604722 0.46667 0.600115 0.464057 0.63238 0.576631
4 0.242891 0.307255 0.245679 0.275645 0.228598 0.270853 0.225809 0.302463 0.453752
0 0.249538 0.333646 0.251297 0.296836 0.229251 0.293487 0.227493 0.330297 0.912916
4 0.391253 0.546536 0.392562 0.519314 0.375643 0.516726 0.374333 0.543948 0.874572
4 0.419457 0.703985 0.420901 0.67357 0.403172 0.670892 0.401727 0.701307 0.705665
4 0.338505 0.57586 0.340396 0.547601 0.32408 0.544129 0.322189 0.572387 0.679237
4 0.398784 0.360645 0.399982 0.331004 0.383744 0.328916 0.382545 0.358556 0.679018
4 0.481947 0.636987 0.48456 0.604722 0.46667 0.600115 0.464057 0.63238 0.576631
4 0.242891 0.307255 0.245679 0.275645 0.228598 0.270853 0.225809 0.302463 0.453752
