0 0.353417 0.53054 0.357736 0.484998 0.334445 0.477974 0.330127 0.523516 0.900333
4 0.358236 0.446119 0.35982 0.418526 0.3446 0.415749 0.343017 0.443341 0.775825
4 0.366433 0.563999 0.370286 0.529468 0.351009 0.522628 0.347156 0.557159 0.751526
4 0.337206 0.471996 0.339338 0.444525 0.323433 0.440599 0.3213 0.46807 0.743587
4 0.398613 0.360355 0.399838 0.330836 0.383639 0.328698 0.382414 0.358217 0.659978
4 0.342572 0.581511 0.344241 0.551583 0.327396 0.548595 0.325727 0.578523 0.58637
4 0.380997 0.657606 0.382944 0.625058 0.364158 0.621484 0.362211 0.654032 0.527286
4 0.373433 0.533698 0.375834 0.499898 0.358044 0.49588 0.355643 0.52968 0.48255
0 0.353417 0.53054 0.357736 0.484998 0.334445 0.477974 0.330127 0.523516 0.900333
4 0.358236 0.446119 0.35982 0.418526 0.3446 0.415749 0.343017 0.443341 0.775825
4 0.366433 0.563999 0.370286 0.529468 0.351009 0.522628 0.347156 0.557159 0.751526
4 0.337206 0.471996 0.339338 0.444525 0.323433 0.440599 0.3213 0.46807 0.743587
4 0.398613 0.360355 0.399838 0.330836 0.383639 0.328698 0.382414 0.358217 0.659978
4 0.342572 0.581511 0.344241 0.551583 0.327396 0.548595 0.325727 0.578523 0.58637
4 0.380997 0.657606 0.382944 0.625058 0.364158 0.621484 0.362211 0.654032 0.527286
4 0.373433 0.533698 0.375834 0.499898 0.358044 0.49588 0.355643 0.52968 0.48255
