4 0.201815 0.392529 0.203668 0.362361 0.185948 0.3589 0.184096 0.389068 0.925024
4 0.401454 0.434361 0.402484 0.405051 0.387043 0.403326 0.386013 0.432635 0.90252
4 0.303192 0.244143 0.305307 0.213291 0.287952 0.209508 0.285838 0.24036 0.873385
4 0.501093 0.474652 0.502117 0.447513 0.486093 0.445591 0.485069 0.472729 0.857623
4 0.435143 0.304927 0.437342 0.275864 0.421393 0.272026 0.419194 0.30109 0.846541
4 0.337606 0.557062 0.339993 0.522661 0.32041 0.51834 0.318023 0.552741 0.794465
0 0.435232 0.437491 0.436852 0.397881 0.416882 0.395283 0.415262 0.434893 0.725842
4 0.36214 0.841459 0.363576 0.813284 0.347589 0.810693 0.346153 0.838869 0.4894
4 0.244169 0.759499 0.246426 0.728471 0.229749 0.724613 0.227492 0.755641 0.429125
4 0.168607 0.580522 0.171218 0.548395 0.153026 0.543693 0.150415 0.575819 0.339476
4 0.201815 0.392529 0.203668 0.362361 0.185948 0.3589 0.184096 0.389068 0.925024
4 0.401454 0.434361 0.402484 0.405051 0.387043 0.403326 0.386013 0.432635 0.90252
4 0.303192 0.244143 0.305307 0.213291 0.287952 0.209508 0.285838 0.24036 0.873385
4 0.501093 0.474652 0.502117 0.447513 0.486093 0.445591 0.485069 0.472729 0.857623
4 0.435143 0.304927 0.437342 0.275864 0.421393 0.272026 0.419194 0.30109 0.846541
4 0.337606 0.557062 0.339993 0.522661 0.32041 0.51834 0.318023 0.552741 0.794465
0 0.435232 0.437491 0.436852 0.397881 0.416882 0.395283 0.415262 0.434893 0.725842
4 0.36214 0.841459 0.363576 0.813284 0.347589 0.810693 0.346153 0.838869 0.4894
4 0.244169 0.759499 0.246426 0.728471 0.229749 0.724613 0.227492 0.755641 0.429125
4 0.168607 0.580522 0.171218 0.548395 0.153026 0.543693 0.150415 0.575819 0.339476
