4 0.201645 0.392509 0.203466 0.362236 0.185685 0.358836 0.183865 0.389109 0.919729
4 0.303116 0.244858 0.305341 0.213139 0.287775 0.209221 0.285551 0.24094 0.872004
4 0.501438 0.47435 0.502465 0.447244 0.48591 0.44525 0.484884 0.472356 0.865216
4 0.435263 0.304711 0.437399 0.275834 0.421434 0.272077 0.419297 0.300954 0.853471
4 0.401696 0.432542 0.402587 0.403922 0.387356 0.402415 0.386466 0.431035 0.819843
4 0.337477 0.55677 0.339859 0.522672 0.320448 0.518361 0.318066 0.552458 0.790307
0 0.44611 0.438479 0.447259 0.402796 0.428321 0.400856 0.427172 0.436539 0.702164
4 0.361952 0.841547 0.36353 0.813686 0.347791 0.81085 0.346212 0.83871 0.498296
4 0.169014 0.58304 0.171446 0.550412 0.154289 0.546344 0.151856 0.578972 0.362611
4 0.244196 0.759591 0.246547 0.728469 0.229892 0.724469 0.227541 0.755591 0.337766
4 0.201645 0.392509 0.203466 0.362236 0.185685 0.358836 0.183865 0.389109 0.919729
4 0.303116 0.244858 0.305341 0.213139 0.287775 0.209221 0.285551 0.24094 0.872004
4 0.501438 0.47435 0.502465 0.447244 0.48591 0.44525 0.484884 0.472356 0.865216
4 0.435263 0.304711 0.437399 0.275834 0.421434 0.272077 0.419297 0.300954 0.853471
4 0.401696 0.432542 0.402587 0.403922 0.387356 0.402415 0.386466 0.431035 0.819843
4 0.337477 0.55677 0.339859 0.522672 0.320448 0.518361 0.318066 0.552458 0.790307
0 0.44611 0.438479 0.447259 0.402796 0.428321 0.400856 0.427172 0.436539 0.702164
4 0.361952 0.841547 0.36353 0.813686 0.347791 0.81085 0.346212 0.83871 0.498296
4 0.169014 0.58304 0.171446 0.550412 0.154289 0.546344 0.151856 0.578972 0.362611
4 0.244196 0.759591 0.246547 0.728469 0.229892 0.724469 0.227541 0.755591 0.337766
