4 0.367089 0.565766 0.367776 0.537068 0.35167 0.535841 0.350982 0.564539 0.886629
4 0.337341 0.471635 0.339381 0.442909 0.323445 0.43931 0.321405 0.468036 0.88127
4 0.358606 0.446776 0.360299 0.41893 0.344771 0.415928 0.343078 0.443773 0.754405
4 0.397791 0.36045 0.399652 0.329839 0.382898 0.3266 0.381038 0.357211 0.661288
4 0.380886 0.65723 0.38263 0.625594 0.364432 0.622402 0.362688 0.654039 0.558524
4 0.342638 0.581238 0.344034 0.551356 0.327542 0.548905 0.326145 0.578786 0.521821
4 0.417664 0.585524 0.419598 0.549164 0.3983 0.54556 0.396365 0.58192 0.512584
4 0.37329 0.648426 0.375373 0.614158 0.357973 0.610795 0.35589 0.645063 0.44506
0 0.398329 0.569608 0.400016 0.533775 0.380249 0.530815 0.378562 0.566649 0.273986
4 0.367089 0.565766 0.367776 0.537068 0.35167 0.535841 0.350982 0.564539 0.886629
4 0.337341 0.471635 0.339381 0.442909 0.323445 0.43931 0.321405 0.468036 0.88127
4 0.358606 0.446776 0.360299 0.41893 0.344771 0.415928 0.343078 0.443773 0.754405
4 0.397791 0.36045 0.399652 0.329839 0.382898 0.3266 0.381038 0.357211 0.661288
4 0.380886 0.65723 0.38263 0.625594 0.364432 0.622402 0.362688 0.654039 0.558524
4 0.342638 0.581238 0.344034 0.551356 0.327542 0.548905 0.326145 0.578786 0.521821
4 0.417664 0.585524 0.419598 0.549164 0.3983 0.54556 0.396365 0.58192 0.512584
4 0.37329 0.648426 0.375373 0.614158 0.357973 0.610795 0.35589 0.645063 0.44506
0 0.398329 0.569608 0.400016 0.533775 0.380249 0.530815 0.378562 0.566649 0.273986
