4 0.358526 0.446617 0.360305 0.418167 0.344697 0.415062 0.342918 0.443512 0.783844
4 0.39855 0.360328 0.399778 0.331272 0.383712 0.329112 0.382484 0.358168 0.748642
4 0.337855 0.470431 0.338735 0.442665 0.323106 0.44109 0.322226 0.468856 0.734355
4 0.340704 0.585084 0.344682 0.554451 0.327908 0.547526 0.323931 0.578158 0.656424
0 0.342029 0.514741 0.346184 0.472939 0.321561 0.465156 0.317406 0.506957 0.653083
4 0.373744 0.647886 0.375841 0.614232 0.358185 0.610732 0.356088 0.644386 0.566504
4 0.360377 0.544663 0.363066 0.511036 0.345004 0.506444 0.342316 0.54007 0.397319
4 0.0915715 0.351879 0.0961164 0.320092 0.0762248 0.311047 0.07168 0.342834 0.303761
4 0.358526 0.446617 0.360305 0.418167 0.344697 0.415062 0.342918 0.443512 0.783844
4 0.39855 0.360328 0.399778 0.331272 0.383712 0.329112 0.382484 0.358168 0.748642
4 0.337855 0.470431 0.338735 0.442665 0.323106 0.44109 0.322226 0.468856 0.734355
4 0.340704 0.585084 0.344682 0.554451 0.327908 0.547526 0.323931 0.578158 0.656424
0 0.342029 0.514741 0.346184 0.472939 0.321561 0.465156 0.317406 0.506957 0.653083
4 0.373744 0.647886 0.375841 0.614232 0.358185 0.610732 0.356088 0.644386 0.566504
4 0.360377 0.544663 0.363066 0.511036 0.345004 0.506444 0.342316 0.54007 0.397319
4 0.0915715 0.351879 0.0961164 0.320092 0.0762248 0.311047 0.07168 0.342834 0.303761
