4 0.202047 0.392787 0.203874 0.362539 0.18604 0.359113 0.184213 0.389361 0.922098
4 0.401843 0.433262 0.403215 0.404766 0.387011 0.402284 0.385639 0.430781 0.898185
4 0.5012 0.474256 0.502089 0.447322 0.485597 0.44559 0.484707 0.472523 0.882945
4 0.303225 0.245159 0.305483 0.213294 0.287786 0.209305 0.285528 0.24117 0.87223
4 0.435334 0.304841 0.437396 0.275948 0.421307 0.272297 0.419245 0.301191 0.83558
4 0.337589 0.556727 0.339896 0.522626 0.320408 0.518434 0.318102 0.552535 0.80866
0 0.442034 0.457789 0.445733 0.421346 0.426275 0.415065 0.422576 0.451508 0.788709
4 0.361865 0.841765 0.363553 0.81352 0.3476 0.810489 0.345912 0.838733 0.477047
4 0.244269 0.759482 0.246523 0.728204 0.229764 0.724363 0.22751 0.755641 0.376718
4 0.168695 0.580484 0.171231 0.54835 0.153235 0.543833 0.150698 0.575967 0.358162
4 0.202047 0.392787 0.203874 0.362539 0.18604 0.359113 0.184213 0.389361 0.922098
4 0.401843 0.433262 0.403215 0.404766 0.387011 0.402284 0.385639 0.430781 0.898185
4 0.5012 0.474256 0.502089 0.447322 0.485597 0.44559 0.484707 0.472523 0.882945
4 0.303225 0.245159 0.305483 0.213294 0.287786 0.209305 0.285528 0.24117 0.87223
4 0.435334 0.304841 0.437396 0.275948 0.421307 0.272297 0.419245 0.301191 0.83558
4 0.337589 0.556727 0.339896 0.522626 0.320408 0.518434 0.318102 0.552535 0.80866
0 0.442034 0.457789 0.445733 0.421346 0.426275 0.415065 0.422576 0.451508 0.788709
4 0.361865 0.841765 0.363553 0.81352 0.3476 0.810489 0.345912 0.838733 0.477047
4 0.244269 0.759482 0.246523 0.728204 0.229764 0.724363 0.22751 0.755641 0.376718
4 0.168695 0.580484 0.171231 0.54835 0.153235 0.543833 0.150698 0.575967 0.358162
