4 0.201887 0.392562 0.203744 0.36237 0.185926 0.358884 0.184069 0.389076 0.927299
4 0.401484 0.434401 0.402494 0.405029 0.387004 0.403334 0.385993 0.432706 0.909989
4 0.303297 0.244422 0.305358 0.213243 0.287795 0.209551 0.285734 0.24073 0.873921
4 0.50107 0.474693 0.502065 0.447555 0.486022 0.445686 0.485028 0.472824 0.861473
4 0.435171 0.304874 0.437348 0.275999 0.421437 0.272184 0.41926 0.30106 0.842
0 0.435886 0.438192 0.437778 0.398519 0.417745 0.39548 0.415853 0.435153 0.816143
4 0.337603 0.556986 0.339965 0.522648 0.32038 0.518364 0.318019 0.552702 0.801551
4 0.362152 0.841522 0.363595 0.813363 0.347604 0.810757 0.346161 0.838915 0.480871
4 0.244204 0.759592 0.246501 0.728567 0.229845 0.724645 0.227548 0.75567 0.400816
4 0.168672 0.580574 0.17128 0.54827 0.153048 0.543589 0.150441 0.575894 0.361073
4 0.201887 0.392562 0.203744 0.36237 0.185926 0.358884 0.184069 0.389076 0.927299
4 0.401484 0.434401 0.402494 0.405029 0.387004 0.403334 0.385993 0.432706 0.909989
4 0.303297 0.244422 0.305358 0.213243 0.287795 0.209551 0.285734 0.24073 0.873921
4 0.50107 0.474693 0.502065 0.447555 0.486022 0.445686 0.485028 0.472824 0.861473
4 0.435171 0.304874 0.437348 0.275999 0.421437 0.272184 0.41926 0.30106 0.842
0 0.435886 0.438192 0.437778 0.398519 0.417745 0.39548 0.415853 0.435153 0.816143
4 0.337603 0.556986 0.339965 0.522648 0.32038 0.518364 0.318019 0.552702 0.801551
4 0.362152 0.841522 0.363595 0.813363 0.347604 0.810757 0.346161 0.838915 0.480871
4 0.244204 0.759592 0.246501 0.728567 0.229845 0.724645 0.227548 0.75567 0.400816
4 0.168672 0.580574 0.17128 0.54827 0.153048 0.543589 0.150441 0.575894 0.361073
