4 0.201586 0.392869 0.203543 0.362343 0.185603 0.358686 0.183647 0.389212 0.920125
4 0.303383 0.244413 0.305254 0.213014 0.287853 0.209716 0.285982 0.241115 0.886807
4 0.501019 0.47461 0.50201 0.447688 0.485984 0.445812 0.484993 0.472735 0.86018
4 0.435132 0.30491 0.437359 0.275868 0.42133 0.271959 0.419103 0.301001 0.835821
0 0.325779 0.515452 0.327172 0.474636 0.305405 0.472275 0.304012 0.51309 0.569176
4 0.361821 0.841508 0.363428 0.813567 0.347539 0.810662 0.345933 0.838602 0.471971
4 0.355701 0.557745 0.358012 0.528785 0.342091 0.524744 0.33978 0.553704 0.456892
4 0.168614 0.580181 0.171086 0.548269 0.15328 0.543882 0.150807 0.575795 0.385554
4 0.470075 0.676758 0.471636 0.649993 0.457272 0.647329 0.455711 0.674094 0.344498
4 0.243986 0.759338 0.246254 0.7284 0.229749 0.724554 0.227482 0.755492 0.339328
4 0.201586 0.392869 0.203543 0.362343 0.185603 0.358686 0.183647 0.389212 0.920125
4 0.303383 0.244413 0.305254 0.213014 0.287853 0.209716 0.285982 0.241115 0.886807
4 0.501019 0.47461 0.50201 0.447688 0.485984 0.445812 0.484993 0.472735 0.86018
4 0.435132 0.30491 0.437359 0.275868 0.42133 0.271959 0.419103 0.301001 0.835821
0 0.325779 0.515452 0.327172 0.474636 0.305405 0.472275 0.304012 0.51309 0.569176
4 0.361821 0.841508 0.363428 0.813567 0.347539 0.810662 0.345933 0.838602 0.471971
4 0.355701 0.557745 0.358012 0.528785 0.342091 0.524744 0.33978 0.553704 0.456892
4 0.168614 0.580181 0.171086 0.548269 0.15328 0.543882 0.150807 0.575795 0.385554
4 0.470075 0.676758 0.471636 0.649993 0.457272 0.647329 0.455711 0.674094 0.344498
4 0.243986 0.759338 0.246254 0.7284 0.229749 0.724554 0.227482 0.755492 0.339328
