4 0.201847 0.392665 0.202848 0.362587 0.185377 0.360738 0.184376 0.390816 0.934278
4 0.436051 0.305947 0.437848 0.275895 0.421031 0.272698 0.419235 0.302749 0.927033
4 0.30196 0.244476 0.303879 0.213331 0.28686 0.209996 0.28494 0.24114 0.892042
4 0.440559 0.709362 0.442141 0.678395 0.423812 0.675418 0.422231 0.706385 0.7934
4 0.430571 0.609221 0.431559 0.581532 0.414886 0.57964 0.413898 0.607329 0.751844
4 0.500283 0.474502 0.501843 0.447493 0.486106 0.444603 0.484546 0.471611 0.710409
4 0.362108 0.841837 0.364132 0.813632 0.348055 0.809962 0.34603 0.838167 0.689784
4 0.169479 0.58527 0.172972 0.550882 0.154865 0.545034 0.151372 0.579422 0.442643
4 0.250755 0.247503 0.2535 0.189853 0.226144 0.185711 0.2234 0.243361 0.404633
4 0.244302 0.760534 0.246919 0.727455 0.228422 0.722802 0.225805 0.75588 0.402152
4 0.0881394 0.419873 0.0902955 0.377451 0.0652669 0.373406 0.0631108 0.415827 0.401242
4 0.250742 0.684852 0.253307 0.64241 0.229796 0.63789 0.22723 0.680333 0.368689
4 0.248807 0.0902132 0.249733 0.0509852 0.224552 0.0490948 0.223626 0.0883228 0.357415
4 0.160813 0.510715 0.16389 0.464708 0.136093 0.458796 0.133016 0.504803 0.3391
4 0.452585 0.339913 0.455534 0.29284 0.429804 0.287713 0.426855 0.334787 0.329568
4 0.154669 0.219677 0.156996 0.179734 0.13335 0.175353 0.131023 0.215296 0.320893
0 0.42468 0.684745 0.427693 0.641277 0.405214 0.636321 0.402201 0.679788 0.277406
4 0.0898846 0.557574 0.0927183 0.513783 0.0673106 0.508554 0.0644769 0.552345 0.265513
4 0.158665 0.384688 0.163466 0.330464 0.137074 0.323032 0.132273 0.377255 0.257809
4 0.201847 0.392665 0.202848 0.362587 0.185377 0.360738 0.184376 0.390816 0.934278
4 0.436051 0.305947 0.437848 0.275895 0.421031 0.272698 0.419235 0.302749 0.927033
4 0.30196 0.244476 0.303879 0.213331 0.28686 0.209996 0.28494 0.24114 0.892042
4 0.440559 0.709362 0.442141 0.678395 0.423812 0.675418 0.422231 0.706385 0.7934
4 0.430571 0.609221 0.431559 0.581532 0.414886 0.57964 0.413898 0.607329 0.751844
4 0.500283 0.474502 0.501843 0.447493 0.486106 0.444603 0.484546 0.471611 0.710409
4 0.362108 0.841837 0.364132 0.813632 0.348055 0.809962 0.34603 0.838167 0.689784
4 0.169479 0.58527 0.172972 0.550882 0.154865 0.545034 0.151372 0.579422 0.442643
4 0.250755 0.247503 0.2535 0.189853 0.226144 0.185711 0.2234 0.243361 0.404633
4 0.244302 0.760534 0.246919 0.727455 0.228422 0.722802 0.225805 0.75588 0.402152
4 0.0881394 0.419873 0.0902955 0.377451 0.0652669 0.373406 0.0631108 0.415827 0.401242
4 0.250742 0.684852 0.253307 0.64241 0.229796 0.63789 0.22723 0.680333 0.368689
4 0.248807 0.0902132 0.249733 0.0509852 0.224552 0.0490948 0.223626 0.0883228 0.357415
4 0.160813 0.510715 0.16389 0.464708 0.136093 0.458796 0.133016 0.504803 0.3391
4 0.452585 0.339913 0.455534 0.29284 0.429804 0.287713 0.426855 0.334787 0.329568
4 0.154669 0.219677 0.156996 0.179734 0.13335 0.175353 0.131023 0.215296 0.320893
0 0.42468 0.684745 0.427693 0.641277 0.405214 0.636321 0.402201 0.679788 0.277406
4 0.0898846 0.557574 0.0927183 0.513783 0.0673106 0.508554 0.0644769 0.552345 0.265513
4 0.158665 0.384688 0.163466 0.330464 0.137074 0.323032 0.132273 0.377255 0.257809
