4 0.201813 0.39271 0.203675 0.362461 0.185907 0.358982 0.184045 0.389231 0.923733
4 0.401233 0.432964 0.403264 0.404906 0.387284 0.401226 0.385253 0.429285 0.883345
4 0.303296 0.24489 0.305549 0.213259 0.287973 0.209278 0.285721 0.24091 0.878406
4 0.501289 0.474309 0.502235 0.447384 0.485895 0.445557 0.484949 0.472482 0.877241
4 0.435189 0.304547 0.437355 0.275682 0.421289 0.271847 0.419122 0.300712 0.841786
4 0.337644 0.556855 0.339982 0.522609 0.320441 0.518366 0.318104 0.552613 0.806699
0 0.447907 0.444874 0.450302 0.409394 0.431636 0.405386 0.429241 0.440866 0.646055
4 0.362023 0.84144 0.363525 0.813481 0.347822 0.810798 0.34632 0.838757 0.48543
4 0.168678 0.580188 0.171181 0.548402 0.153244 0.54391 0.150741 0.575696 0.380008
4 0.24416 0.759516 0.246421 0.728466 0.229842 0.724626 0.22758 0.755676 0.368844
4 0.201813 0.39271 0.203675 0.362461 0.185907 0.358982 0.184045 0.389231 0.923733
4 0.401233 0.432964 0.403264 0.404906 0.387284 0.401226 0.385253 0.429285 0.883345
4 0.303296 0.24489 0.305549 0.213259 0.287973 0.209278 0.285721 0.24091 0.878406
4 0.501289 0.474309 0.502235 0.447384 0.485895 0.445557 0.484949 0.472482 0.877241
4 0.435189 0.304547 0.437355 0.275682 0.421289 0.271847 0.419122 0.300712 0.841786
4 0.337644 0.556855 0.339982 0.522609 0.320441 0.518366 0.318104 0.552613 0.806699
0 0.447907 0.444874 0.450302 0.409394 0.431636 0.405386 0.429241 0.440866 0.646055
4 0.362023 0.84144 0.363525 0.813481 0.347822 0.810798 0.34632 0.838757 0.48543
4 0.168678 0.580188 0.171181 0.548402 0.153244 0.54391 0.150741 0.575696 0.380008
4 0.24416 0.759516 0.246421 0.728466 0.229842 0.724626 0.22758 0.755676 0.368844
