4 0.201808 0.392583 0.203699 0.362454 0.185976 0.358917 0.184085 0.389045 0.914874
4 0.303294 0.244867 0.305475 0.213262 0.287812 0.209386 0.285632 0.240991 0.867657
4 0.500978 0.474593 0.502023 0.447589 0.48585 0.445599 0.484806 0.472603 0.85377
4 0.435087 0.304759 0.437325 0.275778 0.421398 0.271867 0.41916 0.300849 0.844882
4 0.390607 0.612992 0.392651 0.581121 0.374298 0.577377 0.372254 0.609248 0.772395
0 0.369429 0.585611 0.372363 0.549396 0.35305 0.544422 0.350117 0.580636 0.71825
4 0.361975 0.841484 0.363485 0.813517 0.347686 0.810805 0.346176 0.838772 0.467937
4 0.460027 0.659859 0.4619 0.632258 0.446566 0.628949 0.444693 0.65655 0.431578
4 0.168588 0.580235 0.171077 0.548337 0.153281 0.54392 0.150792 0.575817 0.392325
4 0.244076 0.759417 0.246437 0.72832 0.22967 0.724271 0.227309 0.755368 0.392235
4 0.201808 0.392583 0.203699 0.362454 0.185976 0.358917 0.184085 0.389045 0.914874
4 0.303294 0.244867 0.305475 0.213262 0.287812 0.209386 0.285632 0.240991 0.867657
4 0.500978 0.474593 0.502023 0.447589 0.48585 0.445599 0.484806 0.472603 0.85377
4 0.435087 0.304759 0.437325 0.275778 0.421398 0.271867 0.41916 0.300849 0.844882
4 0.390607 0.612992 0.392651 0.581121 0.374298 0.577377 0.372254 0.609248 0.772395
0 0.369429 0.585611 0.372363 0.549396 0.35305 0.544422 0.350117 0.580636 0.71825
4 0.361975 0.841484 0.363485 0.813517 0.347686 0.810805 0.346176 0.838772 0.467937
4 0.460027 0.659859 0.4619 0.632258 0.446566 0.628949 0.444693 0.65655 0.431578
4 0.168588 0.580235 0.171077 0.548337 0.153281 0.54392 0.150792 0.575817 0.392325
4 0.244076 0.759417 0.246437 0.72832 0.22967 0.724271 0.227309 0.755368 0.392235
