4 0.38993 0.546356 0.392303 0.518517 0.376766 0.514307 0.374394 0.542145 0.787871
4 0.245808 0.0823006 0.247101 0.0451722 0.223492 0.0425578 0.222199 0.0796862 0.726162
4 0.154306 0.506822 0.15755 0.465907 0.133377 0.459811 0.130133 0.500726 0.692113
4 0.399134 0.211259 0.39967 0.183053 0.384157 0.182114 0.383621 0.21032 0.68012
0 0.253126 0.343554 0.255441 0.300348 0.231297 0.296235 0.228983 0.339441 0.668643
4 0.0890028 0.398774 0.0910211 0.359155 0.0668965 0.355247 0.0648782 0.394865 0.637335
4 0.338477 0.575505 0.340655 0.547383 0.324771 0.543471 0.322593 0.571593 0.637249
4 0.400214 0.327218 0.400266 0.292386 0.382186 0.292299 0.382133 0.327131 0.552409
4 0.481657 0.636724 0.484971 0.60303 0.465785 0.597028 0.46247 0.630722 0.549522
4 0.488749 0.434493 0.489736 0.405504 0.472646 0.403652 0.471658 0.432641 0.547249
4 0.398978 0.359447 0.399953 0.330813 0.384632 0.329155 0.383658 0.357789 0.526684
4 0.452658 0.177035 0.455495 0.136737 0.433954 0.131914 0.431117 0.172213 0.489206
4 0.241009 0.316451 0.24596 0.282791 0.226294 0.273593 0.221344 0.307254 0.475483
4 0.243719 0.710563 0.2486 0.668912 0.222852 0.659316 0.217971 0.700967 0.473007
4 0.419975 0.703971 0.422202 0.672739 0.404894 0.668813 0.402666 0.700045 0.462696
4 0.249827 0.247294 0.25311 0.193108 0.224007 0.1875 0.220724 0.241686 0.458863
4 0.301648 0.378914 0.303289 0.341164 0.282242 0.338255 0.280601 0.376004 0.435663
4 0.293189 0.66669 0.294944 0.632957 0.276389 0.629887 0.274634 0.663621 0.433859
4 0.0853116 0.424077 0.0874524 0.384426 0.0617473 0.380012 0.0596065 0.419664 0.428439
4 0.154419 0.219669 0.15715 0.17876 0.132755 0.173582 0.130025 0.214492 0.421777
4 0.301261 0.246358 0.303649 0.206388 0.281088 0.2021 0.278699 0.24207 0.421258
4 0.481302 0.541136 0.482435 0.507708 0.462882 0.505602 0.46175 0.53903 0.413022
4 0.083927 0.576063 0.0869884 0.535173 0.0612115 0.529035 0.05815 0.569925 0.409908
4 0.243059 0.625157 0.24715 0.582601 0.223321 0.575315 0.21923 0.617871 0.38379
4 0.363556 0.706444 0.367257 0.667019 0.344279 0.660157 0.340577 0.699582 0.375527
4 0.0892777 0.556817 0.092094 0.511934 0.0665983 0.506846 0.0637819 0.551729 0.372407
4 0.168095 0.469252 0.169614 0.426257 0.14531 0.423527 0.143791 0.466522 0.369009
4 0.250213 0.399794 0.252645 0.360289 0.228095 0.355484 0.225664 0.394989 0.359526
4 0.364039 0.411126 0.366092 0.373402 0.345484 0.369836 0.343431 0.40756 0.353958
4 0.245217 0.156672 0.249638 0.106302 0.222257 0.0986593 0.217836 0.149028 0.34855
4 0.441104 0.352659 0.444334 0.31834 0.424538 0.312414 0.421307 0.346732 0.348217
4 0.249542 0.600493 0.251952 0.554258 0.227011 0.550124 0.224601 0.596359 0.340408
4 0.100486 0.309329 0.101725 0.276519 0.0820901 0.274161 0.0808512 0.306972 0.334201
4 0.243018 0.270283 0.246622 0.22208 0.218255 0.215333 0.21465 0.263536 0.325575
4 0.141068 0.241288 0.143871 0.201523 0.120175 0.196211 0.117372 0.235976 0.319032
4 0.154239 0.358777 0.156296 0.317399 0.133396 0.313778 0.131339 0.355156 0.312373
4 0.249823 0.114238 0.252147 0.0638229 0.225995 0.0599877 0.22367 0.110403 0.311419
4 0.248028 0.674404 0.251177 0.62486 0.224847 0.619538 0.221699 0.669082 0.305561
4 0.242968 0.44029 0.246525 0.399459 0.222725 0.392866 0.219168 0.433697 0.28945
4 0.243705 0.842329 0.246395 0.802762 0.222903 0.797683 0.220213 0.837249 0.289138
4 0.090674 0.534976 0.0940088 0.490046 0.0683753 0.483995 0.0650406 0.528925 0.276074
4 0.424281 0.659265 0.426102 0.627676 0.40573 0.623942 0.403909 0.65553 0.261668
4 0.38993 0.546356 0.392303 0.518517 0.376766 0.514307 0.374394 0.542145 0.787871
4 0.245808 0.0823006 0.247101 0.0451722 0.223492 0.0425578 0.222199 0.0796862 0.726162
4 0.154306 0.506822 0.15755 0.465907 0.133377 0.459811 0.130133 0.500726 0.692113
4 0.399134 0.211259 0.39967 0.183053 0.384157 0.182114 0.383621 0.21032 0.68012
0 0.253126 0.343554 0.255441 0.300348 0.231297 0.296235 0.228983 0.339441 0.668643
4 0.0890028 0.398774 0.0910211 0.359155 0.0668965 0.355247 0.0648782 0.394865 0.637335
4 0.338477 0.575505 0.340655 0.547383 0.324771 0.543471 0.322593 0.571593 0.637249
4 0.400214 0.327218 0.400266 0.292386 0.382186 0.292299 0.382133 0.327131 0.552409
4 0.481657 0.636724 0.484971 0.60303 0.465785 0.597028 0.46247 0.630722 0.549522
4 0.488749 0.434493 0.489736 0.405504 0.472646 0.403652 0.471658 0.432641 0.547249
4 0.398978 0.359447 0.399953 0.330813 0.384632 0.329155 0.383658 0.357789 0.526684
4 0.452658 0.177035 0.455495 0.136737 0.433954 0.131914 0.431117 0.172213 0.489206
4 0.241009 0.316451 0.24596 0.282791 0.226294 0.273593 0.221344 0.307254 0.475483
4 0.243719 0.710563 0.2486 0.668912 0.222852 0.659316 0.217971 0.700967 0.473007
4 0.419975 0.703971 0.422202 0.672739 0.404894 0.668813 0.402666 0.700045 0.462696
4 0.249827 0.247294 0.25311 0.193108 0.224007 0.1875 0.220724 0.241686 0.458863
4 0.301648 0.378914 0.303289 0.341164 0.282242 0.338255 0.280601 0.376004 0.435663
4 0.293189 0.66669 0.294944 0.632957 0.276389 0.629887 0.274634 0.663621 0.433859
4 0.0853116 0.424077 0.0874524 0.384426 0.0617473 0.380012 0.0596065 0.419664 0.428439
4 0.154419 0.219669 0.15715 0.17876 0.132755 0.173582 0.130025 0.214492 0.421777
4 0.301261 0.246358 0.303649 0.206388 0.281088 0.2021 0.278699 0.24207 0.421258
4 0.481302 0.541136 0.482435 0.507708 0.462882 0.505602 0.46175 0.53903 0.413022
4 0.083927 0.576063 0.0869884 0.535173 0.0612115 0.529035 0.05815 0.569925 0.409908
4 0.243059 0.625157 0.24715 0.582601 0.223321 0.575315 0.21923 0.617871 0.38379
4 0.363556 0.706444 0.367257 0.667019 0.344279 0.660157 0.340577 0.699582 0.375527
4 0.0892777 0.556817 0.092094 0.511934 0.0665983 0.506846 0.0637819 0.551729 0.372407
4 0.168095 0.469252 0.169614 0.426257 0.14531 0.423527 0.143791 0.466522 0.369009
4 0.250213 0.399794 0.252645 0.360289 0.228095 0.355484 0.225664 0.394989 0.359526
4 0.364039 0.411126 0.366092 0.373402 0.345484 0.369836 0.343431 0.40756 0.353958
4 0.245217 0.156672 0.249638 0.106302 0.222257 0.0986593 0.217836 0.149028 0.34855
4 0.441104 0.352659 0.444334 0.31834 0.424538 0.312414 0.421307 0.346732 0.348217
4 0.249542 0.600493 0.251952 0.554258 0.227011 0.550124 0.224601 0.596359 0.340408
4 0.100486 0.309329 0.101725 0.276519 0.0820901 0.274161 0.0808512 0.306972 0.334201
4 0.243018 0.270283 0.246622 0.22208 0.218255 0.215333 0.21465 0.263536 0.325575
4 0.141068 0.241288 0.143871 0.201523 0.120175 0.196211 0.117372 0.235976 0.319032
4 0.154239 0.358777 0.156296 0.317399 0.133396 0.313778 0.131339 0.355156 0.312373
4 0.249823 0.114238 0.252147 0.0638229 0.225995 0.0599877 0.22367 0.110403 0.311419
4 0.248028 0.674404 0.251177 0.62486 0.224847 0.619538 0.221699 0.669082 0.305561
4 0.242968 0.44029 0.246525 0.399459 0.222725 0.392866 0.219168 0.433697 0.28945
4 0.243705 0.842329 0.246395 0.802762 0.222903 0.797683 0.220213 0.837249 0.289138
4 0.090674 0.534976 0.0940088 0.490046 0.0683753 0.483995 0.0650406 0.528925 0.276074
4 0.424281 0.659265 0.426102 0.627676 0.40573 0.623942 0.403909 0.65553 0.261668
