4 0.201732 0.392487 0.203619 0.362405 0.185897 0.358868 0.184009 0.38895 0.923725
4 0.303293 0.24481 0.305345 0.213387 0.287921 0.209769 0.285869 0.241192 0.879746
4 0.500992 0.474523 0.50199 0.447516 0.485838 0.445618 0.48484 0.472624 0.861399
4 0.435124 0.30483 0.43723 0.276101 0.421413 0.272413 0.419306 0.301142 0.844637
0 0.405526 0.652419 0.409629 0.613633 0.389074 0.606718 0.384971 0.645503 0.605344
4 0.423205 0.679515 0.426236 0.649067 0.408778 0.643542 0.405748 0.67399 0.602503
4 0.362003 0.841764 0.363677 0.813755 0.347769 0.810731 0.346094 0.83874 0.466186
4 0.244378 0.759487 0.246673 0.728161 0.229865 0.724244 0.22757 0.75557 0.414154
4 0.168605 0.580545 0.171143 0.548547 0.153101 0.543996 0.150563 0.575994 0.369742
4 0.201732 0.392487 0.203619 0.362405 0.185897 0.358868 0.184009 0.38895 0.923725
4 0.303293 0.24481 0.305345 0.213387 0.287921 0.209769 0.285869 0.241192 0.879746
4 0.500992 0.474523 0.50199 0.447516 0.485838 0.445618 0.48484 0.472624 0.861399
4 0.435124 0.30483 0.43723 0.276101 0.421413 0.272413 0.419306 0.301142 0.844637
0 0.405526 0.652419 0.409629 0.613633 0.389074 0.606718 0.384971 0.645503 0.605344
4 0.423205 0.679515 0.426236 0.649067 0.408778 0.643542 0.405748 0.67399 0.602503
4 0.362003 0.841764 0.363677 0.813755 0.347769 0.810731 0.346094 0.83874 0.466186
4 0.244378 0.759487 0.246673 0.728161 0.229865 0.724244 0.22757 0.75557 0.414154
4 0.168605 0.580545 0.171143 0.548547 0.153101 0.543996 0.150563 0.575994 0.369742
