4 0.201717 0.392591 0.203559 0.362561 0.18599 0.359133 0.184147 0.389163 0.916204
4 0.303144 0.244126 0.305005 0.213375 0.287782 0.21006 0.285921 0.240811 0.881555
4 0.501071 0.47457 0.502132 0.447664 0.485968 0.445638 0.484908 0.472544 0.851127
4 0.435059 0.304652 0.437237 0.27587 0.421345 0.272044 0.419166 0.300825 0.838438
4 0.354167 0.553973 0.356013 0.523378 0.335675 0.519475 0.333829 0.550071 0.755558
4 0.36179 0.841453 0.363432 0.81363 0.347627 0.810664 0.345985 0.838487 0.482105
4 0.168537 0.580227 0.171038 0.548331 0.153223 0.543889 0.150722 0.575785 0.340758
4 0.470015 0.676658 0.471606 0.649985 0.457239 0.64726 0.455648 0.673933 0.340448
4 0.243926 0.759328 0.24616 0.72862 0.229739 0.724822 0.227505 0.755529 0.33588
0 0.336862 0.536165 0.339157 0.497167 0.318098 0.493226 0.315803 0.532224 0.281325
4 0.201717 0.392591 0.203559 0.362561 0.18599 0.359133 0.184147 0.389163 0.916204
4 0.303144 0.244126 0.305005 0.213375 0.287782 0.21006 0.285921 0.240811 0.881555
4 0.501071 0.47457 0.502132 0.447664 0.485968 0.445638 0.484908 0.472544 0.851127
4 0.435059 0.304652 0.437237 0.27587 0.421345 0.272044 0.419166 0.300825 0.838438
4 0.354167 0.553973 0.356013 0.523378 0.335675 0.519475 0.333829 0.550071 0.755558
4 0.36179 0.841453 0.363432 0.81363 0.347627 0.810664 0.345985 0.838487 0.482105
4 0.168537 0.580227 0.171038 0.548331 0.153223 0.543889 0.150722 0.575785 0.340758
4 0.470015 0.676658 0.471606 0.649985 0.457239 0.64726 0.455648 0.673933 0.340448
4 0.243926 0.759328 0.24616 0.72862 0.229739 0.724822 0.227505 0.755529 0.33588
0 0.336862 0.536165 0.339157 0.497167 0.318098 0.493226 0.315803 0.532224 0.281325
