4 0.201647 0.392566 0.203495 0.36247 0.185954 0.359045 0.184106 0.389141 0.924937
4 0.402012 0.433633 0.404305 0.405037 0.387588 0.400774 0.385294 0.429369 0.911039
4 0.303251 0.245193 0.305415 0.213307 0.287887 0.209524 0.285724 0.241411 0.871009
4 0.501108 0.474811 0.502171 0.447535 0.485773 0.445502 0.48471 0.472779 0.869679
4 0.435233 0.304718 0.437396 0.275807 0.421378 0.271996 0.419215 0.300907 0.846563
4 0.337662 0.556858 0.339971 0.522635 0.320375 0.518431 0.318066 0.552654 0.800604
0 0.441632 0.44116 0.444396 0.406456 0.426361 0.401886 0.423596 0.43659 0.707136
4 0.362056 0.84141 0.363466 0.813515 0.347602 0.810967 0.346193 0.838862 0.47608
4 0.244224 0.759553 0.246573 0.72813 0.229533 0.724079 0.227184 0.755502 0.44448
4 0.168597 0.580355 0.171154 0.548022 0.15289 0.543428 0.150332 0.575761 0.355564
4 0.201647 0.392566 0.203495 0.36247 0.185954 0.359045 0.184106 0.389141 0.924937
4 0.402012 0.433633 0.404305 0.405037 0.387588 0.400774 0.385294 0.429369 0.911039
4 0.303251 0.245193 0.305415 0.213307 0.287887 0.209524 0.285724 0.241411 0.871009
4 0.501108 0.474811 0.502171 0.447535 0.485773 0.445502 0.48471 0.472779 0.869679
4 0.435233 0.304718 0.437396 0.275807 0.421378 0.271996 0.419215 0.300907 0.846563
4 0.337662 0.556858 0.339971 0.522635 0.320375 0.518431 0.318066 0.552654 0.800604
0 0.441632 0.44116 0.444396 0.406456 0.426361 0.401886 0.423596 0.43659 0.707136
4 0.362056 0.84141 0.363466 0.813515 0.347602 0.810967 0.346193 0.838862 0.47608
4 0.244224 0.759553 0.246573 0.72813 0.229533 0.724079 0.227184 0.755502 0.44448
4 0.168597 0.580355 0.171154 0.548022 0.15289 0.543428 0.150332 0.575761 0.355564
