4 0.367306 0.565548 0.368078 0.537064 0.35113 0.535605 0.350358 0.564088 0.924936
4 0.337196 0.47159 0.339286 0.442886 0.323345 0.439194 0.321254 0.467898 0.88901
4 0.358398 0.446444 0.359962 0.419174 0.344722 0.416395 0.343158 0.443664 0.777018
4 0.39864 0.360464 0.399921 0.3308 0.383673 0.328569 0.382393 0.358233 0.648748
4 0.342701 0.581065 0.343966 0.551314 0.327394 0.549074 0.32613 0.578825 0.582361
4 0.478355 0.631051 0.4802 0.596162 0.46204 0.593107 0.460194 0.627996 0.571891
0 0.457819 0.625902 0.461091 0.5875 0.440955 0.582044 0.437684 0.620446 0.510929
4 0.372854 0.648443 0.375047 0.613924 0.357696 0.610417 0.355502 0.644936 0.471382
1 0.37459 0.687992 0.378101 0.650852 0.354565 0.643776 0.351054 0.680916 0.328417
4 0.367306 0.565548 0.368078 0.537064 0.35113 0.535605 0.350358 0.564088 0.924936
4 0.337196 0.47159 0.339286 0.442886 0.323345 0.439194 0.321254 0.467898 0.88901
4 0.358398 0.446444 0.359962 0.419174 0.344722 0.416395 0.343158 0.443664 0.777018
4 0.39864 0.360464 0.399921 0.3308 0.383673 0.328569 0.382393 0.358233 0.648748
4 0.342701 0.581065 0.343966 0.551314 0.327394 0.549074 0.32613 0.578825 0.582361
4 0.478355 0.631051 0.4802 0.596162 0.46204 0.593107 0.460194 0.627996 0.571891
0 0.457819 0.625902 0.461091 0.5875 0.440955 0.582044 0.437684 0.620446 0.510929
4 0.372854 0.648443 0.375047 0.613924 0.357696 0.610417 0.355502 0.644936 0.471382
1 0.37459 0.687992 0.378101 0.650852 0.354565 0.643776 0.351054 0.680916 0.328417
