4 0.201685 0.392643 0.202781 0.362259 0.18511 0.360231 0.184013 0.390615 0.922523
4 0.436097 0.30578 0.437941 0.275478 0.420977 0.272194 0.419133 0.302497 0.918753
4 0.301907 0.245343 0.304007 0.212791 0.286178 0.209132 0.284077 0.241684 0.879624
4 0.252484 0.253182 0.255114 0.199019 0.228636 0.194931 0.226007 0.249094 0.751037
4 0.355386 0.557388 0.358294 0.527136 0.342151 0.5222 0.339243 0.552453 0.737619
4 0.50018 0.47428 0.501694 0.447226 0.486138 0.444458 0.484624 0.471511 0.714056
4 0.361927 0.841849 0.364069 0.813566 0.347881 0.809667 0.345739 0.837949 0.682635
0 0.32777 0.524396 0.331262 0.48623 0.311891 0.480594 0.308399 0.51876 0.667322
4 0.471055 0.677189 0.472075 0.650281 0.457202 0.648489 0.456182 0.675397 0.595919
4 0.24771 0.0878548 0.248736 0.0503179 0.22463 0.0482225 0.223604 0.0857593 0.589056
4 0.174442 0.462349 0.177598 0.422255 0.155892 0.416821 0.152736 0.456915 0.460002
4 0.0904071 0.398021 0.0925916 0.359053 0.0696047 0.354955 0.0674201 0.393923 0.434484
4 0.242422 0.689114 0.246058 0.64635 0.222546 0.639991 0.218909 0.682755 0.405855
4 0.24245 0.712287 0.247051 0.669815 0.222837 0.661472 0.218236 0.703944 0.373561
4 0.154254 0.221 0.156828 0.180262 0.132955 0.175464 0.13038 0.216202 0.362251
4 0.334618 0.820066 0.336813 0.782972 0.318344 0.779496 0.316148 0.81659 0.358228
4 0.171534 0.587249 0.173522 0.547079 0.152639 0.543791 0.15065 0.583961 0.35633
4 0.450488 0.18248 0.452571 0.141544 0.43085 0.138029 0.428767 0.178965 0.354167
4 0.161887 0.511265 0.165559 0.465188 0.139148 0.458494 0.135476 0.504571 0.351628
4 0.358073 0.218173 0.360196 0.178101 0.336616 0.174129 0.334494 0.214202 0.330028
4 0.142499 0.24309 0.144882 0.203976 0.121226 0.199392 0.118843 0.238506 0.311693
4 0.246364 0.295122 0.250888 0.242168 0.218672 0.233414 0.214147 0.286368 0.305637
4 0.452769 0.337884 0.4558 0.291545 0.429662 0.286108 0.426631 0.332447 0.302436
4 0.372205 0.398178 0.375184 0.357087 0.353622 0.352117 0.350644 0.393207 0.286494
4 0.489831 0.439496 0.491342 0.409451 0.472996 0.406515 0.471484 0.436559 0.263488
4 0.0891285 0.557649 0.0922481 0.512129 0.0664723 0.506511 0.0633527 0.552031 0.257799
4 0.244624 0.760849 0.247677 0.726412 0.228711 0.721065 0.225658 0.755502 0.254539
4 0.201685 0.392643 0.202781 0.362259 0.18511 0.360231 0.184013 0.390615 0.922523
4 0.436097 0.30578 0.437941 0.275478 0.420977 0.272194 0.419133 0.302497 0.918753
4 0.301907 0.245343 0.304007 0.212791 0.286178 0.209132 0.284077 0.241684 0.879624
4 0.252484 0.253182 0.255114 0.199019 0.228636 0.194931 0.226007 0.249094 0.751037
4 0.355386 0.557388 0.358294 0.527136 0.342151 0.5222 0.339243 0.552453 0.737619
4 0.50018 0.47428 0.501694 0.447226 0.486138 0.444458 0.484624 0.471511 0.714056
4 0.361927 0.841849 0.364069 0.813566 0.347881 0.809667 0.345739 0.837949 0.682635
0 0.32777 0.524396 0.331262 0.48623 0.311891 0.480594 0.308399 0.51876 0.667322
4 0.471055 0.677189 0.472075 0.650281 0.457202 0.648489 0.456182 0.675397 0.595919
4 0.24771 0.0878548 0.248736 0.0503179 0.22463 0.0482225 0.223604 0.0857593 0.589056
4 0.174442 0.462349 0.177598 0.422255 0.155892 0.416821 0.152736 0.456915 0.460002
4 0.0904071 0.398021 0.0925916 0.359053 0.0696047 0.354955 0.0674201 0.393923 0.434484
4 0.242422 0.689114 0.246058 0.64635 0.222546 0.639991 0.218909 0.682755 0.405855
4 0.24245 0.712287 0.247051 0.669815 0.222837 0.661472 0.218236 0.703944 0.373561
4 0.154254 0.221 0.156828 0.180262 0.132955 0.175464 0.13038 0.216202 0.362251
4 0.334618 0.820066 0.336813 0.782972 0.318344 0.779496 0.316148 0.81659 0.358228
4 0.171534 0.587249 0.173522 0.547079 0.152639 0.543791 0.15065 0.583961 0.35633
4 0.450488 0.18248 0.452571 0.141544 0.43085 0.138029 0.428767 0.178965 0.354167
4 0.161887 0.511265 0.165559 0.465188 0.139148 0.458494 0.135476 0.504571 0.351628
4 0.358073 0.218173 0.360196 0.178101 0.336616 0.174129 0.334494 0.214202 0.330028
4 0.142499 0.24309 0.144882 0.203976 0.121226 0.199392 0.118843 0.238506 0.311693
4 0.246364 0.295122 0.250888 0.242168 0.218672 0.233414 0.214147 0.286368 0.305637
4 0.452769 0.337884 0.4558 0.291545 0.429662 0.286108 0.426631 0.332447 0.302436
4 0.372205 0.398178 0.375184 0.357087 0.353622 0.352117 0.350644 0.393207 0.286494
4 0.489831 0.439496 0.491342 0.409451 0.472996 0.406515 0.471484 0.436559 0.263488
4 0.0891285 0.557649 0.0922481 0.512129 0.0664723 0.506511 0.0633527 0.552031 0.257799
4 0.244624 0.760849 0.247677 0.726412 0.228711 0.721065 0.225658 0.755502 0.254539
