4 0.201903 0.392857 0.203774 0.362558 0.185957 0.359058 0.184085 0.389357 0.919689
4 0.303393 0.244863 0.305505 0.213412 0.287942 0.209661 0.285829 0.241112 0.888435
4 0.400658 0.433822 0.402583 0.405099 0.386886 0.401754 0.384961 0.430477 0.862002
4 0.501183 0.474329 0.502195 0.447337 0.485847 0.445389 0.484836 0.472381 0.853902
4 0.435253 0.304556 0.437498 0.275912 0.421596 0.271948 0.419351 0.300593 0.828372
4 0.33759 0.557063 0.339991 0.522751 0.320411 0.518393 0.318009 0.552704 0.80129
0 0.442756 0.439704 0.444973 0.403993 0.425454 0.400138 0.423236 0.435849 0.758712
4 0.361915 0.841586 0.363531 0.813677 0.347734 0.810769 0.346118 0.838678 0.458233
4 0.168966 0.582741 0.171161 0.550626 0.154074 0.546912 0.151879 0.579027 0.406755
4 0.244144 0.759494 0.246415 0.728257 0.229623 0.724375 0.227352 0.755612 0.402014
4 0.201903 0.392857 0.203774 0.362558 0.185957 0.359058 0.184085 0.389357 0.919689
4 0.303393 0.244863 0.305505 0.213412 0.287942 0.209661 0.285829 0.241112 0.888435
4 0.400658 0.433822 0.402583 0.405099 0.386886 0.401754 0.384961 0.430477 0.862002
4 0.501183 0.474329 0.502195 0.447337 0.485847 0.445389 0.484836 0.472381 0.853902
4 0.435253 0.304556 0.437498 0.275912 0.421596 0.271948 0.419351 0.300593 0.828372
4 0.33759 0.557063 0.339991 0.522751 0.320411 0.518393 0.318009 0.552704 0.80129
0 0.442756 0.439704 0.444973 0.403993 0.425454 0.400138 0.423236 0.435849 0.758712
4 0.361915 0.841586 0.363531 0.813677 0.347734 0.810769 0.346118 0.838678 0.458233
4 0.168966 0.582741 0.171161 0.550626 0.154074 0.546912 0.151879 0.579027 0.406755
4 0.244144 0.759494 0.246415 0.728257 0.229623 0.724375 0.227352 0.755612 0.402014
