4 0.201876 0.392394 0.203723 0.362395 0.185988 0.358922 0.184141 0.388922 0.921661
4 0.30339 0.244372 0.305439 0.213155 0.287878 0.20949 0.28583 0.240707 0.868938
4 0.501107 0.474546 0.502152 0.447648 0.486104 0.445665 0.485059 0.472563 0.848282
4 0.43522 0.304702 0.437358 0.275866 0.421488 0.272124 0.41935 0.30096 0.846195
4 0.377416 0.591931 0.379557 0.559764 0.360905 0.555817 0.358765 0.587985 0.794993
0 0.35642 0.565527 0.359315 0.528752 0.339853 0.52388 0.336958 0.560655 0.76197
4 0.361928 0.841509 0.363541 0.813607 0.347766 0.810707 0.346153 0.83861 0.438925
4 0.168557 0.580155 0.171009 0.548278 0.153123 0.543901 0.15067 0.575778 0.382794
4 0.244109 0.759408 0.246462 0.728325 0.229724 0.724295 0.22737 0.755377 0.377628
4 0.201876 0.392394 0.203723 0.362395 0.185988 0.358922 0.184141 0.388922 0.921661
4 0.30339 0.244372 0.305439 0.213155 0.287878 0.20949 0.28583 0.240707 0.868938
4 0.501107 0.474546 0.502152 0.447648 0.486104 0.445665 0.485059 0.472563 0.848282
4 0.43522 0.304702 0.437358 0.275866 0.421488 0.272124 0.41935 0.30096 0.846195
4 0.377416 0.591931 0.379557 0.559764 0.360905 0.555817 0.358765 0.587985 0.794993
0 0.35642 0.565527 0.359315 0.528752 0.339853 0.52388 0.336958 0.560655 0.76197
4 0.361928 0.841509 0.363541 0.813607 0.347766 0.810707 0.346153 0.83861 0.438925
4 0.168557 0.580155 0.171009 0.548278 0.153123 0.543901 0.15067 0.575778 0.382794
4 0.244109 0.759408 0.246462 0.728325 0.229724 0.724295 0.22737 0.755377 0.377628
