4 0.402028 0.433945 0.404623 0.405588 0.38787 0.400714 0.385275 0.429071 0.936523
4 0.20178 0.39261 0.203603 0.362375 0.185964 0.358992 0.18414 0.389227 0.920392
4 0.303273 0.244933 0.305491 0.21317 0.28766 0.20921 0.285442 0.240973 0.876844
4 0.501356 0.474469 0.502348 0.44739 0.485967 0.445482 0.484975 0.472561 0.8746
4 0.435266 0.304728 0.43746 0.27589 0.421442 0.272014 0.419248 0.300851 0.851624
4 0.337674 0.556872 0.340079 0.522715 0.320529 0.518338 0.318124 0.552494 0.796594
0 0.448262 0.449953 0.45063 0.413278 0.431152 0.40928 0.428785 0.445955 0.743251
4 0.361934 0.841569 0.363543 0.813284 0.347475 0.810376 0.345866 0.838661 0.4902
4 0.24415 0.759855 0.246572 0.728249 0.229646 0.724124 0.227224 0.75573 0.336587
4 0.168678 0.580495 0.171288 0.548285 0.153068 0.543589 0.150458 0.575799 0.329521
4 0.402028 0.433945 0.404623 0.405588 0.38787 0.400714 0.385275 0.429071 0.936523
4 0.20178 0.39261 0.203603 0.362375 0.185964 0.358992 0.18414 0.389227 0.920392
4 0.303273 0.244933 0.305491 0.21317 0.28766 0.20921 0.285442 0.240973 0.876844
4 0.501356 0.474469 0.502348 0.44739 0.485967 0.445482 0.484975 0.472561 0.8746
4 0.435266 0.304728 0.43746 0.27589 0.421442 0.272014 0.419248 0.300851 0.851624
4 0.337674 0.556872 0.340079 0.522715 0.320529 0.518338 0.318124 0.552494 0.796594
0 0.448262 0.449953 0.45063 0.413278 0.431152 0.40928 0.428785 0.445955 0.743251
4 0.361934 0.841569 0.363543 0.813284 0.347475 0.810376 0.345866 0.838661 0.4902
4 0.24415 0.759855 0.246572 0.728249 0.229646 0.724124 0.227224 0.75573 0.336587
4 0.168678 0.580495 0.171288 0.548285 0.153068 0.543589 0.150458 0.575799 0.329521
