4 0.201711 0.392623 0.203561 0.362473 0.185942 0.359033 0.184091 0.389183 0.925902
4 0.403009 0.433709 0.405453 0.405177 0.387889 0.400392 0.385445 0.428925 0.91355
4 0.303088 0.244541 0.305171 0.213212 0.287678 0.209512 0.285594 0.240841 0.873502
4 0.501286 0.475173 0.502344 0.447339 0.485694 0.445326 0.484636 0.47316 0.872027
4 0.435279 0.304634 0.437395 0.275806 0.421436 0.27208 0.41932 0.300908 0.84639
4 0.337536 0.557063 0.339953 0.52268 0.320434 0.518316 0.318017 0.552699 0.784981
0 0.462854 0.534363 0.465445 0.498276 0.444599 0.493516 0.442008 0.529603 0.720908
4 0.362028 0.841604 0.363678 0.813353 0.347647 0.810376 0.345998 0.838627 0.47122
4 0.244242 0.759652 0.24655 0.728235 0.229631 0.724281 0.227322 0.755698 0.396615
4 0.168616 0.580543 0.171233 0.548158 0.153067 0.543489 0.15045 0.575875 0.391122
4 0.201711 0.392623 0.203561 0.362473 0.185942 0.359033 0.184091 0.389183 0.925902
4 0.403009 0.433709 0.405453 0.405177 0.387889 0.400392 0.385445 0.428925 0.91355
4 0.303088 0.244541 0.305171 0.213212 0.287678 0.209512 0.285594 0.240841 0.873502
4 0.501286 0.475173 0.502344 0.447339 0.485694 0.445326 0.484636 0.47316 0.872027
4 0.435279 0.304634 0.437395 0.275806 0.421436 0.27208 0.41932 0.300908 0.84639
4 0.337536 0.557063 0.339953 0.52268 0.320434 0.518316 0.318017 0.552699 0.784981
0 0.462854 0.534363 0.465445 0.498276 0.444599 0.493516 0.442008 0.529603 0.720908
4 0.362028 0.841604 0.363678 0.813353 0.347647 0.810376 0.345998 0.838627 0.47122
4 0.244242 0.759652 0.24655 0.728235 0.229631 0.724281 0.227322 0.755698 0.396615
4 0.168616 0.580543 0.171233 0.548158 0.153067 0.543489 0.15045 0.575875 0.391122
