4 0.201726 0.392635 0.203581 0.362436 0.185834 0.35897 0.183979 0.389169 0.932317
4 0.402862 0.433951 0.405424 0.404929 0.388182 0.400088 0.38562 0.42911 0.925196
4 0.501344 0.47434 0.502292 0.447501 0.486049 0.445676 0.485101 0.472516 0.878061
4 0.303246 0.244716 0.305491 0.213122 0.287751 0.209113 0.285506 0.240707 0.872509
4 0.435305 0.304722 0.437517 0.275741 0.42147 0.271846 0.419258 0.300827 0.841697
4 0.337766 0.556703 0.340041 0.522473 0.320367 0.518315 0.318092 0.552545 0.802797
0 0.447476 0.441846 0.4488 0.406607 0.430154 0.404377 0.428829 0.439617 0.702033
4 0.361987 0.841432 0.363512 0.813456 0.347697 0.810714 0.346171 0.83869 0.475368
4 0.244175 0.759361 0.246484 0.728213 0.229659 0.724246 0.22735 0.755395 0.434644
4 0.168908 0.583038 0.171283 0.550736 0.154188 0.546737 0.151812 0.579039 0.379527
4 0.415075 0.419804 0.418139 0.382645 0.396904 0.377078 0.393841 0.414237 0.259584
4 0.201726 0.392635 0.203581 0.362436 0.185834 0.35897 0.183979 0.389169 0.932317
4 0.402862 0.433951 0.405424 0.404929 0.388182 0.400088 0.38562 0.42911 0.925196
4 0.501344 0.47434 0.502292 0.447501 0.486049 0.445676 0.485101 0.472516 0.878061
4 0.303246 0.244716 0.305491 0.213122 0.287751 0.209113 0.285506 0.240707 0.872509
4 0.435305 0.304722 0.437517 0.275741 0.42147 0.271846 0.419258 0.300827 0.841697
4 0.337766 0.556703 0.340041 0.522473 0.320367 0.518315 0.318092 0.552545 0.802797
0 0.447476 0.441846 0.4488 0.406607 0.430154 0.404377 0.428829 0.439617 0.702033
4 0.361987 0.841432 0.363512 0.813456 0.347697 0.810714 0.346171 0.83869 0.475368
4 0.244175 0.759361 0.246484 0.728213 0.229659 0.724246 0.22735 0.755395 0.434644
4 0.168908 0.583038 0.171283 0.550736 0.154188 0.546737 0.151812 0.579039 0.379527
4 0.415075 0.419804 0.418139 0.382645 0.396904 0.377078 0.393841 0.414237 0.259584
