4 0.201902 0.39244 0.203723 0.362331 0.185987 0.358921 0.184167 0.38903 0.93156
4 0.403051 0.433521 0.405344 0.405245 0.387917 0.400751 0.385624 0.429027 0.920325
4 0.50141 0.475086 0.502376 0.447396 0.485957 0.445573 0.48499 0.473263 0.867267
4 0.303215 0.244576 0.305308 0.213175 0.287719 0.209447 0.285626 0.240847 0.866467
4 0.435265 0.304589 0.437406 0.275853 0.421468 0.272077 0.419327 0.300814 0.843321
4 0.337582 0.557008 0.339976 0.52259 0.320442 0.518269 0.318048 0.552687 0.792144
0 0.463233 0.530571 0.465685 0.495763 0.445243 0.491184 0.442791 0.525991 0.622433
4 0.362035 0.841455 0.363593 0.813614 0.34777 0.810797 0.346212 0.838638 0.458211
4 0.244285 0.759442 0.246547 0.728275 0.229777 0.724404 0.227515 0.755572 0.445562
4 0.168556 0.580514 0.171239 0.548203 0.153012 0.54339 0.150329 0.575701 0.342553
4 0.201902 0.39244 0.203723 0.362331 0.185987 0.358921 0.184167 0.38903 0.93156
4 0.403051 0.433521 0.405344 0.405245 0.387917 0.400751 0.385624 0.429027 0.920325
4 0.50141 0.475086 0.502376 0.447396 0.485957 0.445573 0.48499 0.473263 0.867267
4 0.303215 0.244576 0.305308 0.213175 0.287719 0.209447 0.285626 0.240847 0.866467
4 0.435265 0.304589 0.437406 0.275853 0.421468 0.272077 0.419327 0.300814 0.843321
4 0.337582 0.557008 0.339976 0.52259 0.320442 0.518269 0.318048 0.552687 0.792144
0 0.463233 0.530571 0.465685 0.495763 0.445243 0.491184 0.442791 0.525991 0.622433
4 0.362035 0.841455 0.363593 0.813614 0.34777 0.810797 0.346212 0.838638 0.458211
4 0.244285 0.759442 0.246547 0.728275 0.229777 0.724404 0.227515 0.755572 0.445562
4 0.168556 0.580514 0.171239 0.548203 0.153012 0.54339 0.150329 0.575701 0.342553
