4 0.337475 0.471865 0.339537 0.443491 0.323306 0.439738 0.321243 0.468113 0.922412
4 0.368016 0.564199 0.368891 0.534013 0.352679 0.53252 0.351804 0.562705 0.88482
4 0.358515 0.446956 0.360157 0.419231 0.344676 0.416314 0.343034 0.44404 0.756065
4 0.401233 0.565302 0.402823 0.529933 0.384625 0.527331 0.383034 0.562699 0.695903
4 0.398492 0.360536 0.399788 0.331012 0.383614 0.328755 0.382318 0.358279 0.667626
4 0.380864 0.657548 0.382737 0.625308 0.364391 0.621918 0.362518 0.654158 0.602724
4 0.372863 0.649253 0.37548 0.613987 0.35815 0.609898 0.355534 0.645164 0.421584
4 0.342339 0.581794 0.343858 0.551829 0.327394 0.549174 0.325875 0.579139 0.418096
4 0.337475 0.471865 0.339537 0.443491 0.323306 0.439738 0.321243 0.468113 0.922412
4 0.368016 0.564199 0.368891 0.534013 0.352679 0.53252 0.351804 0.562705 0.88482
4 0.358515 0.446956 0.360157 0.419231 0.344676 0.416314 0.343034 0.44404 0.756065
4 0.401233 0.565302 0.402823 0.529933 0.384625 0.527331 0.383034 0.562699 0.695903
4 0.398492 0.360536 0.399788 0.331012 0.383614 0.328755 0.382318 0.358279 0.667626
4 0.380864 0.657548 0.382737 0.625308 0.364391 0.621918 0.362518 0.654158 0.602724
4 0.372863 0.649253 0.37548 0.613987 0.35815 0.609898 0.355534 0.645164 0.421584
4 0.342339 0.581794 0.343858 0.551829 0.327394 0.549174 0.325875 0.579139 0.418096
