4 0.201797 0.392776 0.203668 0.36254 0.185987 0.35906 0.184116 0.389296 0.921536
4 0.403015 0.433722 0.405393 0.405325 0.388119 0.400726 0.385742 0.429122 0.913295
4 0.303211 0.244895 0.305369 0.213442 0.287936 0.209637 0.285778 0.24109 0.878819
4 0.501274 0.475068 0.502327 0.447332 0.485692 0.445323 0.484639 0.473058 0.874623
4 0.435227 0.304644 0.437323 0.275819 0.421375 0.272131 0.419279 0.300956 0.854588
4 0.337469 0.557309 0.339947 0.522711 0.320379 0.518253 0.3179 0.552851 0.785635
0 0.462827 0.534456 0.46548 0.498404 0.444686 0.493537 0.442033 0.529589 0.72161
4 0.361976 0.841559 0.36362 0.813474 0.347731 0.810515 0.346087 0.8386 0.458051
4 0.244271 0.759674 0.246648 0.728273 0.229738 0.724202 0.227361 0.755604 0.410227
4 0.168634 0.580572 0.17125 0.548292 0.153127 0.543622 0.150511 0.575902 0.38286
4 0.201797 0.392776 0.203668 0.36254 0.185987 0.35906 0.184116 0.389296 0.921536
4 0.403015 0.433722 0.405393 0.405325 0.388119 0.400726 0.385742 0.429122 0.913295
4 0.303211 0.244895 0.305369 0.213442 0.287936 0.209637 0.285778 0.24109 0.878819
4 0.501274 0.475068 0.502327 0.447332 0.485692 0.445323 0.484639 0.473058 0.874623
4 0.435227 0.304644 0.437323 0.275819 0.421375 0.272131 0.419279 0.300956 0.854588
4 0.337469 0.557309 0.339947 0.522711 0.320379 0.518253 0.3179 0.552851 0.785635
0 0.462827 0.534456 0.46548 0.498404 0.444686 0.493537 0.442033 0.529589 0.72161
4 0.361976 0.841559 0.36362 0.813474 0.347731 0.810515 0.346087 0.8386 0.458051
4 0.244271 0.759674 0.246648 0.728273 0.229738 0.724202 0.227361 0.755604 0.410227
4 0.168634 0.580572 0.17125 0.548292 0.153127 0.543622 0.150511 0.575902 0.38286
