4 0.201834 0.39247 0.203681 0.362353 0.185962 0.358896 0.184115 0.389013 0.922118
4 0.402484 0.433082 0.404021 0.404232 0.387948 0.401509 0.386412 0.430359 0.905524
4 0.303335 0.24486 0.305534 0.21337 0.287949 0.209465 0.28575 0.240955 0.866111
4 0.50127 0.474777 0.502363 0.447389 0.485816 0.445289 0.484723 0.472678 0.850176
4 0.435248 0.304926 0.437374 0.27592 0.421312 0.272176 0.419185 0.301182 0.843445
0 0.447204 0.451734 0.44823 0.416561 0.430339 0.414902 0.429313 0.450074 0.818073
4 0.337737 0.556727 0.339861 0.522672 0.320359 0.518805 0.318236 0.552859 0.803637
4 0.361941 0.841528 0.363522 0.813387 0.347628 0.810547 0.346047 0.838687 0.496297
4 0.244067 0.759319 0.246341 0.728691 0.229882 0.724804 0.227607 0.755432 0.425936
4 0.168912 0.58274 0.171293 0.550345 0.154118 0.54633 0.151737 0.578725 0.33196
4 0.426108 0.420616 0.427982 0.386244 0.410204 0.383161 0.40833 0.417533 0.331519
4 0.201834 0.39247 0.203681 0.362353 0.185962 0.358896 0.184115 0.389013 0.922118
4 0.402484 0.433082 0.404021 0.404232 0.387948 0.401509 0.386412 0.430359 0.905524
4 0.303335 0.24486 0.305534 0.21337 0.287949 0.209465 0.28575 0.240955 0.866111
4 0.50127 0.474777 0.502363 0.447389 0.485816 0.445289 0.484723 0.472678 0.850176
4 0.435248 0.304926 0.437374 0.27592 0.421312 0.272176 0.419185 0.301182 0.843445
0 0.447204 0.451734 0.44823 0.416561 0.430339 0.414902 0.429313 0.450074 0.818073
4 0.337737 0.556727 0.339861 0.522672 0.320359 0.518805 0.318236 0.552859 0.803637
4 0.361941 0.841528 0.363522 0.813387 0.347628 0.810547 0.346047 0.838687 0.496297
4 0.244067 0.759319 0.246341 0.728691 0.229882 0.724804 0.227607 0.755432 0.425936
4 0.168912 0.58274 0.171293 0.550345 0.154118 0.54633 0.151737 0.578725 0.33196
4 0.426108 0.420616 0.427982 0.386244 0.410204 0.383161 0.40833 0.417533 0.331519
