4 0.366692 0.565819 0.367614 0.537324 0.35087 0.5356 0.349947 0.564094 0.935884
4 0.337195 0.471531 0.339137 0.443328 0.323416 0.439884 0.321474 0.468088 0.893107
4 0.358537 0.446683 0.360199 0.419227 0.344761 0.416255 0.343099 0.443712 0.757984
4 0.398608 0.360447 0.399914 0.330851 0.383676 0.328572 0.38237 0.358168 0.657726
4 0.477721 0.630462 0.47914 0.596151 0.46187 0.593879 0.460451 0.62819 0.569201
4 0.34256 0.581208 0.343788 0.551265 0.327177 0.549098 0.325948 0.579041 0.564877
0 0.455604 0.62532 0.45937 0.587106 0.438576 0.580589 0.43481 0.618803 0.529916
4 0.369662 0.62437 0.372092 0.595592 0.355046 0.591014 0.352615 0.619792 0.265784
4 0.366692 0.565819 0.367614 0.537324 0.35087 0.5356 0.349947 0.564094 0.935884
4 0.337195 0.471531 0.339137 0.443328 0.323416 0.439884 0.321474 0.468088 0.893107
4 0.358537 0.446683 0.360199 0.419227 0.344761 0.416255 0.343099 0.443712 0.757984
4 0.398608 0.360447 0.399914 0.330851 0.383676 0.328572 0.38237 0.358168 0.657726
4 0.477721 0.630462 0.47914 0.596151 0.46187 0.593879 0.460451 0.62819 0.569201
4 0.34256 0.581208 0.343788 0.551265 0.327177 0.549098 0.325948 0.579041 0.564877
0 0.455604 0.62532 0.45937 0.587106 0.438576 0.580589 0.43481 0.618803 0.529916
4 0.369662 0.62437 0.372092 0.595592 0.355046 0.591014 0.352615 0.619792 0.265784
