4 0.201863 0.392409 0.203702 0.362438 0.185988 0.358981 0.184149 0.388952 0.921208
4 0.303404 0.244355 0.30545 0.213157 0.287891 0.209495 0.285845 0.240693 0.869079
4 0.501102 0.474545 0.502149 0.447649 0.486096 0.445661 0.485049 0.472558 0.848278
4 0.435218 0.304699 0.437357 0.275866 0.421489 0.272121 0.419349 0.300954 0.846655
4 0.377413 0.591937 0.379551 0.559827 0.360929 0.555882 0.35879 0.587993 0.799053
0 0.356417 0.565425 0.359296 0.528736 0.339843 0.52388 0.336963 0.560569 0.769646
4 0.361923 0.841519 0.363547 0.813615 0.347768 0.810693 0.346143 0.838597 0.437844
4 0.168556 0.580154 0.171006 0.548249 0.153127 0.543882 0.150676 0.575786 0.380515
4 0.244122 0.759412 0.246471 0.728299 0.229734 0.72428 0.227385 0.755393 0.379482
4 0.201863 0.392409 0.203702 0.362438 0.185988 0.358981 0.184149 0.388952 0.921208
4 0.303404 0.244355 0.30545 0.213157 0.287891 0.209495 0.285845 0.240693 0.869079
4 0.501102 0.474545 0.502149 0.447649 0.486096 0.445661 0.485049 0.472558 0.848278
4 0.435218 0.304699 0.437357 0.275866 0.421489 0.272121 0.419349 0.300954 0.846655
4 0.377413 0.591937 0.379551 0.559827 0.360929 0.555882 0.35879 0.587993 0.799053
0 0.356417 0.565425 0.359296 0.528736 0.339843 0.52388 0.336963 0.560569 0.769646
4 0.361923 0.841519 0.363547 0.813615 0.347768 0.810693 0.346143 0.838597 0.437844
4 0.168556 0.580154 0.171006 0.548249 0.153127 0.543882 0.150676 0.575786 0.380515
4 0.244122 0.759412 0.246471 0.728299 0.229734 0.72428 0.227385 0.755393 0.379482
