4 0.201746 0.392843 0.203617 0.362503 0.185718 0.358993 0.183847 0.389334 0.918847
4 0.501216 0.474851 0.502266 0.447441 0.485744 0.445428 0.484694 0.472838 0.867407
4 0.303237 0.245227 0.305516 0.213407 0.28788 0.20939 0.285601 0.241209 0.867007
4 0.402325 0.432559 0.403254 0.403936 0.38758 0.402318 0.386651 0.430941 0.851541
4 0.435298 0.304664 0.437354 0.276026 0.421553 0.272417 0.419497 0.301056 0.844631
4 0.33756 0.55687 0.339991 0.522655 0.320439 0.518237 0.318008 0.552452 0.797675
0 0.447318 0.451877 0.449356 0.416755 0.430477 0.41327 0.428438 0.448392 0.668315
4 0.361924 0.841438 0.363484 0.813685 0.347773 0.810878 0.346214 0.838631 0.490683
4 0.244313 0.759572 0.246572 0.728392 0.229847 0.724539 0.227588 0.755719 0.393975
4 0.169069 0.582797 0.171415 0.550523 0.15433 0.546574 0.151984 0.578848 0.367095
4 0.201746 0.392843 0.203617 0.362503 0.185718 0.358993 0.183847 0.389334 0.918847
4 0.501216 0.474851 0.502266 0.447441 0.485744 0.445428 0.484694 0.472838 0.867407
4 0.303237 0.245227 0.305516 0.213407 0.28788 0.20939 0.285601 0.241209 0.867007
4 0.402325 0.432559 0.403254 0.403936 0.38758 0.402318 0.386651 0.430941 0.851541
4 0.435298 0.304664 0.437354 0.276026 0.421553 0.272417 0.419497 0.301056 0.844631
4 0.33756 0.55687 0.339991 0.522655 0.320439 0.518237 0.318008 0.552452 0.797675
0 0.447318 0.451877 0.449356 0.416755 0.430477 0.41327 0.428438 0.448392 0.668315
4 0.361924 0.841438 0.363484 0.813685 0.347773 0.810878 0.346214 0.838631 0.490683
4 0.244313 0.759572 0.246572 0.728392 0.229847 0.724539 0.227588 0.755719 0.393975
4 0.169069 0.582797 0.171415 0.550523 0.15433 0.546574 0.151984 0.578848 0.367095
