4 0.337372 0.471886 0.33947 0.442882 0.323294 0.439162 0.321196 0.468165 0.887762
4 0.368072 0.565539 0.368482 0.536021 0.352246 0.535303 0.351836 0.564821 0.877383
4 0.358527 0.446676 0.360243 0.419033 0.344773 0.415979 0.343057 0.443622 0.78613
4 0.398524 0.360437 0.39982 0.331106 0.38367 0.328836 0.382373 0.358167 0.650962
4 0.380814 0.657537 0.382605 0.625868 0.364573 0.622625 0.362783 0.654295 0.581768
4 0.372811 0.649089 0.375353 0.61399 0.357906 0.609971 0.355363 0.64507 0.48
4 0.342459 0.581514 0.343863 0.551726 0.327378 0.549255 0.325974 0.579044 0.463305
0 0.388662 0.569948 0.392803 0.527303 0.372945 0.521171 0.368804 0.563816 0.371151
4 0.413414 0.576676 0.416735 0.544297 0.397057 0.537878 0.393736 0.570257 0.36396
4 0.337372 0.471886 0.33947 0.442882 0.323294 0.439162 0.321196 0.468165 0.887762
4 0.368072 0.565539 0.368482 0.536021 0.352246 0.535303 0.351836 0.564821 0.877383
4 0.358527 0.446676 0.360243 0.419033 0.344773 0.415979 0.343057 0.443622 0.78613
4 0.398524 0.360437 0.39982 0.331106 0.38367 0.328836 0.382373 0.358167 0.650962
4 0.380814 0.657537 0.382605 0.625868 0.364573 0.622625 0.362783 0.654295 0.581768
4 0.372811 0.649089 0.375353 0.61399 0.357906 0.609971 0.355363 0.64507 0.48
4 0.342459 0.581514 0.343863 0.551726 0.327378 0.549255 0.325974 0.579044 0.463305
0 0.388662 0.569948 0.392803 0.527303 0.372945 0.521171 0.368804 0.563816 0.371151
4 0.413414 0.576676 0.416735 0.544297 0.397057 0.537878 0.393736 0.570257 0.36396
