4 0.201953 0.39239 0.203794 0.362261 0.18603 0.358809 0.184189 0.388938 0.924942
4 0.303187 0.244589 0.30522 0.213352 0.287871 0.209762 0.285839 0.241 0.872582
4 0.501103 0.474632 0.502143 0.447604 0.485888 0.445616 0.484848 0.472643 0.84958
4 0.435183 0.30475 0.437327 0.275985 0.421462 0.272225 0.419318 0.30099 0.833943
4 0.407351 0.641272 0.408246 0.61153 0.389662 0.609751 0.388766 0.639493 0.758432
0 0.389513 0.620385 0.39276 0.578668 0.371132 0.573315 0.367885 0.615032 0.511604
4 0.361931 0.841731 0.36359 0.81366 0.347677 0.81067 0.346018 0.838741 0.47392
4 0.244135 0.75959 0.246454 0.728403 0.22964 0.724427 0.227321 0.755615 0.401792
4 0.168491 0.580404 0.17115 0.548353 0.153024 0.543571 0.150365 0.575622 0.342872
4 0.201953 0.39239 0.203794 0.362261 0.18603 0.358809 0.184189 0.388938 0.924942
4 0.303187 0.244589 0.30522 0.213352 0.287871 0.209762 0.285839 0.241 0.872582
4 0.501103 0.474632 0.502143 0.447604 0.485888 0.445616 0.484848 0.472643 0.84958
4 0.435183 0.30475 0.437327 0.275985 0.421462 0.272225 0.419318 0.30099 0.833943
4 0.407351 0.641272 0.408246 0.61153 0.389662 0.609751 0.388766 0.639493 0.758432
0 0.389513 0.620385 0.39276 0.578668 0.371132 0.573315 0.367885 0.615032 0.511604
4 0.361931 0.841731 0.36359 0.81366 0.347677 0.81067 0.346018 0.838741 0.47392
4 0.244135 0.75959 0.246454 0.728403 0.22964 0.724427 0.227321 0.755615 0.401792
4 0.168491 0.580404 0.17115 0.548353 0.153024 0.543571 0.150365 0.575622 0.342872
