4 0.201847 0.392724 0.20376 0.362448 0.18587 0.358853 0.183957 0.389129 0.920011
4 0.303326 0.244549 0.305352 0.213118 0.287889 0.209539 0.285863 0.240969 0.882301
4 0.501209 0.474857 0.502227 0.447673 0.485968 0.445736 0.48495 0.472921 0.861171
4 0.43508 0.304903 0.437306 0.275717 0.421292 0.271832 0.419066 0.301018 0.846025
4 0.4391 0.708384 0.441076 0.678566 0.423479 0.674858 0.421503 0.704676 0.751581
0 0.423169 0.681785 0.427244 0.644551 0.406934 0.637482 0.40286 0.674717 0.724182
4 0.43031 0.608899 0.430977 0.579999 0.414875 0.578816 0.414207 0.607716 0.485819
4 0.362031 0.841701 0.363525 0.813521 0.347584 0.810833 0.34609 0.839013 0.473343
4 0.244262 0.759732 0.246612 0.728328 0.229699 0.724303 0.227349 0.755707 0.38205
4 0.168584 0.580389 0.171198 0.548311 0.153129 0.543628 0.150515 0.575706 0.358013
4 0.201847 0.392724 0.20376 0.362448 0.18587 0.358853 0.183957 0.389129 0.920011
4 0.303326 0.244549 0.305352 0.213118 0.287889 0.209539 0.285863 0.240969 0.882301
4 0.501209 0.474857 0.502227 0.447673 0.485968 0.445736 0.48495 0.472921 0.861171
4 0.43508 0.304903 0.437306 0.275717 0.421292 0.271832 0.419066 0.301018 0.846025
4 0.4391 0.708384 0.441076 0.678566 0.423479 0.674858 0.421503 0.704676 0.751581
0 0.423169 0.681785 0.427244 0.644551 0.406934 0.637482 0.40286 0.674717 0.724182
4 0.43031 0.608899 0.430977 0.579999 0.414875 0.578816 0.414207 0.607716 0.485819
4 0.362031 0.841701 0.363525 0.813521 0.347584 0.810833 0.34609 0.839013 0.473343
4 0.244262 0.759732 0.246612 0.728328 0.229699 0.724303 0.227349 0.755707 0.38205
4 0.168584 0.580389 0.171198 0.548311 0.153129 0.543628 0.150515 0.575706 0.358013
