4 0.367451 0.56493 0.368104 0.537219 0.351559 0.535979 0.350906 0.56369 0.930056
4 0.337418 0.471839 0.339552 0.443437 0.323605 0.439626 0.32147 0.468028 0.895086
4 0.358505 0.446454 0.360099 0.419105 0.344794 0.416269 0.3432 0.443618 0.79626
0 0.431895 0.60475 0.43582 0.566024 0.414922 0.559289 0.410997 0.598014 0.751505
4 0.398477 0.360445 0.399698 0.331345 0.38378 0.329221 0.382559 0.358321 0.745004
4 0.452978 0.611077 0.455162 0.575424 0.436514 0.571792 0.43433 0.607445 0.597784
4 0.342767 0.581023 0.343996 0.551379 0.327412 0.549191 0.326182 0.578836 0.566138
4 0.380629 0.657852 0.382617 0.625657 0.363899 0.621982 0.361911 0.654176 0.538129
4 0.367451 0.56493 0.368104 0.537219 0.351559 0.535979 0.350906 0.56369 0.930056
4 0.337418 0.471839 0.339552 0.443437 0.323605 0.439626 0.32147 0.468028 0.895086
4 0.358505 0.446454 0.360099 0.419105 0.344794 0.416269 0.3432 0.443618 0.79626
0 0.431895 0.60475 0.43582 0.566024 0.414922 0.559289 0.410997 0.598014 0.751505
4 0.398477 0.360445 0.399698 0.331345 0.38378 0.329221 0.382559 0.358321 0.745004
4 0.452978 0.611077 0.455162 0.575424 0.436514 0.571792 0.43433 0.607445 0.597784
4 0.342767 0.581023 0.343996 0.551379 0.327412 0.549191 0.326182 0.578836 0.566138
4 0.380629 0.657852 0.382617 0.625657 0.363899 0.621982 0.361911 0.654176 0.538129
