0 0.334341 0.508444 0.337815 0.470307 0.315519 0.463849 0.312045 0.501986 0.938748
4 0.358698 0.447077 0.360552 0.419114 0.344907 0.415815 0.343053 0.443778 0.809358
4 0.398713 0.360668 0.399959 0.33169 0.383895 0.329495 0.38265 0.358472 0.752022
4 0.340954 0.585275 0.34512 0.555098 0.327144 0.547206 0.322978 0.577383 0.606476
4 0.373791 0.647844 0.37597 0.613959 0.35828 0.610343 0.356101 0.644228 0.591069
4 0.338315 0.471742 0.339239 0.442389 0.322642 0.440727 0.321718 0.47008 0.510388
4 0.356363 0.541325 0.359258 0.5045 0.340211 0.499738 0.337316 0.536563 0.257064
0 0.334341 0.508444 0.337815 0.470307 0.315519 0.463849 0.312045 0.501986 0.938748
4 0.358698 0.447077 0.360552 0.419114 0.344907 0.415815 0.343053 0.443778 0.809358
4 0.398713 0.360668 0.399959 0.33169 0.383895 0.329495 0.38265 0.358472 0.752022
4 0.340954 0.585275 0.34512 0.555098 0.327144 0.547206 0.322978 0.577383 0.606476
4 0.373791 0.647844 0.37597 0.613959 0.35828 0.610343 0.356101 0.644228 0.591069
4 0.338315 0.471742 0.339239 0.442389 0.322642 0.440727 0.321718 0.47008 0.510388
4 0.356363 0.541325 0.359258 0.5045 0.340211 0.499738 0.337316 0.536563 0.257064
