4 0.391273 0.546421 0.39256 0.519338 0.375576 0.516771 0.374289 0.543853 0.871976
0 0.306309 0.467795 0.308791 0.431526 0.289178 0.427258 0.286697 0.463528 0.788388
4 0.419479 0.704424 0.42094 0.673986 0.403189 0.671275 0.401728 0.701713 0.72827
4 0.398589 0.360256 0.399772 0.330887 0.383685 0.328826 0.382502 0.358195 0.68844
4 0.338368 0.576245 0.340384 0.548343 0.324168 0.544618 0.322153 0.57252 0.671951
4 0.482042 0.636751 0.484325 0.604794 0.466541 0.600754 0.464259 0.632711 0.599011
4 0.296127 0.431996 0.297948 0.407799 0.283312 0.404295 0.281491 0.428492 0.533186
4 0.45688 0.558632 0.459632 0.521072 0.440333 0.516577 0.437582 0.554137 0.257223
4 0.391273 0.546421 0.39256 0.519338 0.375576 0.516771 0.374289 0.543853 0.871976
0 0.306309 0.467795 0.308791 0.431526 0.289178 0.427258 0.286697 0.463528 0.788388
4 0.419479 0.704424 0.42094 0.673986 0.403189 0.671275 0.401728 0.701713 0.72827
4 0.398589 0.360256 0.399772 0.330887 0.383685 0.328826 0.382502 0.358195 0.68844
4 0.338368 0.576245 0.340384 0.548343 0.324168 0.544618 0.322153 0.57252 0.671951
4 0.482042 0.636751 0.484325 0.604794 0.466541 0.600754 0.464259 0.632711 0.599011
4 0.296127 0.431996 0.297948 0.407799 0.283312 0.404295 0.281491 0.428492 0.533186
4 0.45688 0.558632 0.459632 0.521072 0.440333 0.516577 0.437582 0.554137 0.257223
