4 0.401607 0.433023 0.402785 0.404022 0.386907 0.40197 0.385729 0.430971 0.931115
4 0.201742 0.392728 0.203565 0.362405 0.185787 0.359006 0.183964 0.389329 0.922423
4 0.303161 0.24481 0.30537 0.213315 0.287706 0.209374 0.285496 0.240869 0.874299
4 0.501272 0.474574 0.502257 0.447425 0.485952 0.445544 0.484967 0.472693 0.86554
4 0.435192 0.304925 0.437447 0.275578 0.421274 0.271624 0.419019 0.300971 0.853558
4 0.337689 0.556784 0.340049 0.522673 0.320501 0.518372 0.318141 0.552483 0.792978
0 0.446333 0.439098 0.447255 0.402816 0.427679 0.401235 0.426757 0.437517 0.62018
4 0.361827 0.841603 0.363372 0.813648 0.347555 0.810869 0.346011 0.838823 0.483632
4 0.168651 0.580257 0.171159 0.548421 0.153276 0.54394 0.150768 0.575776 0.357948
4 0.244225 0.759663 0.246622 0.728142 0.229656 0.72404 0.22726 0.755561 0.349766
1 0.429344 0.458546 0.432295 0.418306 0.411768 0.413519 0.408817 0.45376 0.320765
4 0.401607 0.433023 0.402785 0.404022 0.386907 0.40197 0.385729 0.430971 0.931115
4 0.201742 0.392728 0.203565 0.362405 0.185787 0.359006 0.183964 0.389329 0.922423
4 0.303161 0.24481 0.30537 0.213315 0.287706 0.209374 0.285496 0.240869 0.874299
4 0.501272 0.474574 0.502257 0.447425 0.485952 0.445544 0.484967 0.472693 0.86554
4 0.435192 0.304925 0.437447 0.275578 0.421274 0.271624 0.419019 0.300971 0.853558
4 0.337689 0.556784 0.340049 0.522673 0.320501 0.518372 0.318141 0.552483 0.792978
0 0.446333 0.439098 0.447255 0.402816 0.427679 0.401235 0.426757 0.437517 0.62018
4 0.361827 0.841603 0.363372 0.813648 0.347555 0.810869 0.346011 0.838823 0.483632
4 0.168651 0.580257 0.171159 0.548421 0.153276 0.54394 0.150768 0.575776 0.357948
4 0.244225 0.759663 0.246622 0.728142 0.229656 0.72404 0.22726 0.755561 0.349766
1 0.429344 0.458546 0.432295 0.418306 0.411768 0.413519 0.408817 0.45376 0.320765
