4 0.337335 0.471752 0.339432 0.443151 0.323422 0.439417 0.321325 0.468018 0.903053
4 0.368137 0.564058 0.368565 0.534155 0.352313 0.533414 0.351884 0.563317 0.850344
4 0.358502 0.44688 0.360235 0.418943 0.344696 0.415878 0.342963 0.443815 0.779707
4 0.398557 0.360313 0.3998 0.331188 0.383688 0.329001 0.382444 0.358126 0.679788
4 0.403535 0.566139 0.405962 0.530163 0.386697 0.526031 0.384271 0.562007 0.663613
4 0.380893 0.657466 0.382741 0.625504 0.364554 0.622161 0.362706 0.654123 0.589476
4 0.342422 0.581571 0.343833 0.551751 0.32742 0.54928 0.326009 0.5791 0.476808
4 0.372803 0.648525 0.375317 0.613913 0.358023 0.609919 0.35551 0.64453 0.428975
4 0.337335 0.471752 0.339432 0.443151 0.323422 0.439417 0.321325 0.468018 0.903053
4 0.368137 0.564058 0.368565 0.534155 0.352313 0.533414 0.351884 0.563317 0.850344
4 0.358502 0.44688 0.360235 0.418943 0.344696 0.415878 0.342963 0.443815 0.779707
4 0.398557 0.360313 0.3998 0.331188 0.383688 0.329001 0.382444 0.358126 0.679788
4 0.403535 0.566139 0.405962 0.530163 0.386697 0.526031 0.384271 0.562007 0.663613
4 0.380893 0.657466 0.382741 0.625504 0.364554 0.622161 0.362706 0.654123 0.589476
4 0.342422 0.581571 0.343833 0.551751 0.32742 0.54928 0.326009 0.5791 0.476808
4 0.372803 0.648525 0.375317 0.613913 0.358023 0.609919 0.35551 0.64453 0.428975
