4 0.401493 0.433701 0.402614 0.4044 0.386646 0.402456 0.385524 0.431757 0.931557
4 0.201921 0.392732 0.203761 0.36247 0.185912 0.359019 0.184072 0.389281 0.919899
4 0.303219 0.244256 0.305297 0.213159 0.287773 0.209434 0.285695 0.240531 0.865713
4 0.501197 0.474526 0.502243 0.447338 0.485866 0.445332 0.484819 0.472521 0.858769
4 0.435274 0.304909 0.437438 0.275938 0.421456 0.272142 0.419292 0.301113 0.834815
4 0.337782 0.556804 0.340049 0.522593 0.320461 0.518463 0.318193 0.552674 0.789279
4 0.362046 0.84161 0.363586 0.813517 0.347629 0.810736 0.34609 0.838829 0.462183
4 0.24419 0.759351 0.246391 0.728507 0.229816 0.724746 0.227615 0.75559 0.429957
4 0.168535 0.580217 0.171054 0.54829 0.153144 0.543798 0.150626 0.575724 0.350873
0 0.442871 0.446152 0.4463 0.405445 0.424562 0.399621 0.421133 0.440329 0.289807
4 0.401493 0.433701 0.402614 0.4044 0.386646 0.402456 0.385524 0.431757 0.931557
4 0.201921 0.392732 0.203761 0.36247 0.185912 0.359019 0.184072 0.389281 0.919899
4 0.303219 0.244256 0.305297 0.213159 0.287773 0.209434 0.285695 0.240531 0.865713
4 0.501197 0.474526 0.502243 0.447338 0.485866 0.445332 0.484819 0.472521 0.858769
4 0.435274 0.304909 0.437438 0.275938 0.421456 0.272142 0.419292 0.301113 0.834815
4 0.337782 0.556804 0.340049 0.522593 0.320461 0.518463 0.318193 0.552674 0.789279
4 0.362046 0.84161 0.363586 0.813517 0.347629 0.810736 0.34609 0.838829 0.462183
4 0.24419 0.759351 0.246391 0.728507 0.229816 0.724746 0.227615 0.75559 0.429957
4 0.168535 0.580217 0.171054 0.54829 0.153144 0.543798 0.150626 0.575724 0.350873
0 0.442871 0.446152 0.4463 0.405445 0.424562 0.399621 0.421133 0.440329 0.289807
