4 0.337312 0.471669 0.339482 0.443158 0.323542 0.4393 0.321372 0.467812 0.899475
4 0.367192 0.56387 0.367715 0.536255 0.351216 0.535262 0.350694 0.562878 0.873574
4 0.358414 0.446569 0.360163 0.418691 0.344721 0.415609 0.342972 0.443486 0.799289
4 0.477788 0.623465 0.478977 0.5919 0.461903 0.589855 0.460714 0.621419 0.740411
4 0.398671 0.36036 0.399909 0.330948 0.383773 0.328789 0.382535 0.358201 0.659795
4 0.371331 0.616505 0.374299 0.588629 0.35793 0.583088 0.354962 0.610963 0.545634
4 0.38121 0.659156 0.38365 0.628569 0.367727 0.62453 0.365287 0.655117 0.528024
4 0.484598 0.63565 0.487118 0.606153 0.470029 0.601512 0.46751 0.631008 0.417027
4 0.34293 0.580263 0.343981 0.550381 0.327466 0.548534 0.326415 0.578416 0.399766
0 0.462556 0.630131 0.465884 0.591803 0.445765 0.586247 0.442436 0.624574 0.270013
4 0.337312 0.471669 0.339482 0.443158 0.323542 0.4393 0.321372 0.467812 0.899475
4 0.367192 0.56387 0.367715 0.536255 0.351216 0.535262 0.350694 0.562878 0.873574
4 0.358414 0.446569 0.360163 0.418691 0.344721 0.415609 0.342972 0.443486 0.799289
4 0.477788 0.623465 0.478977 0.5919 0.461903 0.589855 0.460714 0.621419 0.740411
4 0.398671 0.36036 0.399909 0.330948 0.383773 0.328789 0.382535 0.358201 0.659795
4 0.371331 0.616505 0.374299 0.588629 0.35793 0.583088 0.354962 0.610963 0.545634
4 0.38121 0.659156 0.38365 0.628569 0.367727 0.62453 0.365287 0.655117 0.528024
4 0.484598 0.63565 0.487118 0.606153 0.470029 0.601512 0.46751 0.631008 0.417027
4 0.34293 0.580263 0.343981 0.550381 0.327466 0.548534 0.326415 0.578416 0.399766
0 0.462556 0.630131 0.465884 0.591803 0.445765 0.586247 0.442436 0.624574 0.270013
