4 0.201895 0.39277 0.20372 0.362519 0.186029 0.359124 0.184204 0.389375 0.919173
4 0.400955 0.433577 0.402977 0.405393 0.387255 0.401806 0.385233 0.42999 0.882374
4 0.303278 0.245039 0.30552 0.213643 0.287981 0.20966 0.285739 0.241056 0.878707
4 0.501232 0.474448 0.502241 0.447363 0.485788 0.445413 0.484778 0.472497 0.866889
4 0.435232 0.304499 0.437492 0.275741 0.42146 0.271736 0.419201 0.300494 0.829844
4 0.337628 0.557066 0.339993 0.522636 0.320421 0.518361 0.318056 0.55279 0.802312
0 0.44473 0.436879 0.444854 0.401645 0.42566 0.40143 0.425536 0.436664 0.706526
4 0.361929 0.841614 0.36347 0.81352 0.347604 0.810752 0.346063 0.838845 0.478693
4 0.244197 0.759493 0.246473 0.728204 0.22963 0.724308 0.227354 0.755596 0.396755
4 0.168387 0.580291 0.170881 0.548577 0.152715 0.544035 0.150222 0.57575 0.327994
4 0.420228 0.391368 0.422788 0.357976 0.405703 0.35381 0.403143 0.387203 0.282371
4 0.201895 0.39277 0.20372 0.362519 0.186029 0.359124 0.184204 0.389375 0.919173
4 0.400955 0.433577 0.402977 0.405393 0.387255 0.401806 0.385233 0.42999 0.882374
4 0.303278 0.245039 0.30552 0.213643 0.287981 0.20966 0.285739 0.241056 0.878707
4 0.501232 0.474448 0.502241 0.447363 0.485788 0.445413 0.484778 0.472497 0.866889
4 0.435232 0.304499 0.437492 0.275741 0.42146 0.271736 0.419201 0.300494 0.829844
4 0.337628 0.557066 0.339993 0.522636 0.320421 0.518361 0.318056 0.55279 0.802312
0 0.44473 0.436879 0.444854 0.401645 0.42566 0.40143 0.425536 0.436664 0.706526
4 0.361929 0.841614 0.36347 0.81352 0.347604 0.810752 0.346063 0.838845 0.478693
4 0.244197 0.759493 0.246473 0.728204 0.22963 0.724308 0.227354 0.755596 0.396755
4 0.168387 0.580291 0.170881 0.548577 0.152715 0.544035 0.150222 0.57575 0.327994
4 0.420228 0.391368 0.422788 0.357976 0.405703 0.35381 0.403143 0.387203 0.282371
