4 0.366828 0.565126 0.367585 0.536865 0.35094 0.535446 0.350182 0.563707 0.938178
4 0.337187 0.471599 0.339168 0.4433 0.323341 0.439777 0.32136 0.468076 0.896607
4 0.35847 0.446524 0.360103 0.419162 0.34477 0.416252 0.343137 0.443614 0.771315
4 0.398516 0.360385 0.39982 0.330794 0.383631 0.328527 0.382328 0.358118 0.654902
4 0.477709 0.63044 0.479114 0.596115 0.4618 0.593861 0.460395 0.628186 0.579917
4 0.342661 0.581121 0.343884 0.551191 0.327234 0.549029 0.326012 0.578959 0.569813
0 0.455624 0.625598 0.459416 0.587173 0.438434 0.580588 0.434642 0.619012 0.519619
4 0.366828 0.565126 0.367585 0.536865 0.35094 0.535446 0.350182 0.563707 0.938178
4 0.337187 0.471599 0.339168 0.4433 0.323341 0.439777 0.32136 0.468076 0.896607
4 0.35847 0.446524 0.360103 0.419162 0.34477 0.416252 0.343137 0.443614 0.771315
4 0.398516 0.360385 0.39982 0.330794 0.383631 0.328527 0.382328 0.358118 0.654902
4 0.477709 0.63044 0.479114 0.596115 0.4618 0.593861 0.460395 0.628186 0.579917
4 0.342661 0.581121 0.343884 0.551191 0.327234 0.549029 0.326012 0.578959 0.569813
0 0.455624 0.625598 0.459416 0.587173 0.438434 0.580588 0.434642 0.619012 0.519619
