4 0.391486 0.546253 0.392771 0.519046 0.375821 0.5165 0.374536 0.543707 0.876466
0 0.253283 0.343992 0.255708 0.302886 0.23367 0.298751 0.231245 0.339857 0.779758
4 0.338432 0.575629 0.340204 0.547809 0.324111 0.544548 0.322338 0.572368 0.700412
4 0.398662 0.36038 0.399884 0.330881 0.383884 0.328772 0.382662 0.358272 0.685757
4 0.419361 0.704167 0.420901 0.673542 0.40313 0.670699 0.401589 0.701324 0.668402
4 0.481925 0.637137 0.484444 0.604564 0.466576 0.600169 0.464056 0.632742 0.515495
4 0.24142 0.310713 0.244223 0.282679 0.227926 0.277496 0.225122 0.30553 0.437025
4 0.391486 0.546253 0.392771 0.519046 0.375821 0.5165 0.374536 0.543707 0.876466
0 0.253283 0.343992 0.255708 0.302886 0.23367 0.298751 0.231245 0.339857 0.779758
4 0.338432 0.575629 0.340204 0.547809 0.324111 0.544548 0.322338 0.572368 0.700412
4 0.398662 0.36038 0.399884 0.330881 0.383884 0.328772 0.382662 0.358272 0.685757
4 0.419361 0.704167 0.420901 0.673542 0.40313 0.670699 0.401589 0.701324 0.668402
4 0.481925 0.637137 0.484444 0.604564 0.466576 0.600169 0.464056 0.632742 0.515495
4 0.24142 0.310713 0.244223 0.282679 0.227926 0.277496 0.225122 0.30553 0.437025
