4 0.201615 0.392596 0.203498 0.362215 0.185669 0.358701 0.183786 0.389083 0.916365
4 0.501356 0.474551 0.502343 0.447318 0.485826 0.445414 0.484839 0.472647 0.869993
4 0.303054 0.244941 0.305251 0.213364 0.287821 0.209507 0.285624 0.241083 0.86983
4 0.435283 0.304801 0.437428 0.275784 0.421488 0.272038 0.419343 0.301055 0.843282
4 0.402312 0.432747 0.403236 0.403911 0.387402 0.402296 0.386477 0.431132 0.820456
4 0.337507 0.55704 0.339981 0.522676 0.320429 0.518199 0.317955 0.552564 0.789955
0 0.448675 0.448193 0.451408 0.413221 0.432503 0.408521 0.429769 0.443494 0.701733
4 0.361921 0.841694 0.363594 0.813584 0.347699 0.810577 0.346027 0.838687 0.491488
4 0.244369 0.759632 0.246665 0.728374 0.229857 0.724446 0.22756 0.755703 0.380542
4 0.168542 0.580382 0.171274 0.548167 0.153148 0.543279 0.150416 0.575493 0.364715
4 0.0930198 0.354404 0.0974788 0.322739 0.0763542 0.313278 0.0718951 0.344944 0.266807
4 0.201615 0.392596 0.203498 0.362215 0.185669 0.358701 0.183786 0.389083 0.916365
4 0.501356 0.474551 0.502343 0.447318 0.485826 0.445414 0.484839 0.472647 0.869993
4 0.303054 0.244941 0.305251 0.213364 0.287821 0.209507 0.285624 0.241083 0.86983
4 0.435283 0.304801 0.437428 0.275784 0.421488 0.272038 0.419343 0.301055 0.843282
4 0.402312 0.432747 0.403236 0.403911 0.387402 0.402296 0.386477 0.431132 0.820456
4 0.337507 0.55704 0.339981 0.522676 0.320429 0.518199 0.317955 0.552564 0.789955
0 0.448675 0.448193 0.451408 0.413221 0.432503 0.408521 0.429769 0.443494 0.701733
4 0.361921 0.841694 0.363594 0.813584 0.347699 0.810577 0.346027 0.838687 0.491488
4 0.244369 0.759632 0.246665 0.728374 0.229857 0.724446 0.22756 0.755703 0.380542
4 0.168542 0.580382 0.171274 0.548167 0.153148 0.543279 0.150416 0.575493 0.364715
4 0.0930198 0.354404 0.0974788 0.322739 0.0763542 0.313278 0.0718951 0.344944 0.266807
