4 0.201715 0.392734 0.203598 0.362709 0.185874 0.359174 0.183991 0.389199 0.923491
4 0.303268 0.244791 0.305472 0.213214 0.287901 0.209314 0.285697 0.24089 0.873132
4 0.501155 0.474395 0.502143 0.447637 0.486103 0.445754 0.485115 0.472511 0.858652
4 0.435083 0.304745 0.437245 0.275579 0.421297 0.27182 0.419135 0.300986 0.854531
4 0.430975 0.609128 0.432011 0.581119 0.414902 0.579106 0.413866 0.607115 0.622349
4 0.442307 0.70938 0.444919 0.679659 0.42448 0.673947 0.421868 0.703668 0.593886
4 0.36194 0.841613 0.363552 0.813501 0.34769 0.810609 0.346078 0.83872 0.454651
4 0.244123 0.759502 0.246466 0.728311 0.229692 0.724304 0.227349 0.755495 0.37791
4 0.168619 0.580539 0.171182 0.548434 0.153076 0.543836 0.150513 0.575942 0.377627
4 0.201715 0.392734 0.203598 0.362709 0.185874 0.359174 0.183991 0.389199 0.923491
4 0.303268 0.244791 0.305472 0.213214 0.287901 0.209314 0.285697 0.24089 0.873132
4 0.501155 0.474395 0.502143 0.447637 0.486103 0.445754 0.485115 0.472511 0.858652
4 0.435083 0.304745 0.437245 0.275579 0.421297 0.27182 0.419135 0.300986 0.854531
4 0.430975 0.609128 0.432011 0.581119 0.414902 0.579106 0.413866 0.607115 0.622349
4 0.442307 0.70938 0.444919 0.679659 0.42448 0.673947 0.421868 0.703668 0.593886
4 0.36194 0.841613 0.363552 0.813501 0.34769 0.810609 0.346078 0.83872 0.454651
4 0.244123 0.759502 0.246466 0.728311 0.229692 0.724304 0.227349 0.755495 0.37791
4 0.168619 0.580539 0.171182 0.548434 0.153076 0.543836 0.150513 0.575942 0.377627
