4 0.401585 0.433609 0.404122 0.405513 0.387569 0.40076 0.385032 0.428855 0.920598
4 0.201742 0.392813 0.203565 0.362648 0.185975 0.359268 0.184153 0.389433 0.917937
4 0.501345 0.474464 0.502355 0.447421 0.485907 0.445469 0.484898 0.472511 0.880039
4 0.30317 0.245016 0.305357 0.213588 0.287879 0.209721 0.285692 0.241149 0.872904
4 0.435145 0.304697 0.437356 0.27591 0.42137 0.272005 0.419159 0.300792 0.848606
4 0.337713 0.556842 0.33998 0.522694 0.320435 0.518567 0.318167 0.552715 0.80131
0 0.44797 0.449688 0.450538 0.41336 0.431272 0.40903 0.428705 0.445359 0.70217
4 0.361954 0.841676 0.36356 0.813268 0.34743 0.810366 0.345823 0.838774 0.50508
4 0.168591 0.580325 0.171093 0.548356 0.15303 0.543861 0.150528 0.575831 0.355027
4 0.244064 0.759482 0.246485 0.728356 0.229819 0.724233 0.227398 0.755359 0.335457
4 0.401585 0.433609 0.404122 0.405513 0.387569 0.40076 0.385032 0.428855 0.920598
4 0.201742 0.392813 0.203565 0.362648 0.185975 0.359268 0.184153 0.389433 0.917937
4 0.501345 0.474464 0.502355 0.447421 0.485907 0.445469 0.484898 0.472511 0.880039
4 0.30317 0.245016 0.305357 0.213588 0.287879 0.209721 0.285692 0.241149 0.872904
4 0.435145 0.304697 0.437356 0.27591 0.42137 0.272005 0.419159 0.300792 0.848606
4 0.337713 0.556842 0.33998 0.522694 0.320435 0.518567 0.318167 0.552715 0.80131
0 0.44797 0.449688 0.450538 0.41336 0.431272 0.40903 0.428705 0.445359 0.70217
4 0.361954 0.841676 0.36356 0.813268 0.34743 0.810366 0.345823 0.838774 0.50508
4 0.168591 0.580325 0.171093 0.548356 0.15303 0.543861 0.150528 0.575831 0.355027
4 0.244064 0.759482 0.246485 0.728356 0.229819 0.724233 0.227398 0.755359 0.335457
