4 0.391268 0.546245 0.392534 0.519187 0.375637 0.516672 0.374371 0.54373 0.876654
0 0.295311 0.439336 0.296214 0.403018 0.276736 0.401479 0.275834 0.437797 0.826958
4 0.419317 0.704283 0.420827 0.674066 0.403164 0.671261 0.401655 0.701477 0.717331
4 0.338477 0.576004 0.340325 0.547713 0.324081 0.544338 0.322233 0.572628 0.684687
4 0.398563 0.360203 0.399766 0.330647 0.38371 0.328569 0.382507 0.358125 0.63026
4 0.482072 0.636669 0.484297 0.604887 0.466694 0.600968 0.464469 0.63275 0.564049
4 0.285693 0.41603 0.288294 0.385391 0.271964 0.380982 0.269363 0.411621 0.40885
4 0.456734 0.558594 0.459486 0.521389 0.440061 0.516819 0.437309 0.554024 0.317903
4 0.391268 0.546245 0.392534 0.519187 0.375637 0.516672 0.374371 0.54373 0.876654
0 0.295311 0.439336 0.296214 0.403018 0.276736 0.401479 0.275834 0.437797 0.826958
4 0.419317 0.704283 0.420827 0.674066 0.403164 0.671261 0.401655 0.701477 0.717331
4 0.338477 0.576004 0.340325 0.547713 0.324081 0.544338 0.322233 0.572628 0.684687
4 0.398563 0.360203 0.399766 0.330647 0.38371 0.328569 0.382507 0.358125 0.63026
4 0.482072 0.636669 0.484297 0.604887 0.466694 0.600968 0.464469 0.63275 0.564049
4 0.285693 0.41603 0.288294 0.385391 0.271964 0.380982 0.269363 0.411621 0.40885
4 0.456734 0.558594 0.459486 0.521389 0.440061 0.516819 0.437309 0.554024 0.317903
