0 0.332093 0.50645 0.335881 0.468694 0.312658 0.461283 0.308869 0.49904 0.892082
4 0.358414 0.446757 0.360217 0.41933 0.344908 0.416128 0.343105 0.443555 0.795406
4 0.398666 0.360727 0.399906 0.331779 0.383819 0.329587 0.382579 0.358535 0.756538
4 0.373784 0.647907 0.375998 0.614107 0.358355 0.610432 0.356142 0.644232 0.581665
4 0.340993 0.586817 0.345598 0.554322 0.326526 0.545726 0.321921 0.578221 0.574316
4 0.339007 0.47434 0.340197 0.443137 0.322914 0.441041 0.321724 0.472245 0.511796
4 0.356401 0.541784 0.358741 0.503174 0.339897 0.499542 0.337557 0.538151 0.34563
0 0.332093 0.50645 0.335881 0.468694 0.312658 0.461283 0.308869 0.49904 0.892082
4 0.358414 0.446757 0.360217 0.41933 0.344908 0.416128 0.343105 0.443555 0.795406
4 0.398666 0.360727 0.399906 0.331779 0.383819 0.329587 0.382579 0.358535 0.756538
4 0.373784 0.647907 0.375998 0.614107 0.358355 0.610432 0.356142 0.644232 0.581665
4 0.340993 0.586817 0.345598 0.554322 0.326526 0.545726 0.321921 0.578221 0.574316
4 0.339007 0.47434 0.340197 0.443137 0.322914 0.441041 0.321724 0.472245 0.511796
4 0.356401 0.541784 0.358741 0.503174 0.339897 0.499542 0.337557 0.538151 0.34563
