0 0.251954 0.334032 0.253731 0.297186 0.232024 0.293856 0.230246 0.330702 0.912934
4 0.391312 0.546469 0.392627 0.519432 0.375731 0.516819 0.374416 0.543856 0.87498
4 0.419537 0.704162 0.421009 0.67387 0.403334 0.671138 0.401861 0.701429 0.694095
4 0.398766 0.360673 0.40002 0.331048 0.383776 0.32886 0.382521 0.358485 0.688326
4 0.338456 0.575705 0.340313 0.547659 0.324149 0.544256 0.322293 0.572301 0.685827
4 0.482039 0.637147 0.484668 0.604863 0.466746 0.60022 0.464116 0.632504 0.568664
4 0.243215 0.305816 0.245705 0.276512 0.227378 0.271559 0.224888 0.300863 0.542121
0 0.251954 0.334032 0.253731 0.297186 0.232024 0.293856 0.230246 0.330702 0.912934
4 0.391312 0.546469 0.392627 0.519432 0.375731 0.516819 0.374416 0.543856 0.87498
4 0.419537 0.704162 0.421009 0.67387 0.403334 0.671138 0.401861 0.701429 0.694095
4 0.398766 0.360673 0.40002 0.331048 0.383776 0.32886 0.382521 0.358485 0.688326
4 0.338456 0.575705 0.340313 0.547659 0.324149 0.544256 0.322293 0.572301 0.685827
4 0.482039 0.637147 0.484668 0.604863 0.466746 0.60022 0.464116 0.632504 0.568664
4 0.243215 0.305816 0.245705 0.276512 0.227378 0.271559 0.224888 0.300863 0.542121
