4 0.361324 0.498284 0.362801 0.469759 0.346406 0.46706 0.344929 0.495585 0.938624
0 0.40128 0.663609 0.405605 0.621805 0.386721 0.615591 0.382395 0.657395 0.658974
4 0.425478 0.682481 0.427561 0.654423 0.410257 0.650337 0.408174 0.678396 0.602306
4 0.330942 0.498352 0.333307 0.457963 0.310444 0.453707 0.30808 0.494097 0.500126
4 0.417106 0.589212 0.419914 0.550613 0.400044 0.546014 0.397235 0.584614 0.370776
4 0.341215 0.585288 0.344667 0.553843 0.327523 0.547858 0.324071 0.579302 0.329906
4 0.336298 0.474432 0.337404 0.444461 0.320784 0.44251 0.319678 0.472481 0.326819
4 0.361324 0.498284 0.362801 0.469759 0.346406 0.46706 0.344929 0.495585 0.938624
0 0.40128 0.663609 0.405605 0.621805 0.386721 0.615591 0.382395 0.657395 0.658974
4 0.425478 0.682481 0.427561 0.654423 0.410257 0.650337 0.408174 0.678396 0.602306
4 0.330942 0.498352 0.333307 0.457963 0.310444 0.453707 0.30808 0.494097 0.500126
4 0.417106 0.589212 0.419914 0.550613 0.400044 0.546014 0.397235 0.584614 0.370776
4 0.341215 0.585288 0.344667 0.553843 0.327523 0.547858 0.324071 0.579302 0.329906
4 0.336298 0.474432 0.337404 0.444461 0.320784 0.44251 0.319678 0.472481 0.326819
