4 0.201881 0.392831 0.203751 0.362555 0.185871 0.359043 0.184001 0.389319 0.924544
4 0.303154 0.244758 0.305314 0.213384 0.287891 0.209569 0.285731 0.240944 0.868836
4 0.501064 0.474529 0.502059 0.447499 0.485816 0.445599 0.484822 0.472629 0.849883
4 0.435105 0.304773 0.437215 0.275928 0.421317 0.272229 0.419207 0.301074 0.847355
4 0.439217 0.708419 0.441185 0.678878 0.423613 0.675154 0.421644 0.704695 0.725095
0 0.422373 0.682491 0.42609 0.644464 0.406699 0.638436 0.402982 0.676463 0.681061
4 0.430086 0.609337 0.43097 0.580968 0.414584 0.579344 0.4137 0.607713 0.604958
4 0.362029 0.841583 0.363672 0.813564 0.347839 0.810613 0.346196 0.838632 0.469113
4 0.24418 0.75959 0.246552 0.728077 0.229589 0.724017 0.227217 0.75553 0.4082
4 0.168584 0.58042 0.171104 0.548501 0.153169 0.543997 0.150649 0.575916 0.35129
4 0.442599 0.639175 0.44454 0.607816 0.428012 0.604562 0.42607 0.635922 0.266553
4 0.201881 0.392831 0.203751 0.362555 0.185871 0.359043 0.184001 0.389319 0.924544
4 0.303154 0.244758 0.305314 0.213384 0.287891 0.209569 0.285731 0.240944 0.868836
4 0.501064 0.474529 0.502059 0.447499 0.485816 0.445599 0.484822 0.472629 0.849883
4 0.435105 0.304773 0.437215 0.275928 0.421317 0.272229 0.419207 0.301074 0.847355
4 0.439217 0.708419 0.441185 0.678878 0.423613 0.675154 0.421644 0.704695 0.725095
0 0.422373 0.682491 0.42609 0.644464 0.406699 0.638436 0.402982 0.676463 0.681061
4 0.430086 0.609337 0.43097 0.580968 0.414584 0.579344 0.4137 0.607713 0.604958
4 0.362029 0.841583 0.363672 0.813564 0.347839 0.810613 0.346196 0.838632 0.469113
4 0.24418 0.75959 0.246552 0.728077 0.229589 0.724017 0.227217 0.75553 0.4082
4 0.168584 0.58042 0.171104 0.548501 0.153169 0.543997 0.150649 0.575916 0.35129
4 0.442599 0.639175 0.44454 0.607816 0.428012 0.604562 0.42607 0.635922 0.266553
