4 0.201777 0.392669 0.203569 0.36236 0.18575 0.35901 0.183958 0.389319 0.926055
4 0.401193 0.433447 0.4035 0.405553 0.387321 0.401298 0.385014 0.429192 0.90292
4 0.3031 0.245069 0.305357 0.213276 0.287687 0.209286 0.28543 0.241079 0.86877
4 0.501321 0.474544 0.502289 0.447366 0.485844 0.445504 0.484876 0.472682 0.866665
4 0.43523 0.304613 0.437394 0.275814 0.421488 0.272012 0.419323 0.300811 0.841139
4 0.337661 0.556905 0.339995 0.522789 0.320425 0.518533 0.318091 0.552648 0.807994
0 0.447881 0.449443 0.450446 0.413288 0.431079 0.408919 0.428514 0.445075 0.717004
4 0.361984 0.841651 0.363542 0.813468 0.347587 0.810661 0.346029 0.838845 0.47656
4 0.416515 0.399168 0.41958 0.364431 0.400711 0.359138 0.397647 0.393875 0.409036
4 0.244184 0.759344 0.246476 0.728242 0.229839 0.724343 0.227547 0.755444 0.385175
4 0.168534 0.580276 0.171113 0.548269 0.153042 0.543639 0.150463 0.575646 0.343172
4 0.201777 0.392669 0.203569 0.36236 0.18575 0.35901 0.183958 0.389319 0.926055
4 0.401193 0.433447 0.4035 0.405553 0.387321 0.401298 0.385014 0.429192 0.90292
4 0.3031 0.245069 0.305357 0.213276 0.287687 0.209286 0.28543 0.241079 0.86877
4 0.501321 0.474544 0.502289 0.447366 0.485844 0.445504 0.484876 0.472682 0.866665
4 0.43523 0.304613 0.437394 0.275814 0.421488 0.272012 0.419323 0.300811 0.841139
4 0.337661 0.556905 0.339995 0.522789 0.320425 0.518533 0.318091 0.552648 0.807994
0 0.447881 0.449443 0.450446 0.413288 0.431079 0.408919 0.428514 0.445075 0.717004
4 0.361984 0.841651 0.363542 0.813468 0.347587 0.810661 0.346029 0.838845 0.47656
4 0.416515 0.399168 0.41958 0.364431 0.400711 0.359138 0.397647 0.393875 0.409036
4 0.244184 0.759344 0.246476 0.728242 0.229839 0.724343 0.227547 0.755444 0.385175
4 0.168534 0.580276 0.171113 0.548269 0.153042 0.543639 0.150463 0.575646 0.343172
