4 0.201708 0.392587 0.203512 0.362397 0.185875 0.359046 0.184071 0.389236 0.921351
4 0.401416 0.433416 0.403709 0.405236 0.387254 0.400977 0.384961 0.429157 0.887047
4 0.501328 0.474493 0.502302 0.447353 0.485789 0.445468 0.484815 0.472608 0.873549
4 0.303176 0.245111 0.305392 0.213268 0.287739 0.209361 0.285523 0.241204 0.873166
4 0.435139 0.304484 0.437239 0.275953 0.421341 0.272232 0.419242 0.300763 0.831814
4 0.337614 0.556854 0.339944 0.52282 0.320423 0.518569 0.318093 0.552603 0.79999
0 0.447931 0.449409 0.450523 0.413409 0.431122 0.408966 0.428529 0.444966 0.718078
4 0.362149 0.841577 0.363601 0.813333 0.347635 0.810721 0.346183 0.838965 0.49609
4 0.417116 0.396679 0.420261 0.361491 0.401125 0.356051 0.39798 0.391239 0.41725
4 0.244114 0.759411 0.246473 0.728254 0.229762 0.72423 0.227403 0.755387 0.397763
4 0.168566 0.580371 0.171152 0.548346 0.153062 0.543702 0.150477 0.575727 0.338867
4 0.201708 0.392587 0.203512 0.362397 0.185875 0.359046 0.184071 0.389236 0.921351
4 0.401416 0.433416 0.403709 0.405236 0.387254 0.400977 0.384961 0.429157 0.887047
4 0.501328 0.474493 0.502302 0.447353 0.485789 0.445468 0.484815 0.472608 0.873549
4 0.303176 0.245111 0.305392 0.213268 0.287739 0.209361 0.285523 0.241204 0.873166
4 0.435139 0.304484 0.437239 0.275953 0.421341 0.272232 0.419242 0.300763 0.831814
4 0.337614 0.556854 0.339944 0.52282 0.320423 0.518569 0.318093 0.552603 0.79999
0 0.447931 0.449409 0.450523 0.413409 0.431122 0.408966 0.428529 0.444966 0.718078
4 0.362149 0.841577 0.363601 0.813333 0.347635 0.810721 0.346183 0.838965 0.49609
4 0.417116 0.396679 0.420261 0.361491 0.401125 0.356051 0.39798 0.391239 0.41725
4 0.244114 0.759411 0.246473 0.728254 0.229762 0.72423 0.227403 0.755387 0.397763
4 0.168566 0.580371 0.171152 0.548346 0.153062 0.543702 0.150477 0.575727 0.338867
