4 0.201728 0.392645 0.203587 0.362425 0.185844 0.358955 0.183986 0.389176 0.933223
4 0.402842 0.433935 0.40542 0.404914 0.388189 0.400045 0.38561 0.429067 0.924632
4 0.501324 0.474155 0.502249 0.44738 0.485994 0.445594 0.485069 0.472369 0.876402
4 0.303231 0.244727 0.305474 0.213111 0.287732 0.209107 0.285488 0.240723 0.872347
4 0.435308 0.304709 0.437513 0.275719 0.421454 0.271834 0.419249 0.300824 0.841031
4 0.337818 0.556745 0.340099 0.522517 0.320425 0.518346 0.318144 0.552574 0.802396
0 0.447455 0.441795 0.44879 0.406587 0.430156 0.40434 0.428821 0.439548 0.706663
4 0.361992 0.84152 0.363535 0.813504 0.347693 0.810729 0.34615 0.838745 0.472794
4 0.244158 0.759326 0.246473 0.728225 0.22968 0.724251 0.227365 0.755352 0.433129
4 0.168924 0.583038 0.171296 0.550718 0.154171 0.546722 0.151799 0.579042 0.383075
4 0.415068 0.41978 0.418147 0.382569 0.396894 0.376976 0.393815 0.414187 0.258062
4 0.201728 0.392645 0.203587 0.362425 0.185844 0.358955 0.183986 0.389176 0.933223
4 0.402842 0.433935 0.40542 0.404914 0.388189 0.400045 0.38561 0.429067 0.924632
4 0.501324 0.474155 0.502249 0.44738 0.485994 0.445594 0.485069 0.472369 0.876402
4 0.303231 0.244727 0.305474 0.213111 0.287732 0.209107 0.285488 0.240723 0.872347
4 0.435308 0.304709 0.437513 0.275719 0.421454 0.271834 0.419249 0.300824 0.841031
4 0.337818 0.556745 0.340099 0.522517 0.320425 0.518346 0.318144 0.552574 0.802396
0 0.447455 0.441795 0.44879 0.406587 0.430156 0.40434 0.428821 0.439548 0.706663
4 0.361992 0.84152 0.363535 0.813504 0.347693 0.810729 0.34615 0.838745 0.472794
4 0.244158 0.759326 0.246473 0.728225 0.22968 0.724251 0.227365 0.755352 0.433129
4 0.168924 0.583038 0.171296 0.550718 0.154171 0.546722 0.151799 0.579042 0.383075
4 0.415068 0.41978 0.418147 0.382569 0.396894 0.376976 0.393815 0.414187 0.258062
