4 0.201916 0.392585 0.203762 0.362582 0.186032 0.359113 0.184186 0.389116 0.927998
4 0.303245 0.244485 0.305225 0.213209 0.287873 0.209716 0.285893 0.240992 0.8806
4 0.501274 0.474404 0.502242 0.447618 0.486081 0.445761 0.485113 0.472547 0.860881
4 0.435118 0.304819 0.43729 0.275957 0.421278 0.272126 0.419107 0.300988 0.836938
4 0.439763 0.707981 0.441615 0.678598 0.423772 0.67502 0.421919 0.704403 0.706461
4 0.430332 0.609764 0.431341 0.581941 0.415017 0.580057 0.414008 0.607881 0.62765
4 0.361966 0.841519 0.363525 0.813605 0.347836 0.810819 0.346277 0.838733 0.466461
4 0.244256 0.759469 0.24656 0.728112 0.229592 0.724146 0.227288 0.755503 0.4226
4 0.168682 0.580335 0.171221 0.548549 0.153329 0.544003 0.150789 0.575788 0.355499
4 0.201916 0.392585 0.203762 0.362582 0.186032 0.359113 0.184186 0.389116 0.927998
4 0.303245 0.244485 0.305225 0.213209 0.287873 0.209716 0.285893 0.240992 0.8806
4 0.501274 0.474404 0.502242 0.447618 0.486081 0.445761 0.485113 0.472547 0.860881
4 0.435118 0.304819 0.43729 0.275957 0.421278 0.272126 0.419107 0.300988 0.836938
4 0.439763 0.707981 0.441615 0.678598 0.423772 0.67502 0.421919 0.704403 0.706461
4 0.430332 0.609764 0.431341 0.581941 0.415017 0.580057 0.414008 0.607881 0.62765
4 0.361966 0.841519 0.363525 0.813605 0.347836 0.810819 0.346277 0.838733 0.466461
4 0.244256 0.759469 0.24656 0.728112 0.229592 0.724146 0.227288 0.755503 0.4226
4 0.168682 0.580335 0.171221 0.548549 0.153329 0.544003 0.150789 0.575788 0.355499
