4 0.201641 0.392628 0.20353 0.362503 0.185806 0.358968 0.183917 0.389093 0.926239
4 0.3032 0.244567 0.305248 0.213145 0.287928 0.209555 0.28588 0.240977 0.874893
4 0.501088 0.474397 0.502076 0.447514 0.485925 0.445625 0.484937 0.472508 0.852999
4 0.435113 0.304797 0.43725 0.275714 0.421264 0.271978 0.419127 0.301062 0.84787
4 0.430744 0.609179 0.431813 0.581288 0.414748 0.579208 0.413679 0.607099 0.650519
4 0.36191 0.84153 0.363454 0.813644 0.347656 0.810863 0.346112 0.838748 0.461088
4 0.244084 0.75948 0.246445 0.728233 0.229714 0.724214 0.227354 0.755461 0.372152
4 0.443114 0.711133 0.445451 0.68185 0.426733 0.677098 0.424396 0.70638 0.368912
4 0.168531 0.580604 0.171232 0.548318 0.153049 0.54348 0.150348 0.575767 0.35614
0 0.426588 0.689528 0.431603 0.654653 0.411719 0.645558 0.406703 0.680433 0.345557
4 0.14034 0.214797 0.142127 0.184596 0.122866 0.180971 0.121079 0.211173 0.30464
4 0.201641 0.392628 0.20353 0.362503 0.185806 0.358968 0.183917 0.389093 0.926239
4 0.3032 0.244567 0.305248 0.213145 0.287928 0.209555 0.28588 0.240977 0.874893
4 0.501088 0.474397 0.502076 0.447514 0.485925 0.445625 0.484937 0.472508 0.852999
4 0.435113 0.304797 0.43725 0.275714 0.421264 0.271978 0.419127 0.301062 0.84787
4 0.430744 0.609179 0.431813 0.581288 0.414748 0.579208 0.413679 0.607099 0.650519
4 0.36191 0.84153 0.363454 0.813644 0.347656 0.810863 0.346112 0.838748 0.461088
4 0.244084 0.75948 0.246445 0.728233 0.229714 0.724214 0.227354 0.755461 0.372152
4 0.443114 0.711133 0.445451 0.68185 0.426733 0.677098 0.424396 0.70638 0.368912
4 0.168531 0.580604 0.171232 0.548318 0.153049 0.54348 0.150348 0.575767 0.35614
0 0.426588 0.689528 0.431603 0.654653 0.411719 0.645558 0.406703 0.680433 0.345557
4 0.14034 0.214797 0.142127 0.184596 0.122866 0.180971 0.121079 0.211173 0.30464
