4 0.337248 0.471637 0.339316 0.443046 0.323371 0.439378 0.321302 0.467968 0.904587
4 0.368321 0.565362 0.368674 0.535499 0.352236 0.534881 0.351883 0.564744 0.871973
4 0.358505 0.446759 0.360205 0.419016 0.344747 0.416004 0.343047 0.443747 0.777549
4 0.398486 0.360444 0.399784 0.331205 0.383668 0.32893 0.38237 0.35817 0.645926
4 0.380851 0.657587 0.382654 0.625791 0.364558 0.622528 0.362755 0.654324 0.580512
4 0.372739 0.64885 0.375348 0.613846 0.357977 0.609729 0.355369 0.644733 0.495455
4 0.342412 0.581454 0.343829 0.551761 0.327463 0.549276 0.326046 0.578969 0.466222
0 0.387305 0.568495 0.390964 0.525196 0.369995 0.519562 0.366337 0.562861 0.418204
4 0.41154 0.575876 0.415073 0.54354 0.395638 0.536786 0.392104 0.569122 0.418094
4 0.337248 0.471637 0.339316 0.443046 0.323371 0.439378 0.321302 0.467968 0.904587
4 0.368321 0.565362 0.368674 0.535499 0.352236 0.534881 0.351883 0.564744 0.871973
4 0.358505 0.446759 0.360205 0.419016 0.344747 0.416004 0.343047 0.443747 0.777549
4 0.398486 0.360444 0.399784 0.331205 0.383668 0.32893 0.38237 0.35817 0.645926
4 0.380851 0.657587 0.382654 0.625791 0.364558 0.622528 0.362755 0.654324 0.580512
4 0.372739 0.64885 0.375348 0.613846 0.357977 0.609729 0.355369 0.644733 0.495455
4 0.342412 0.581454 0.343829 0.551761 0.327463 0.549276 0.326046 0.578969 0.466222
0 0.387305 0.568495 0.390964 0.525196 0.369995 0.519562 0.366337 0.562861 0.418204
4 0.41154 0.575876 0.415073 0.54354 0.395638 0.536786 0.392104 0.569122 0.418094
