4 0.201948 0.392758 0.203827 0.362541 0.185972 0.35901 0.184093 0.389227 0.922492
4 0.501213 0.474595 0.502213 0.447587 0.485795 0.445654 0.484795 0.472661 0.883921
4 0.303245 0.24513 0.305456 0.213204 0.287824 0.20932 0.285613 0.241247 0.874911
4 0.401202 0.433128 0.403219 0.404726 0.38713 0.401091 0.385112 0.429493 0.862328
4 0.435224 0.304444 0.437399 0.275818 0.42144 0.27196 0.419264 0.300587 0.825335
4 0.33785 0.556783 0.339952 0.522621 0.320351 0.518786 0.31825 0.552949 0.786225
0 0.444767 0.45519 0.447782 0.41789 0.428637 0.412968 0.425622 0.450267 0.578115
4 0.361972 0.841312 0.363351 0.813433 0.34755 0.810947 0.346171 0.838826 0.456164
4 0.168414 0.580422 0.171004 0.548114 0.152954 0.543513 0.150364 0.575822 0.361038
4 0.244142 0.75973 0.246516 0.72809 0.229654 0.724068 0.227281 0.755707 0.334892
4 0.201948 0.392758 0.203827 0.362541 0.185972 0.35901 0.184093 0.389227 0.922492
4 0.501213 0.474595 0.502213 0.447587 0.485795 0.445654 0.484795 0.472661 0.883921
4 0.303245 0.24513 0.305456 0.213204 0.287824 0.20932 0.285613 0.241247 0.874911
4 0.401202 0.433128 0.403219 0.404726 0.38713 0.401091 0.385112 0.429493 0.862328
4 0.435224 0.304444 0.437399 0.275818 0.42144 0.27196 0.419264 0.300587 0.825335
4 0.33785 0.556783 0.339952 0.522621 0.320351 0.518786 0.31825 0.552949 0.786225
0 0.444767 0.45519 0.447782 0.41789 0.428637 0.412968 0.425622 0.450267 0.578115
4 0.361972 0.841312 0.363351 0.813433 0.34755 0.810947 0.346171 0.838826 0.456164
4 0.168414 0.580422 0.171004 0.548114 0.152954 0.543513 0.150364 0.575822 0.361038
4 0.244142 0.75973 0.246516 0.72809 0.229654 0.724068 0.227281 0.755707 0.334892
