0 0.250557 0.333529 0.252419 0.296963 0.230335 0.293388 0.228473 0.329954 0.928845
4 0.391313 0.546468 0.392601 0.519273 0.375693 0.516727 0.374406 0.543922 0.87719
4 0.419481 0.704012 0.420933 0.673701 0.403186 0.670997 0.401734 0.701308 0.710799
4 0.338509 0.575694 0.340362 0.547604 0.324133 0.544198 0.322279 0.572288 0.692732
4 0.398771 0.360663 0.399985 0.33105 0.38375 0.328934 0.382537 0.358547 0.687705
4 0.481958 0.63703 0.484551 0.604698 0.466602 0.600118 0.464009 0.63245 0.571865
4 0.243101 0.306215 0.245727 0.275736 0.228038 0.270888 0.225412 0.301368 0.496492
0 0.250557 0.333529 0.252419 0.296963 0.230335 0.293388 0.228473 0.329954 0.928845
4 0.391313 0.546468 0.392601 0.519273 0.375693 0.516727 0.374406 0.543922 0.87719
4 0.419481 0.704012 0.420933 0.673701 0.403186 0.670997 0.401734 0.701308 0.710799
4 0.338509 0.575694 0.340362 0.547604 0.324133 0.544198 0.322279 0.572288 0.692732
4 0.398771 0.360663 0.399985 0.33105 0.38375 0.328934 0.382537 0.358547 0.687705
4 0.481958 0.63703 0.484551 0.604698 0.466602 0.600118 0.464009 0.63245 0.571865
4 0.243101 0.306215 0.245727 0.275736 0.228038 0.270888 0.225412 0.301368 0.496492
