4 0.337241 0.471559 0.33941 0.443018 0.323498 0.439171 0.321329 0.467713 0.896721
4 0.367226 0.564184 0.367773 0.536451 0.35122 0.535412 0.350673 0.563145 0.85681
4 0.358353 0.446606 0.360043 0.419165 0.344744 0.416169 0.343055 0.44361 0.803765
4 0.477882 0.62383 0.479145 0.592046 0.462271 0.589914 0.461008 0.621698 0.752202
4 0.398669 0.360372 0.399929 0.331004 0.383788 0.328802 0.382528 0.35817 0.671161
4 0.381187 0.659243 0.383604 0.628725 0.367714 0.624723 0.365297 0.655241 0.562789
4 0.371291 0.616713 0.374235 0.588937 0.357806 0.583399 0.354862 0.611176 0.538162
4 0.342821 0.580112 0.343939 0.550201 0.327478 0.548245 0.32636 0.578156 0.384143
4 0.483744 0.634683 0.486062 0.605408 0.469506 0.60124 0.467188 0.630514 0.317732
4 0.337241 0.471559 0.33941 0.443018 0.323498 0.439171 0.321329 0.467713 0.896721
4 0.367226 0.564184 0.367773 0.536451 0.35122 0.535412 0.350673 0.563145 0.85681
4 0.358353 0.446606 0.360043 0.419165 0.344744 0.416169 0.343055 0.44361 0.803765
4 0.477882 0.62383 0.479145 0.592046 0.462271 0.589914 0.461008 0.621698 0.752202
4 0.398669 0.360372 0.399929 0.331004 0.383788 0.328802 0.382528 0.35817 0.671161
4 0.381187 0.659243 0.383604 0.628725 0.367714 0.624723 0.365297 0.655241 0.562789
4 0.371291 0.616713 0.374235 0.588937 0.357806 0.583399 0.354862 0.611176 0.538162
4 0.342821 0.580112 0.343939 0.550201 0.327478 0.548245 0.32636 0.578156 0.384143
4 0.483744 0.634683 0.486062 0.605408 0.469506 0.60124 0.467188 0.630514 0.317732
