4 0.401683 0.433348 0.402867 0.404508 0.386817 0.402414 0.385634 0.431253 0.942416
4 0.201715 0.392843 0.203529 0.362471 0.185779 0.359099 0.183965 0.389471 0.923752
4 0.30314 0.244831 0.305375 0.213441 0.287759 0.209452 0.285524 0.240842 0.863984
4 0.501266 0.474616 0.502243 0.447479 0.485996 0.445618 0.485019 0.472756 0.857571
4 0.435191 0.304897 0.437415 0.275928 0.421341 0.272003 0.419117 0.300972 0.848257
4 0.337597 0.556821 0.339965 0.52273 0.320448 0.518417 0.31808 0.552508 0.783741
0 0.446593 0.43931 0.44762 0.403354 0.428269 0.401596 0.427242 0.437553 0.725067
4 0.361885 0.841552 0.363395 0.813798 0.347733 0.811088 0.346223 0.838843 0.457433
4 0.244208 0.759469 0.246474 0.728363 0.229817 0.724503 0.22755 0.755608 0.364282
1 0.431229 0.463586 0.433864 0.423585 0.412671 0.419145 0.410036 0.459146 0.358054
4 0.168633 0.580416 0.17116 0.5486 0.153304 0.54409 0.150777 0.575905 0.344675
4 0.401683 0.433348 0.402867 0.404508 0.386817 0.402414 0.385634 0.431253 0.942416
4 0.201715 0.392843 0.203529 0.362471 0.185779 0.359099 0.183965 0.389471 0.923752
4 0.30314 0.244831 0.305375 0.213441 0.287759 0.209452 0.285524 0.240842 0.863984
4 0.501266 0.474616 0.502243 0.447479 0.485996 0.445618 0.485019 0.472756 0.857571
4 0.435191 0.304897 0.437415 0.275928 0.421341 0.272003 0.419117 0.300972 0.848257
4 0.337597 0.556821 0.339965 0.52273 0.320448 0.518417 0.31808 0.552508 0.783741
0 0.446593 0.43931 0.44762 0.403354 0.428269 0.401596 0.427242 0.437553 0.725067
4 0.361885 0.841552 0.363395 0.813798 0.347733 0.811088 0.346223 0.838843 0.457433
4 0.244208 0.759469 0.246474 0.728363 0.229817 0.724503 0.22755 0.755608 0.364282
1 0.431229 0.463586 0.433864 0.423585 0.412671 0.419145 0.410036 0.459146 0.358054
4 0.168633 0.580416 0.17116 0.5486 0.153304 0.54409 0.150777 0.575905 0.344675
