4 0.391537 0.546474 0.392943 0.519123 0.375896 0.516336 0.37449 0.543687 0.867008
0 0.253363 0.343534 0.25567 0.302587 0.233688 0.298649 0.231381 0.339596 0.798291
4 0.33839 0.575719 0.340185 0.547699 0.324067 0.544415 0.322272 0.572436 0.692325
4 0.397638 0.360489 0.399643 0.329777 0.382996 0.32632 0.380991 0.357032 0.65416
4 0.41942 0.704505 0.421074 0.67373 0.403328 0.670697 0.401675 0.701472 0.650105
4 0.481938 0.63716 0.484518 0.604627 0.466675 0.600127 0.464095 0.632661 0.539772
4 0.241399 0.31132 0.244435 0.282279 0.227726 0.276723 0.224689 0.305764 0.338011
4 0.180793 0.146243 0.181954 0.114493 0.160653 0.112016 0.159492 0.143765 0.295464
4 0.391537 0.546474 0.392943 0.519123 0.375896 0.516336 0.37449 0.543687 0.867008
0 0.253363 0.343534 0.25567 0.302587 0.233688 0.298649 0.231381 0.339596 0.798291
4 0.33839 0.575719 0.340185 0.547699 0.324067 0.544415 0.322272 0.572436 0.692325
4 0.397638 0.360489 0.399643 0.329777 0.382996 0.32632 0.380991 0.357032 0.65416
4 0.41942 0.704505 0.421074 0.67373 0.403328 0.670697 0.401675 0.701472 0.650105
4 0.481938 0.63716 0.484518 0.604627 0.466675 0.600127 0.464095 0.632661 0.539772
4 0.241399 0.31132 0.244435 0.282279 0.227726 0.276723 0.224689 0.305764 0.338011
4 0.180793 0.146243 0.181954 0.114493 0.160653 0.112016 0.159492 0.143765 0.295464
