4 0.391358 0.546373 0.392629 0.519204 0.375662 0.516677 0.37439 0.543846 0.878611
0 0.261551 0.361792 0.262968 0.323806 0.24245 0.321372 0.241033 0.359358 0.791418
4 0.39855 0.360663 0.399803 0.331228 0.383792 0.329061 0.38254 0.358497 0.690315
4 0.338464 0.576184 0.340321 0.547848 0.32412 0.544473 0.322264 0.572809 0.680963
4 0.419524 0.704563 0.421072 0.674012 0.403314 0.67115 0.401765 0.701701 0.678706
4 0.482007 0.637177 0.484478 0.604704 0.46651 0.600356 0.464039 0.632828 0.585841
4 0.251133 0.331011 0.253681 0.301423 0.23591 0.296556 0.233362 0.326144 0.309648
1 0.480408 0.544328 0.482865 0.505038 0.461047 0.500698 0.458589 0.539988 0.281544
4 0.391358 0.546373 0.392629 0.519204 0.375662 0.516677 0.37439 0.543846 0.878611
0 0.261551 0.361792 0.262968 0.323806 0.24245 0.321372 0.241033 0.359358 0.791418
4 0.39855 0.360663 0.399803 0.331228 0.383792 0.329061 0.38254 0.358497 0.690315
4 0.338464 0.576184 0.340321 0.547848 0.32412 0.544473 0.322264 0.572809 0.680963
4 0.419524 0.704563 0.421072 0.674012 0.403314 0.67115 0.401765 0.701701 0.678706
4 0.482007 0.637177 0.484478 0.604704 0.46651 0.600356 0.464039 0.632828 0.585841
4 0.251133 0.331011 0.253681 0.301423 0.23591 0.296556 0.233362 0.326144 0.309648
1 0.480408 0.544328 0.482865 0.505038 0.461047 0.500698 0.458589 0.539988 0.281544
