4 0.20176 0.392672 0.203638 0.362606 0.185875 0.359077 0.183997 0.389143 0.924228
4 0.303272 0.244865 0.305416 0.213291 0.287972 0.209524 0.285828 0.241098 0.865605
4 0.501086 0.474426 0.502082 0.447584 0.485992 0.445686 0.484997 0.472527 0.859262
4 0.435124 0.304753 0.437292 0.2756 0.421302 0.271819 0.419134 0.300971 0.842257
4 0.430783 0.608926 0.431894 0.581081 0.414601 0.578886 0.41349 0.606731 0.644678
4 0.443295 0.710562 0.445864 0.681102 0.426128 0.675629 0.423559 0.705088 0.560628
4 0.361916 0.841518 0.363461 0.813673 0.347756 0.810902 0.346211 0.838747 0.448887
4 0.244055 0.759319 0.246336 0.728238 0.229789 0.724376 0.227508 0.755457 0.377149
4 0.168534 0.580577 0.171249 0.548369 0.153126 0.543511 0.150411 0.575719 0.361755
0 0.426446 0.692314 0.431336 0.657134 0.41092 0.64811 0.40603 0.68329 0.271295
4 0.20176 0.392672 0.203638 0.362606 0.185875 0.359077 0.183997 0.389143 0.924228
4 0.303272 0.244865 0.305416 0.213291 0.287972 0.209524 0.285828 0.241098 0.865605
4 0.501086 0.474426 0.502082 0.447584 0.485992 0.445686 0.484997 0.472527 0.859262
4 0.435124 0.304753 0.437292 0.2756 0.421302 0.271819 0.419134 0.300971 0.842257
4 0.430783 0.608926 0.431894 0.581081 0.414601 0.578886 0.41349 0.606731 0.644678
4 0.443295 0.710562 0.445864 0.681102 0.426128 0.675629 0.423559 0.705088 0.560628
4 0.361916 0.841518 0.363461 0.813673 0.347756 0.810902 0.346211 0.838747 0.448887
4 0.244055 0.759319 0.246336 0.728238 0.229789 0.724376 0.227508 0.755457 0.377149
4 0.168534 0.580577 0.171249 0.548369 0.153126 0.543511 0.150411 0.575719 0.361755
0 0.426446 0.692314 0.431336 0.657134 0.41092 0.64811 0.40603 0.68329 0.271295
