4 0.367668 0.565421 0.36845 0.537132 0.351046 0.535602 0.350264 0.563891 0.941028
4 0.337262 0.471839 0.339335 0.443661 0.323481 0.439951 0.321408 0.468129 0.923022
4 0.358346 0.4466 0.360001 0.419491 0.344841 0.416547 0.343186 0.443657 0.797449
4 0.398526 0.360708 0.39981 0.331689 0.383756 0.329431 0.382473 0.35845 0.759319
4 0.380998 0.659596 0.383213 0.629131 0.366258 0.625212 0.364044 0.655677 0.758005
0 0.455439 0.626622 0.45932 0.588085 0.438587 0.581444 0.434706 0.619982 0.587405
4 0.47777 0.631068 0.47922 0.596291 0.461967 0.594004 0.460517 0.628781 0.554343
4 0.342903 0.581236 0.343959 0.551325 0.327437 0.549471 0.326381 0.579381 0.52879
4 0.370988 0.615136 0.373462 0.586847 0.356014 0.581994 0.35354 0.610282 0.520348
4 0.367668 0.565421 0.36845 0.537132 0.351046 0.535602 0.350264 0.563891 0.941028
4 0.337262 0.471839 0.339335 0.443661 0.323481 0.439951 0.321408 0.468129 0.923022
4 0.358346 0.4466 0.360001 0.419491 0.344841 0.416547 0.343186 0.443657 0.797449
4 0.398526 0.360708 0.39981 0.331689 0.383756 0.329431 0.382473 0.35845 0.759319
4 0.380998 0.659596 0.383213 0.629131 0.366258 0.625212 0.364044 0.655677 0.758005
0 0.455439 0.626622 0.45932 0.588085 0.438587 0.581444 0.434706 0.619982 0.587405
4 0.47777 0.631068 0.47922 0.596291 0.461967 0.594004 0.460517 0.628781 0.554343
4 0.342903 0.581236 0.343959 0.551325 0.327437 0.549471 0.326381 0.579381 0.52879
4 0.370988 0.615136 0.373462 0.586847 0.356014 0.581994 0.35354 0.610282 0.520348
