4 0.201815 0.392553 0.203667 0.3624 0.185951 0.358941 0.1841 0.389093 0.920614
4 0.401808 0.433121 0.403134 0.404552 0.38703 0.402176 0.385705 0.430745 0.900113
4 0.501111 0.474392 0.502016 0.447328 0.485539 0.445576 0.484634 0.47264 0.87832
4 0.303281 0.245039 0.305528 0.213331 0.287858 0.209347 0.285611 0.241056 0.871589
4 0.435208 0.30486 0.437345 0.275817 0.421165 0.272032 0.419028 0.301074 0.834847
4 0.337657 0.556757 0.339889 0.522778 0.320428 0.518712 0.318196 0.552692 0.798154
0 0.442343 0.457705 0.445988 0.420331 0.426231 0.414204 0.422586 0.451577 0.76902
4 0.361929 0.841544 0.363515 0.813434 0.347601 0.810577 0.346014 0.838688 0.494113
4 0.244243 0.759376 0.246576 0.728229 0.229871 0.72425 0.227538 0.755397 0.396201
4 0.168957 0.583153 0.171375 0.550708 0.154199 0.546637 0.151781 0.579082 0.319628
4 0.201815 0.392553 0.203667 0.3624 0.185951 0.358941 0.1841 0.389093 0.920614
4 0.401808 0.433121 0.403134 0.404552 0.38703 0.402176 0.385705 0.430745 0.900113
4 0.501111 0.474392 0.502016 0.447328 0.485539 0.445576 0.484634 0.47264 0.87832
4 0.303281 0.245039 0.305528 0.213331 0.287858 0.209347 0.285611 0.241056 0.871589
4 0.435208 0.30486 0.437345 0.275817 0.421165 0.272032 0.419028 0.301074 0.834847
4 0.337657 0.556757 0.339889 0.522778 0.320428 0.518712 0.318196 0.552692 0.798154
0 0.442343 0.457705 0.445988 0.420331 0.426231 0.414204 0.422586 0.451577 0.76902
4 0.361929 0.841544 0.363515 0.813434 0.347601 0.810577 0.346014 0.838688 0.494113
4 0.244243 0.759376 0.246576 0.728229 0.229871 0.72425 0.227538 0.755397 0.396201
4 0.168957 0.583153 0.171375 0.550708 0.154199 0.546637 0.151781 0.579082 0.319628
