4 0.201809 0.392566 0.203644 0.362481 0.185995 0.359057 0.18416 0.389142 0.920971
4 0.303285 0.245087 0.30551 0.213569 0.287935 0.209624 0.285711 0.241142 0.876255
4 0.501228 0.474515 0.502258 0.447394 0.485838 0.445411 0.484808 0.472532 0.862794
4 0.400857 0.433799 0.403145 0.405528 0.387208 0.401425 0.38492 0.429695 0.860966
4 0.435211 0.304537 0.437481 0.275727 0.421469 0.271714 0.419198 0.300524 0.833781
4 0.337553 0.557055 0.340005 0.522673 0.32042 0.518231 0.317968 0.552613 0.80315
0 0.445195 0.437147 0.445535 0.402232 0.427053 0.40166 0.426713 0.436574 0.775568
4 0.361943 0.841513 0.363446 0.81365 0.347681 0.810946 0.346178 0.838809 0.462336
4 0.419658 0.393037 0.421883 0.360534 0.405406 0.356947 0.403181 0.38945 0.422974
4 0.244199 0.759488 0.246477 0.728344 0.2297 0.724442 0.227422 0.755586 0.394711
4 0.16837 0.580263 0.170903 0.548495 0.152667 0.543872 0.150134 0.575639 0.340469
4 0.201809 0.392566 0.203644 0.362481 0.185995 0.359057 0.18416 0.389142 0.920971
4 0.303285 0.245087 0.30551 0.213569 0.287935 0.209624 0.285711 0.241142 0.876255
4 0.501228 0.474515 0.502258 0.447394 0.485838 0.445411 0.484808 0.472532 0.862794
4 0.400857 0.433799 0.403145 0.405528 0.387208 0.401425 0.38492 0.429695 0.860966
4 0.435211 0.304537 0.437481 0.275727 0.421469 0.271714 0.419198 0.300524 0.833781
4 0.337553 0.557055 0.340005 0.522673 0.32042 0.518231 0.317968 0.552613 0.80315
0 0.445195 0.437147 0.445535 0.402232 0.427053 0.40166 0.426713 0.436574 0.775568
4 0.361943 0.841513 0.363446 0.81365 0.347681 0.810946 0.346178 0.838809 0.462336
4 0.419658 0.393037 0.421883 0.360534 0.405406 0.356947 0.403181 0.38945 0.422974
4 0.244199 0.759488 0.246477 0.728344 0.2297 0.724442 0.227422 0.755586 0.394711
4 0.16837 0.580263 0.170903 0.548495 0.152667 0.543872 0.150134 0.575639 0.340469
