4 0.201584 0.392627 0.203439 0.362474 0.185823 0.359028 0.183969 0.389181 0.92323
4 0.40197 0.43366 0.404265 0.4051 0.387636 0.400851 0.385341 0.429411 0.912608
4 0.303267 0.245068 0.305408 0.21316 0.287872 0.209416 0.28573 0.241324 0.875639
4 0.501099 0.474823 0.502162 0.447556 0.485785 0.445524 0.484722 0.472791 0.867572
4 0.435257 0.304672 0.437412 0.275758 0.421374 0.271958 0.41922 0.300872 0.850314
4 0.337635 0.55692 0.339991 0.522638 0.320402 0.518356 0.318046 0.552638 0.795022
0 0.441623 0.441126 0.444381 0.406518 0.426391 0.401959 0.423633 0.436567 0.714001
4 0.362011 0.841419 0.363448 0.813539 0.347594 0.810939 0.346157 0.838819 0.479308
4 0.24424 0.759542 0.246595 0.728111 0.229542 0.724048 0.227187 0.755479 0.444618
4 0.168644 0.580415 0.171162 0.548115 0.152922 0.543593 0.150404 0.575893 0.354603
4 0.201584 0.392627 0.203439 0.362474 0.185823 0.359028 0.183969 0.389181 0.92323
4 0.40197 0.43366 0.404265 0.4051 0.387636 0.400851 0.385341 0.429411 0.912608
4 0.303267 0.245068 0.305408 0.21316 0.287872 0.209416 0.28573 0.241324 0.875639
4 0.501099 0.474823 0.502162 0.447556 0.485785 0.445524 0.484722 0.472791 0.867572
4 0.435257 0.304672 0.437412 0.275758 0.421374 0.271958 0.41922 0.300872 0.850314
4 0.337635 0.55692 0.339991 0.522638 0.320402 0.518356 0.318046 0.552638 0.795022
0 0.441623 0.441126 0.444381 0.406518 0.426391 0.401959 0.423633 0.436567 0.714001
4 0.362011 0.841419 0.363448 0.813539 0.347594 0.810939 0.346157 0.838819 0.479308
4 0.24424 0.759542 0.246595 0.728111 0.229542 0.724048 0.227187 0.755479 0.444618
4 0.168644 0.580415 0.171162 0.548115 0.152922 0.543593 0.150404 0.575893 0.354603
