4 0.201805 0.392638 0.203687 0.362408 0.185935 0.358894 0.184054 0.389125 0.927651
4 0.402839 0.433783 0.405324 0.405234 0.387842 0.400394 0.385357 0.428944 0.907978
4 0.303341 0.245016 0.305575 0.213312 0.287753 0.209319 0.28552 0.241023 0.871464
0 0.463144 0.524995 0.46554 0.487837 0.445426 0.483712 0.44303 0.520871 0.869274
4 0.50127 0.474737 0.502162 0.447223 0.485644 0.44552 0.484752 0.473034 0.860052
4 0.435144 0.304644 0.437309 0.275731 0.421301 0.27192 0.419137 0.300834 0.84822
4 0.337658 0.557035 0.340046 0.522739 0.320471 0.518404 0.318083 0.5527 0.786235
4 0.361924 0.84148 0.363412 0.81346 0.347524 0.810777 0.346036 0.838797 0.508087
4 0.244061 0.75925 0.246476 0.728163 0.229683 0.724015 0.227269 0.755103 0.463314
4 0.168525 0.580516 0.171111 0.548427 0.153002 0.543786 0.150416 0.575875 0.356286
4 0.201805 0.392638 0.203687 0.362408 0.185935 0.358894 0.184054 0.389125 0.927651
4 0.402839 0.433783 0.405324 0.405234 0.387842 0.400394 0.385357 0.428944 0.907978
4 0.303341 0.245016 0.305575 0.213312 0.287753 0.209319 0.28552 0.241023 0.871464
0 0.463144 0.524995 0.46554 0.487837 0.445426 0.483712 0.44303 0.520871 0.869274
4 0.50127 0.474737 0.502162 0.447223 0.485644 0.44552 0.484752 0.473034 0.860052
4 0.435144 0.304644 0.437309 0.275731 0.421301 0.27192 0.419137 0.300834 0.84822
4 0.337658 0.557035 0.340046 0.522739 0.320471 0.518404 0.318083 0.5527 0.786235
4 0.361924 0.84148 0.363412 0.81346 0.347524 0.810777 0.346036 0.838797 0.508087
4 0.244061 0.75925 0.246476 0.728163 0.229683 0.724015 0.227269 0.755103 0.463314
4 0.168525 0.580516 0.171111 0.548427 0.153002 0.543786 0.150416 0.575875 0.356286
