4 0.201566 0.392783 0.203498 0.362386 0.185628 0.358775 0.183697 0.389172 0.921023
4 0.303358 0.24455 0.305289 0.21304 0.28781 0.209633 0.285879 0.241143 0.883433
4 0.500923 0.474736 0.501931 0.44772 0.485888 0.445816 0.48488 0.472832 0.863423
4 0.435171 0.304939 0.437393 0.275842 0.421303 0.271935 0.419082 0.301032 0.840297
0 0.326817 0.523637 0.330752 0.483683 0.310476 0.477333 0.306542 0.517287 0.771213
4 0.355651 0.557717 0.358147 0.528384 0.342154 0.524055 0.339657 0.553388 0.517948
4 0.361759 0.841552 0.363417 0.81366 0.347595 0.810668 0.345937 0.838561 0.456229
4 0.168608 0.580122 0.171103 0.548153 0.153278 0.543728 0.150782 0.575697 0.374825
4 0.470072 0.676539 0.471694 0.649814 0.457259 0.647028 0.455638 0.673754 0.347184
4 0.243989 0.759339 0.246235 0.728521 0.229786 0.724708 0.22754 0.755526 0.327633
4 0.201566 0.392783 0.203498 0.362386 0.185628 0.358775 0.183697 0.389172 0.921023
4 0.303358 0.24455 0.305289 0.21304 0.28781 0.209633 0.285879 0.241143 0.883433
4 0.500923 0.474736 0.501931 0.44772 0.485888 0.445816 0.48488 0.472832 0.863423
4 0.435171 0.304939 0.437393 0.275842 0.421303 0.271935 0.419082 0.301032 0.840297
0 0.326817 0.523637 0.330752 0.483683 0.310476 0.477333 0.306542 0.517287 0.771213
4 0.355651 0.557717 0.358147 0.528384 0.342154 0.524055 0.339657 0.553388 0.517948
4 0.361759 0.841552 0.363417 0.81366 0.347595 0.810668 0.345937 0.838561 0.456229
4 0.168608 0.580122 0.171103 0.548153 0.153278 0.543728 0.150782 0.575697 0.374825
4 0.470072 0.676539 0.471694 0.649814 0.457259 0.647028 0.455638 0.673754 0.347184
4 0.243989 0.759339 0.246235 0.728521 0.229786 0.724708 0.22754 0.755526 0.327633
