4 0.401778 0.433211 0.40295 0.404345 0.386976 0.402284 0.385805 0.431151 0.940128
4 0.201752 0.392716 0.203566 0.362396 0.185766 0.359008 0.183952 0.389329 0.922113
4 0.303272 0.244741 0.305403 0.213338 0.287768 0.209531 0.285636 0.240934 0.874461
4 0.501335 0.474547 0.502316 0.447391 0.485963 0.445513 0.484982 0.47267 0.863062
4 0.435175 0.30493 0.437449 0.275586 0.421274 0.271601 0.419001 0.300945 0.855462
4 0.337675 0.556837 0.340061 0.522716 0.3205 0.518365 0.318113 0.552486 0.791135
0 0.44639 0.439232 0.447383 0.403087 0.427972 0.40139 0.426979 0.437536 0.692683
4 0.361825 0.841538 0.363364 0.813669 0.347592 0.810899 0.346053 0.838768 0.481817
4 0.244204 0.759492 0.246545 0.728222 0.229748 0.724223 0.227407 0.755493 0.372131
4 0.168604 0.580291 0.171148 0.548236 0.153052 0.543667 0.150508 0.575723 0.349263
1 0.430382 0.461798 0.433308 0.420742 0.412237 0.415967 0.409311 0.457022 0.348218
4 0.401778 0.433211 0.40295 0.404345 0.386976 0.402284 0.385805 0.431151 0.940128
4 0.201752 0.392716 0.203566 0.362396 0.185766 0.359008 0.183952 0.389329 0.922113
4 0.303272 0.244741 0.305403 0.213338 0.287768 0.209531 0.285636 0.240934 0.874461
4 0.501335 0.474547 0.502316 0.447391 0.485963 0.445513 0.484982 0.47267 0.863062
4 0.435175 0.30493 0.437449 0.275586 0.421274 0.271601 0.419001 0.300945 0.855462
4 0.337675 0.556837 0.340061 0.522716 0.3205 0.518365 0.318113 0.552486 0.791135
0 0.44639 0.439232 0.447383 0.403087 0.427972 0.40139 0.426979 0.437536 0.692683
4 0.361825 0.841538 0.363364 0.813669 0.347592 0.810899 0.346053 0.838768 0.481817
4 0.244204 0.759492 0.246545 0.728222 0.229748 0.724223 0.227407 0.755493 0.372131
4 0.168604 0.580291 0.171148 0.548236 0.153052 0.543667 0.150508 0.575723 0.349263
1 0.430382 0.461798 0.433308 0.420742 0.412237 0.415967 0.409311 0.457022 0.348218
