4 0.201876 0.392608 0.20379 0.362435 0.186006 0.358848 0.184092 0.38902 0.918619
4 0.303391 0.244757 0.305472 0.213274 0.287949 0.209592 0.285869 0.241074 0.873133
4 0.501023 0.474628 0.502076 0.447572 0.485944 0.445575 0.484891 0.472631 0.855561
4 0.435211 0.304716 0.437338 0.275998 0.421486 0.272264 0.419359 0.300982 0.834081
4 0.382659 0.596157 0.383814 0.56554 0.364341 0.563205 0.363187 0.593822 0.769096
4 0.361915 0.841637 0.363578 0.813737 0.347772 0.810742 0.34611 0.838641 0.455556
4 0.244076 0.759457 0.246456 0.728307 0.229676 0.724229 0.227296 0.755379 0.369359
4 0.168642 0.580461 0.171097 0.548429 0.153157 0.544056 0.150702 0.576088 0.368312
0 0.363083 0.573207 0.365892 0.537097 0.346469 0.532292 0.34366 0.568401 0.339893
4 0.201876 0.392608 0.20379 0.362435 0.186006 0.358848 0.184092 0.38902 0.918619
4 0.303391 0.244757 0.305472 0.213274 0.287949 0.209592 0.285869 0.241074 0.873133
4 0.501023 0.474628 0.502076 0.447572 0.485944 0.445575 0.484891 0.472631 0.855561
4 0.435211 0.304716 0.437338 0.275998 0.421486 0.272264 0.419359 0.300982 0.834081
4 0.382659 0.596157 0.383814 0.56554 0.364341 0.563205 0.363187 0.593822 0.769096
4 0.361915 0.841637 0.363578 0.813737 0.347772 0.810742 0.34611 0.838641 0.455556
4 0.244076 0.759457 0.246456 0.728307 0.229676 0.724229 0.227296 0.755379 0.369359
4 0.168642 0.580461 0.171097 0.548429 0.153157 0.544056 0.150702 0.576088 0.368312
0 0.363083 0.573207 0.365892 0.537097 0.346469 0.532292 0.34366 0.568401 0.339893
