0 0.249149 0.333682 0.250906 0.296814 0.228877 0.293476 0.22712 0.330344 0.900503
4 0.391221 0.546483 0.392531 0.519272 0.375666 0.516691 0.374357 0.543902 0.875099
4 0.419496 0.704314 0.421006 0.673723 0.403116 0.670914 0.401606 0.701505 0.705586
4 0.338513 0.5759 0.340407 0.547596 0.324029 0.544111 0.322136 0.572415 0.678493
4 0.398799 0.360597 0.40004 0.330803 0.383781 0.328649 0.38254 0.358444 0.64338
4 0.481994 0.636966 0.484574 0.604803 0.46677 0.60026 0.464189 0.632423 0.570058
4 0.242944 0.307258 0.245777 0.275554 0.228774 0.270722 0.225941 0.302426 0.444416
0 0.249149 0.333682 0.250906 0.296814 0.228877 0.293476 0.22712 0.330344 0.900503
4 0.391221 0.546483 0.392531 0.519272 0.375666 0.516691 0.374357 0.543902 0.875099
4 0.419496 0.704314 0.421006 0.673723 0.403116 0.670914 0.401606 0.701505 0.705586
4 0.338513 0.5759 0.340407 0.547596 0.324029 0.544111 0.322136 0.572415 0.678493
4 0.398799 0.360597 0.40004 0.330803 0.383781 0.328649 0.38254 0.358444 0.64338
4 0.481994 0.636966 0.484574 0.604803 0.46677 0.60026 0.464189 0.632423 0.570058
4 0.242944 0.307258 0.245777 0.275554 0.228774 0.270722 0.225941 0.302426 0.444416
