4 0.36135 0.498264 0.362828 0.469712 0.346431 0.467012 0.344953 0.495564 0.942347
0 0.40213 0.663594 0.406978 0.621639 0.386979 0.614288 0.38213 0.656244 0.807727
4 0.425463 0.682533 0.427682 0.654481 0.410442 0.650144 0.408223 0.678196 0.553507
4 0.330998 0.498319 0.333364 0.457942 0.310521 0.453684 0.308155 0.494062 0.495329
4 0.336259 0.474471 0.337382 0.444475 0.320739 0.442492 0.319616 0.472488 0.331734
4 0.341211 0.58525 0.344689 0.553779 0.327586 0.547767 0.324107 0.579238 0.326492
4 0.415113 0.59987 0.41882 0.564014 0.398785 0.557429 0.395079 0.593284 0.274449
4 0.36135 0.498264 0.362828 0.469712 0.346431 0.467012 0.344953 0.495564 0.942347
0 0.40213 0.663594 0.406978 0.621639 0.386979 0.614288 0.38213 0.656244 0.807727
4 0.425463 0.682533 0.427682 0.654481 0.410442 0.650144 0.408223 0.678196 0.553507
4 0.330998 0.498319 0.333364 0.457942 0.310521 0.453684 0.308155 0.494062 0.495329
4 0.336259 0.474471 0.337382 0.444475 0.320739 0.442492 0.319616 0.472488 0.331734
4 0.341211 0.58525 0.344689 0.553779 0.327586 0.547767 0.324107 0.579238 0.326492
4 0.415113 0.59987 0.41882 0.564014 0.398785 0.557429 0.395079 0.593284 0.274449
