4 0.202095 0.392546 0.203967 0.362358 0.186059 0.358826 0.184187 0.389014 0.926727
4 0.401261 0.433089 0.403239 0.404786 0.387206 0.401224 0.385229 0.429526 0.874465
4 0.303216 0.24476 0.305403 0.213216 0.287816 0.209339 0.285629 0.240883 0.872967
4 0.501244 0.474456 0.502225 0.447345 0.485835 0.445458 0.484854 0.472569 0.872522
4 0.43519 0.304515 0.437352 0.275693 0.421361 0.271879 0.419199 0.300701 0.842045
4 0.337694 0.557078 0.339991 0.522648 0.320397 0.518491 0.318101 0.552922 0.792451
0 0.448148 0.449189 0.450105 0.413558 0.430519 0.410136 0.428562 0.445767 0.752057
4 0.361966 0.841454 0.36349 0.81321 0.3476 0.810483 0.346076 0.838727 0.49967
4 0.169204 0.582734 0.171463 0.550437 0.154223 0.546602 0.151964 0.578899 0.395639
4 0.244196 0.759528 0.246457 0.728424 0.229796 0.724572 0.227535 0.755676 0.380747
4 0.202095 0.392546 0.203967 0.362358 0.186059 0.358826 0.184187 0.389014 0.926727
4 0.401261 0.433089 0.403239 0.404786 0.387206 0.401224 0.385229 0.429526 0.874465
4 0.303216 0.24476 0.305403 0.213216 0.287816 0.209339 0.285629 0.240883 0.872967
4 0.501244 0.474456 0.502225 0.447345 0.485835 0.445458 0.484854 0.472569 0.872522
4 0.43519 0.304515 0.437352 0.275693 0.421361 0.271879 0.419199 0.300701 0.842045
4 0.337694 0.557078 0.339991 0.522648 0.320397 0.518491 0.318101 0.552922 0.792451
0 0.448148 0.449189 0.450105 0.413558 0.430519 0.410136 0.428562 0.445767 0.752057
4 0.361966 0.841454 0.36349 0.81321 0.3476 0.810483 0.346076 0.838727 0.49967
4 0.169204 0.582734 0.171463 0.550437 0.154223 0.546602 0.151964 0.578899 0.395639
4 0.244196 0.759528 0.246457 0.728424 0.229796 0.724572 0.227535 0.755676 0.380747
