4 0.40284 0.433703 0.405419 0.404639 0.387855 0.399682 0.385276 0.428747 0.931367
4 0.201889 0.392538 0.203784 0.362444 0.186151 0.358914 0.184256 0.389007 0.919451
4 0.303398 0.24492 0.30561 0.213528 0.288112 0.209608 0.2859 0.241 0.873704
4 0.501099 0.474677 0.502092 0.447387 0.485621 0.445481 0.484629 0.472772 0.854713
4 0.435223 0.304714 0.437433 0.275769 0.42137 0.271869 0.419161 0.300814 0.846112
4 0.33781 0.556661 0.339981 0.522619 0.320411 0.51865 0.31824 0.552692 0.810605
0 0.450303 0.480854 0.452298 0.44678 0.433483 0.443278 0.431489 0.477351 0.559214
4 0.361985 0.841408 0.363406 0.813482 0.347547 0.810914 0.346125 0.83884 0.503324
4 0.168969 0.582772 0.171193 0.550785 0.154332 0.547058 0.152108 0.579045 0.366974
4 0.244039 0.759583 0.246462 0.72826 0.22969 0.724133 0.227266 0.755455 0.317925
4 0.40284 0.433703 0.405419 0.404639 0.387855 0.399682 0.385276 0.428747 0.931367
4 0.201889 0.392538 0.203784 0.362444 0.186151 0.358914 0.184256 0.389007 0.919451
4 0.303398 0.24492 0.30561 0.213528 0.288112 0.209608 0.2859 0.241 0.873704
4 0.501099 0.474677 0.502092 0.447387 0.485621 0.445481 0.484629 0.472772 0.854713
4 0.435223 0.304714 0.437433 0.275769 0.42137 0.271869 0.419161 0.300814 0.846112
4 0.33781 0.556661 0.339981 0.522619 0.320411 0.51865 0.31824 0.552692 0.810605
0 0.450303 0.480854 0.452298 0.44678 0.433483 0.443278 0.431489 0.477351 0.559214
4 0.361985 0.841408 0.363406 0.813482 0.347547 0.810914 0.346125 0.83884 0.503324
4 0.168969 0.582772 0.171193 0.550785 0.154332 0.547058 0.152108 0.579045 0.366974
4 0.244039 0.759583 0.246462 0.72826 0.22969 0.724133 0.227266 0.755455 0.317925
