4 0.201956 0.392822 0.203827 0.362564 0.18596 0.35905 0.184089 0.389308 0.923008
4 0.30309 0.244835 0.305277 0.213391 0.287947 0.209557 0.285759 0.241001 0.862132
4 0.501105 0.474709 0.502105 0.447598 0.48587 0.445693 0.48487 0.472804 0.857958
4 0.435146 0.304825 0.437351 0.27565 0.421376 0.271811 0.419172 0.300986 0.842578
4 0.43907 0.708163 0.441065 0.678604 0.423716 0.674882 0.421722 0.704441 0.720223
0 0.423125 0.681717 0.427176 0.644612 0.407091 0.637639 0.403041 0.674743 0.689971
4 0.430516 0.609102 0.431262 0.580443 0.415428 0.579134 0.414683 0.607793 0.475751
4 0.361961 0.841628 0.363574 0.81351 0.34773 0.810619 0.346117 0.838737 0.439642
4 0.24435 0.759582 0.246641 0.72826 0.229779 0.724338 0.227488 0.75566 0.422649
4 0.168537 0.580379 0.171093 0.548335 0.152991 0.543743 0.150435 0.575786 0.367261
4 0.201956 0.392822 0.203827 0.362564 0.18596 0.35905 0.184089 0.389308 0.923008
4 0.30309 0.244835 0.305277 0.213391 0.287947 0.209557 0.285759 0.241001 0.862132
4 0.501105 0.474709 0.502105 0.447598 0.48587 0.445693 0.48487 0.472804 0.857958
4 0.435146 0.304825 0.437351 0.27565 0.421376 0.271811 0.419172 0.300986 0.842578
4 0.43907 0.708163 0.441065 0.678604 0.423716 0.674882 0.421722 0.704441 0.720223
0 0.423125 0.681717 0.427176 0.644612 0.407091 0.637639 0.403041 0.674743 0.689971
4 0.430516 0.609102 0.431262 0.580443 0.415428 0.579134 0.414683 0.607793 0.475751
4 0.361961 0.841628 0.363574 0.81351 0.34773 0.810619 0.346117 0.838737 0.439642
4 0.24435 0.759582 0.246641 0.72826 0.229779 0.724338 0.227488 0.75566 0.422649
4 0.168537 0.580379 0.171093 0.548335 0.152991 0.543743 0.150435 0.575786 0.367261
