4 0.402118 0.433882 0.404661 0.405492 0.387887 0.400712 0.385343 0.429102 0.932947
4 0.201801 0.392715 0.203675 0.362412 0.185959 0.358928 0.184085 0.38923 0.919962
4 0.501384 0.474487 0.502355 0.447365 0.48594 0.445496 0.484969 0.472618 0.878105
4 0.303277 0.24498 0.305492 0.213259 0.287662 0.209299 0.285447 0.24102 0.868429
4 0.435317 0.304709 0.437517 0.27585 0.421481 0.271962 0.419281 0.30082 0.845763
4 0.337755 0.556744 0.340024 0.522656 0.320469 0.518517 0.3182 0.552604 0.804029
0 0.448314 0.449991 0.450674 0.413243 0.431112 0.409248 0.428752 0.445996 0.737667
4 0.361963 0.841579 0.363589 0.813286 0.347512 0.810346 0.345885 0.83864 0.495818
4 0.24414 0.759794 0.246573 0.728245 0.229635 0.724089 0.227201 0.755639 0.345509
4 0.168706 0.580549 0.171312 0.548225 0.153037 0.543539 0.15043 0.575863 0.335294
4 0.402118 0.433882 0.404661 0.405492 0.387887 0.400712 0.385343 0.429102 0.932947
4 0.201801 0.392715 0.203675 0.362412 0.185959 0.358928 0.184085 0.38923 0.919962
4 0.501384 0.474487 0.502355 0.447365 0.48594 0.445496 0.484969 0.472618 0.878105
4 0.303277 0.24498 0.305492 0.213259 0.287662 0.209299 0.285447 0.24102 0.868429
4 0.435317 0.304709 0.437517 0.27585 0.421481 0.271962 0.419281 0.30082 0.845763
4 0.337755 0.556744 0.340024 0.522656 0.320469 0.518517 0.3182 0.552604 0.804029
0 0.448314 0.449991 0.450674 0.413243 0.431112 0.409248 0.428752 0.445996 0.737667
4 0.361963 0.841579 0.363589 0.813286 0.347512 0.810346 0.345885 0.83864 0.495818
4 0.24414 0.759794 0.246573 0.728245 0.229635 0.724089 0.227201 0.755639 0.345509
4 0.168706 0.580549 0.171312 0.548225 0.153037 0.543539 0.15043 0.575863 0.335294
