0 0.351878 0.527319 0.356108 0.483217 0.332382 0.47598 0.328152 0.520082 0.881101
4 0.357939 0.446162 0.359564 0.418404 0.344384 0.415578 0.342759 0.443337 0.744949
4 0.337212 0.471591 0.339441 0.444295 0.323472 0.440148 0.321243 0.467443 0.7265
4 0.366543 0.558007 0.369007 0.519657 0.34921 0.515611 0.346746 0.553961 0.691255
4 0.397888 0.360469 0.399712 0.330117 0.383028 0.326928 0.381204 0.357281 0.670577
4 0.34289 0.581953 0.344501 0.551499 0.327563 0.54865 0.325953 0.579105 0.603381
4 0.381021 0.657433 0.382948 0.625008 0.364244 0.621473 0.362317 0.653898 0.529807
0 0.351878 0.527319 0.356108 0.483217 0.332382 0.47598 0.328152 0.520082 0.881101
4 0.357939 0.446162 0.359564 0.418404 0.344384 0.415578 0.342759 0.443337 0.744949
4 0.337212 0.471591 0.339441 0.444295 0.323472 0.440148 0.321243 0.467443 0.7265
4 0.366543 0.558007 0.369007 0.519657 0.34921 0.515611 0.346746 0.553961 0.691255
4 0.397888 0.360469 0.399712 0.330117 0.383028 0.326928 0.381204 0.357281 0.670577
4 0.34289 0.581953 0.344501 0.551499 0.327563 0.54865 0.325953 0.579105 0.603381
4 0.381021 0.657433 0.382948 0.625008 0.364244 0.621473 0.362317 0.653898 0.529807
