4 0.202003 0.392642 0.203801 0.362593 0.186106 0.359226 0.184308 0.389275 0.917288
4 0.400947 0.433508 0.40303 0.405395 0.387272 0.401682 0.385189 0.429795 0.887545
4 0.303269 0.245075 0.305506 0.21354 0.287938 0.209577 0.285701 0.241112 0.874781
4 0.501223 0.474448 0.502233 0.447386 0.48582 0.445438 0.48481 0.4725 0.865632
4 0.435215 0.304491 0.437477 0.275668 0.421457 0.271669 0.419195 0.300492 0.833641
4 0.337559 0.557041 0.340009 0.522688 0.320422 0.518244 0.317971 0.552598 0.805027
0 0.445226 0.437068 0.445458 0.402292 0.427042 0.401902 0.426811 0.436678 0.776998
4 0.361944 0.841552 0.36343 0.813694 0.347693 0.811024 0.346208 0.838882 0.456629
4 0.2442 0.759489 0.246469 0.728237 0.229619 0.724347 0.227351 0.7556 0.395972
4 0.168392 0.580266 0.170892 0.548571 0.152708 0.54401 0.150208 0.575705 0.336829
4 0.420276 0.392832 0.422861 0.359396 0.405875 0.355218 0.403289 0.388655 0.287663
4 0.202003 0.392642 0.203801 0.362593 0.186106 0.359226 0.184308 0.389275 0.917288
4 0.400947 0.433508 0.40303 0.405395 0.387272 0.401682 0.385189 0.429795 0.887545
4 0.303269 0.245075 0.305506 0.21354 0.287938 0.209577 0.285701 0.241112 0.874781
4 0.501223 0.474448 0.502233 0.447386 0.48582 0.445438 0.48481 0.4725 0.865632
4 0.435215 0.304491 0.437477 0.275668 0.421457 0.271669 0.419195 0.300492 0.833641
4 0.337559 0.557041 0.340009 0.522688 0.320422 0.518244 0.317971 0.552598 0.805027
0 0.445226 0.437068 0.445458 0.402292 0.427042 0.401902 0.426811 0.436678 0.776998
4 0.361944 0.841552 0.36343 0.813694 0.347693 0.811024 0.346208 0.838882 0.456629
4 0.2442 0.759489 0.246469 0.728237 0.229619 0.724347 0.227351 0.7556 0.395972
4 0.168392 0.580266 0.170892 0.548571 0.152708 0.54401 0.150208 0.575705 0.336829
4 0.420276 0.392832 0.422861 0.359396 0.405875 0.355218 0.403289 0.388655 0.287663
