4 0.402921 0.433716 0.405452 0.404836 0.387975 0.399964 0.385444 0.428844 0.929963
4 0.201845 0.392483 0.203775 0.36242 0.186103 0.358813 0.184174 0.388876 0.922173
4 0.303388 0.244867 0.305639 0.213344 0.287993 0.209337 0.285742 0.240859 0.870133
4 0.435207 0.304534 0.437415 0.27578 0.421437 0.271878 0.419229 0.300632 0.845721
4 0.500935 0.474785 0.50198 0.447319 0.485286 0.445298 0.484241 0.472764 0.823848
4 0.337724 0.556818 0.340011 0.522661 0.320423 0.51849 0.318136 0.552648 0.787567
0 0.452691 0.493705 0.455486 0.457929 0.435658 0.453004 0.432864 0.488779 0.596017
4 0.361966 0.841366 0.363399 0.813577 0.347615 0.810988 0.346182 0.838778 0.497934
4 0.168592 0.58034 0.171011 0.548287 0.152788 0.543912 0.150368 0.575966 0.364182
4 0.244124 0.759571 0.246553 0.728026 0.229642 0.723883 0.227212 0.755428 0.332758
4 0.402921 0.433716 0.405452 0.404836 0.387975 0.399964 0.385444 0.428844 0.929963
4 0.201845 0.392483 0.203775 0.36242 0.186103 0.358813 0.184174 0.388876 0.922173
4 0.303388 0.244867 0.305639 0.213344 0.287993 0.209337 0.285742 0.240859 0.870133
4 0.435207 0.304534 0.437415 0.27578 0.421437 0.271878 0.419229 0.300632 0.845721
4 0.500935 0.474785 0.50198 0.447319 0.485286 0.445298 0.484241 0.472764 0.823848
4 0.337724 0.556818 0.340011 0.522661 0.320423 0.51849 0.318136 0.552648 0.787567
0 0.452691 0.493705 0.455486 0.457929 0.435658 0.453004 0.432864 0.488779 0.596017
4 0.361966 0.841366 0.363399 0.813577 0.347615 0.810988 0.346182 0.838778 0.497934
4 0.168592 0.58034 0.171011 0.548287 0.152788 0.543912 0.150368 0.575966 0.364182
4 0.244124 0.759571 0.246553 0.728026 0.229642 0.723883 0.227212 0.755428 0.332758
