0 0.266995 0.374451 0.269244 0.338955 0.247952 0.334666 0.245703 0.370162 0.908491
4 0.391365 0.54654 0.392659 0.519231 0.375585 0.51666 0.374292 0.543969 0.874299
4 0.398555 0.360605 0.399831 0.331365 0.383835 0.329145 0.382559 0.358386 0.755065
4 0.419418 0.704786 0.420955 0.674395 0.403295 0.671555 0.401758 0.701947 0.705403
4 0.338455 0.576132 0.340308 0.548067 0.324151 0.544674 0.322298 0.572739 0.693487
4 0.482144 0.637145 0.484609 0.604913 0.466635 0.600542 0.46417 0.632773 0.616758
4 0.257617 0.346863 0.25943 0.316081 0.241207 0.312666 0.239394 0.343448 0.399643
0 0.266995 0.374451 0.269244 0.338955 0.247952 0.334666 0.245703 0.370162 0.908491
4 0.391365 0.54654 0.392659 0.519231 0.375585 0.51666 0.374292 0.543969 0.874299
4 0.398555 0.360605 0.399831 0.331365 0.383835 0.329145 0.382559 0.358386 0.755065
4 0.419418 0.704786 0.420955 0.674395 0.403295 0.671555 0.401758 0.701947 0.705403
4 0.338455 0.576132 0.340308 0.548067 0.324151 0.544674 0.322298 0.572739 0.693487
4 0.482144 0.637145 0.484609 0.604913 0.466635 0.600542 0.46417 0.632773 0.616758
4 0.257617 0.346863 0.25943 0.316081 0.241207 0.312666 0.239394 0.343448 0.399643
