4 0.391393 0.546312 0.392745 0.519256 0.376007 0.516596 0.374655 0.543653 0.8672
0 0.253303 0.343118 0.255595 0.302351 0.233571 0.298414 0.231279 0.339181 0.799236
4 0.338288 0.575594 0.340017 0.548063 0.324209 0.544906 0.32248 0.572437 0.718996
4 0.397704 0.360306 0.399565 0.329844 0.383023 0.326631 0.381162 0.357093 0.662802
4 0.419431 0.704271 0.421078 0.673647 0.403386 0.670621 0.401739 0.701245 0.637302
4 0.481947 0.637155 0.484569 0.604841 0.466764 0.600246 0.464142 0.63256 0.557987
4 0.241407 0.311046 0.24446 0.282441 0.227879 0.276812 0.224826 0.305417 0.370438
4 0.155563 0.511708 0.158838 0.466769 0.13393 0.460997 0.130655 0.505936 0.276325
4 0.129928 0.239352 0.131999 0.205196 0.110359 0.201022 0.108288 0.235178 0.253229
4 0.391393 0.546312 0.392745 0.519256 0.376007 0.516596 0.374655 0.543653 0.8672
0 0.253303 0.343118 0.255595 0.302351 0.233571 0.298414 0.231279 0.339181 0.799236
4 0.338288 0.575594 0.340017 0.548063 0.324209 0.544906 0.32248 0.572437 0.718996
4 0.397704 0.360306 0.399565 0.329844 0.383023 0.326631 0.381162 0.357093 0.662802
4 0.419431 0.704271 0.421078 0.673647 0.403386 0.670621 0.401739 0.701245 0.637302
4 0.481947 0.637155 0.484569 0.604841 0.466764 0.600246 0.464142 0.63256 0.557987
4 0.241407 0.311046 0.24446 0.282441 0.227879 0.276812 0.224826 0.305417 0.370438
4 0.155563 0.511708 0.158838 0.466769 0.13393 0.460997 0.130655 0.505936 0.276325
4 0.129928 0.239352 0.131999 0.205196 0.110359 0.201022 0.108288 0.235178 0.253229
