0 0.249099 0.333625 0.250856 0.296798 0.228943 0.293474 0.227186 0.330301 0.900391
4 0.391232 0.54628 0.392479 0.519201 0.375699 0.516744 0.374452 0.543823 0.876613
4 0.41936 0.704057 0.420911 0.673793 0.403149 0.670898 0.401598 0.701163 0.69579
4 0.338421 0.57577 0.340202 0.547864 0.324125 0.544602 0.322344 0.572508 0.684206
4 0.398821 0.360541 0.400085 0.330651 0.383831 0.328466 0.382568 0.358357 0.618814
4 0.481966 0.637146 0.484526 0.604842 0.466719 0.600354 0.464159 0.632658 0.589097
4 0.242941 0.307339 0.245812 0.275564 0.228893 0.270701 0.226022 0.302477 0.42187
0 0.249099 0.333625 0.250856 0.296798 0.228943 0.293474 0.227186 0.330301 0.900391
4 0.391232 0.54628 0.392479 0.519201 0.375699 0.516744 0.374452 0.543823 0.876613
4 0.41936 0.704057 0.420911 0.673793 0.403149 0.670898 0.401598 0.701163 0.69579
4 0.338421 0.57577 0.340202 0.547864 0.324125 0.544602 0.322344 0.572508 0.684206
4 0.398821 0.360541 0.400085 0.330651 0.383831 0.328466 0.382568 0.358357 0.618814
4 0.481966 0.637146 0.484526 0.604842 0.466719 0.600354 0.464159 0.632658 0.589097
4 0.242941 0.307339 0.245812 0.275564 0.228893 0.270701 0.226022 0.302477 0.42187
