4 0.367069 0.565768 0.36776 0.537071 0.351658 0.535838 0.350968 0.564535 0.887135
4 0.337336 0.471616 0.339364 0.442911 0.323445 0.439334 0.321418 0.46804 0.880676
4 0.358589 0.446739 0.360271 0.418941 0.344781 0.41596 0.343099 0.443758 0.754786
4 0.397794 0.360454 0.399638 0.329856 0.382889 0.326646 0.381045 0.357244 0.661662
4 0.380947 0.657393 0.382716 0.625615 0.364517 0.622392 0.362747 0.65417 0.551769
4 0.342639 0.581213 0.344029 0.551368 0.327551 0.548928 0.326161 0.578773 0.52984
4 0.417645 0.585535 0.419591 0.549183 0.398317 0.545562 0.396372 0.581915 0.507384
4 0.373292 0.648439 0.375398 0.614157 0.35798 0.610756 0.355875 0.645038 0.4395
0 0.39833 0.569669 0.400018 0.533782 0.380212 0.530818 0.378524 0.566705 0.279193
4 0.367069 0.565768 0.36776 0.537071 0.351658 0.535838 0.350968 0.564535 0.887135
4 0.337336 0.471616 0.339364 0.442911 0.323445 0.439334 0.321418 0.46804 0.880676
4 0.358589 0.446739 0.360271 0.418941 0.344781 0.41596 0.343099 0.443758 0.754786
4 0.397794 0.360454 0.399638 0.329856 0.382889 0.326646 0.381045 0.357244 0.661662
4 0.380947 0.657393 0.382716 0.625615 0.364517 0.622392 0.362747 0.65417 0.551769
4 0.342639 0.581213 0.344029 0.551368 0.327551 0.548928 0.326161 0.578773 0.52984
4 0.417645 0.585535 0.419591 0.549183 0.398317 0.545562 0.396372 0.581915 0.507384
4 0.373292 0.648439 0.375398 0.614157 0.35798 0.610756 0.355875 0.645038 0.4395
0 0.39833 0.569669 0.400018 0.533782 0.380212 0.530818 0.378524 0.566705 0.279193
