4 0.391413 0.546404 0.392768 0.519079 0.375782 0.516401 0.374427 0.543725 0.872803
0 0.253111 0.344747 0.255466 0.30353 0.233523 0.299544 0.231169 0.340761 0.784483
4 0.338402 0.575524 0.34003 0.547754 0.324198 0.544801 0.322569 0.572571 0.699333
4 0.398579 0.360381 0.399779 0.33097 0.383821 0.328901 0.382622 0.358311 0.69245
4 0.419378 0.704243 0.420881 0.673725 0.403046 0.670931 0.401543 0.70145 0.676412
4 0.481908 0.637237 0.484428 0.604953 0.466661 0.600543 0.464141 0.632828 0.546523
4 0.241512 0.309562 0.244286 0.282359 0.227897 0.277043 0.225122 0.304246 0.40549
4 0.391413 0.546404 0.392768 0.519079 0.375782 0.516401 0.374427 0.543725 0.872803
0 0.253111 0.344747 0.255466 0.30353 0.233523 0.299544 0.231169 0.340761 0.784483
4 0.338402 0.575524 0.34003 0.547754 0.324198 0.544801 0.322569 0.572571 0.699333
4 0.398579 0.360381 0.399779 0.33097 0.383821 0.328901 0.382622 0.358311 0.69245
4 0.419378 0.704243 0.420881 0.673725 0.403046 0.670931 0.401543 0.70145 0.676412
4 0.481908 0.637237 0.484428 0.604953 0.466661 0.600543 0.464141 0.632828 0.546523
4 0.241512 0.309562 0.244286 0.282359 0.227897 0.277043 0.225122 0.304246 0.40549
