4 0.366829 0.565846 0.367724 0.53731 0.350777 0.535619 0.349882 0.564155 0.940176
4 0.337235 0.471591 0.339258 0.443252 0.323455 0.439666 0.321433 0.468005 0.906261
4 0.358522 0.446718 0.360173 0.419252 0.344719 0.416296 0.343067 0.443761 0.769522
4 0.398607 0.360513 0.3999 0.330989 0.383683 0.328728 0.382389 0.358252 0.713709
4 0.477755 0.63057 0.479163 0.596118 0.461883 0.593872 0.460474 0.628324 0.571025
4 0.342591 0.581271 0.343806 0.551301 0.327182 0.549159 0.325968 0.579129 0.561851
0 0.455525 0.625835 0.459339 0.587487 0.438684 0.580954 0.43487 0.619301 0.556251
4 0.369974 0.621212 0.372406 0.593346 0.35556 0.588671 0.353128 0.616537 0.387598
4 0.380058 0.659333 0.382955 0.624615 0.362653 0.619227 0.359756 0.653945 0.290159
4 0.366829 0.565846 0.367724 0.53731 0.350777 0.535619 0.349882 0.564155 0.940176
4 0.337235 0.471591 0.339258 0.443252 0.323455 0.439666 0.321433 0.468005 0.906261
4 0.358522 0.446718 0.360173 0.419252 0.344719 0.416296 0.343067 0.443761 0.769522
4 0.398607 0.360513 0.3999 0.330989 0.383683 0.328728 0.382389 0.358252 0.713709
4 0.477755 0.63057 0.479163 0.596118 0.461883 0.593872 0.460474 0.628324 0.571025
4 0.342591 0.581271 0.343806 0.551301 0.327182 0.549159 0.325968 0.579129 0.561851
0 0.455525 0.625835 0.459339 0.587487 0.438684 0.580954 0.43487 0.619301 0.556251
4 0.369974 0.621212 0.372406 0.593346 0.35556 0.588671 0.353128 0.616537 0.387598
4 0.380058 0.659333 0.382955 0.624615 0.362653 0.619227 0.359756 0.653945 0.290159
