4 0.20178 0.392591 0.203649 0.362406 0.185899 0.358911 0.18403 0.389097 0.925618
4 0.303044 0.244714 0.305179 0.213187 0.287743 0.209432 0.285608 0.240959 0.865935
4 0.501146 0.474601 0.502147 0.447542 0.485862 0.445627 0.484861 0.472686 0.85608
4 0.43512 0.304822 0.437282 0.275707 0.421352 0.271945 0.41919 0.30106 0.841236
4 0.439008 0.708048 0.440967 0.678611 0.423643 0.674943 0.421683 0.70438 0.734034
0 0.423067 0.681696 0.427042 0.644706 0.40705 0.637872 0.403074 0.674862 0.68204
4 0.430525 0.60881 0.43125 0.580238 0.415425 0.578961 0.4147 0.607533 0.470488
4 0.361975 0.841434 0.363557 0.813507 0.347801 0.810667 0.346218 0.838594 0.455732
4 0.244285 0.759481 0.246546 0.728305 0.229815 0.724446 0.227554 0.755622 0.421353
4 0.168612 0.580252 0.17114 0.548187 0.153112 0.543666 0.150583 0.575731 0.360399
4 0.20178 0.392591 0.203649 0.362406 0.185899 0.358911 0.18403 0.389097 0.925618
4 0.303044 0.244714 0.305179 0.213187 0.287743 0.209432 0.285608 0.240959 0.865935
4 0.501146 0.474601 0.502147 0.447542 0.485862 0.445627 0.484861 0.472686 0.85608
4 0.43512 0.304822 0.437282 0.275707 0.421352 0.271945 0.41919 0.30106 0.841236
4 0.439008 0.708048 0.440967 0.678611 0.423643 0.674943 0.421683 0.70438 0.734034
0 0.423067 0.681696 0.427042 0.644706 0.40705 0.637872 0.403074 0.674862 0.68204
4 0.430525 0.60881 0.43125 0.580238 0.415425 0.578961 0.4147 0.607533 0.470488
4 0.361975 0.841434 0.363557 0.813507 0.347801 0.810667 0.346218 0.838594 0.455732
4 0.244285 0.759481 0.246546 0.728305 0.229815 0.724446 0.227554 0.755622 0.421353
4 0.168612 0.580252 0.17114 0.548187 0.153112 0.543666 0.150583 0.575731 0.360399
