4 0.391288 0.54624 0.392556 0.519211 0.375665 0.51669 0.374396 0.543719 0.87805
0 0.297425 0.443612 0.297845 0.407356 0.278645 0.406649 0.278225 0.442904 0.875613
4 0.419318 0.704155 0.420843 0.673908 0.403167 0.671073 0.401641 0.70132 0.724216
4 0.338417 0.57594 0.340249 0.547719 0.324047 0.544376 0.322215 0.572596 0.688066
4 0.398576 0.360261 0.399805 0.330653 0.383757 0.328534 0.382528 0.358142 0.649003
4 0.482129 0.636738 0.484344 0.604837 0.466632 0.600926 0.464417 0.632827 0.593151
4 0.286814 0.412961 0.288623 0.387257 0.272728 0.3837 0.27092 0.409404 0.580137
4 0.456788 0.558643 0.459604 0.521223 0.440206 0.51658 0.437389 0.554 0.308477
4 0.391288 0.54624 0.392556 0.519211 0.375665 0.51669 0.374396 0.543719 0.87805
0 0.297425 0.443612 0.297845 0.407356 0.278645 0.406649 0.278225 0.442904 0.875613
4 0.419318 0.704155 0.420843 0.673908 0.403167 0.671073 0.401641 0.70132 0.724216
4 0.338417 0.57594 0.340249 0.547719 0.324047 0.544376 0.322215 0.572596 0.688066
4 0.398576 0.360261 0.399805 0.330653 0.383757 0.328534 0.382528 0.358142 0.649003
4 0.482129 0.636738 0.484344 0.604837 0.466632 0.600926 0.464417 0.632827 0.593151
4 0.286814 0.412961 0.288623 0.387257 0.272728 0.3837 0.27092 0.409404 0.580137
4 0.456788 0.558643 0.459604 0.521223 0.440206 0.51658 0.437389 0.554 0.308477
