4 0.201916 0.392474 0.203765 0.362368 0.185988 0.358896 0.184139 0.389002 0.925292
4 0.401154 0.433041 0.403214 0.404973 0.38732 0.401264 0.385261 0.429332 0.88237
4 0.5013 0.474276 0.502231 0.447375 0.485872 0.445575 0.484942 0.472477 0.878263
4 0.30331 0.24495 0.305565 0.213258 0.287978 0.209279 0.285724 0.240971 0.877984
4 0.435213 0.304494 0.437366 0.275629 0.421295 0.271816 0.419141 0.300681 0.839328
4 0.337636 0.556901 0.340009 0.522607 0.320468 0.518306 0.318095 0.552601 0.802731
0 0.447484 0.44284 0.449449 0.407389 0.431135 0.404161 0.42917 0.439612 0.71937
4 0.362018 0.841413 0.363508 0.813486 0.347786 0.810818 0.346296 0.838745 0.488516
4 0.168716 0.580223 0.171232 0.548392 0.153275 0.543878 0.150759 0.575709 0.392681
4 0.244153 0.759521 0.246428 0.728474 0.22983 0.724604 0.227554 0.755651 0.369915
4 0.201916 0.392474 0.203765 0.362368 0.185988 0.358896 0.184139 0.389002 0.925292
4 0.401154 0.433041 0.403214 0.404973 0.38732 0.401264 0.385261 0.429332 0.88237
4 0.5013 0.474276 0.502231 0.447375 0.485872 0.445575 0.484942 0.472477 0.878263
4 0.30331 0.24495 0.305565 0.213258 0.287978 0.209279 0.285724 0.240971 0.877984
4 0.435213 0.304494 0.437366 0.275629 0.421295 0.271816 0.419141 0.300681 0.839328
4 0.337636 0.556901 0.340009 0.522607 0.320468 0.518306 0.318095 0.552601 0.802731
0 0.447484 0.44284 0.449449 0.407389 0.431135 0.404161 0.42917 0.439612 0.71937
4 0.362018 0.841413 0.363508 0.813486 0.347786 0.810818 0.346296 0.838745 0.488516
4 0.168716 0.580223 0.171232 0.548392 0.153275 0.543878 0.150759 0.575709 0.392681
4 0.244153 0.759521 0.246428 0.728474 0.22983 0.724604 0.227554 0.755651 0.369915
