4 0.201916 0.392745 0.203828 0.362388 0.185944 0.358805 0.184032 0.389162 0.917746
4 0.401786 0.433347 0.403162 0.404925 0.386941 0.402427 0.385565 0.430849 0.900588
4 0.501415 0.474376 0.502303 0.447466 0.485951 0.445749 0.485063 0.472659 0.882369
4 0.303321 0.24503 0.305562 0.21334 0.287839 0.209355 0.285599 0.241044 0.873631
4 0.43529 0.304851 0.437375 0.275736 0.42126 0.272065 0.419175 0.30118 0.83483
4 0.337605 0.556666 0.339907 0.522747 0.320413 0.518539 0.318111 0.552458 0.817098
0 0.442032 0.45766 0.445763 0.421233 0.426278 0.414887 0.422547 0.451313 0.806033
4 0.362018 0.841469 0.363484 0.813532 0.347666 0.810891 0.346199 0.838828 0.473475
4 0.244171 0.759435 0.246446 0.728333 0.229802 0.724461 0.227527 0.755563 0.382067
4 0.168708 0.580466 0.171196 0.548409 0.153253 0.54398 0.150765 0.576036 0.364591
4 0.201916 0.392745 0.203828 0.362388 0.185944 0.358805 0.184032 0.389162 0.917746
4 0.401786 0.433347 0.403162 0.404925 0.386941 0.402427 0.385565 0.430849 0.900588
4 0.501415 0.474376 0.502303 0.447466 0.485951 0.445749 0.485063 0.472659 0.882369
4 0.303321 0.24503 0.305562 0.21334 0.287839 0.209355 0.285599 0.241044 0.873631
4 0.43529 0.304851 0.437375 0.275736 0.42126 0.272065 0.419175 0.30118 0.83483
4 0.337605 0.556666 0.339907 0.522747 0.320413 0.518539 0.318111 0.552458 0.817098
0 0.442032 0.45766 0.445763 0.421233 0.426278 0.414887 0.422547 0.451313 0.806033
4 0.362018 0.841469 0.363484 0.813532 0.347666 0.810891 0.346199 0.838828 0.473475
4 0.244171 0.759435 0.246446 0.728333 0.229802 0.724461 0.227527 0.755563 0.382067
4 0.168708 0.580466 0.171196 0.548409 0.153253 0.54398 0.150765 0.576036 0.364591
