4 0.36133 0.49828 0.362801 0.469721 0.346413 0.467037 0.344942 0.495595 0.938673
0 0.401606 0.663365 0.405872 0.621848 0.386627 0.615559 0.38236 0.657075 0.708852
4 0.425436 0.68244 0.427636 0.654491 0.410412 0.650178 0.408212 0.678128 0.571951
4 0.330949 0.498275 0.33331 0.457932 0.310487 0.453684 0.308126 0.494027 0.496696
4 0.341189 0.58523 0.344649 0.553853 0.327585 0.547869 0.324125 0.579246 0.339586
4 0.416063 0.593022 0.419375 0.555601 0.399789 0.550088 0.396477 0.587509 0.336318
4 0.336278 0.474482 0.337396 0.444505 0.320773 0.442534 0.319655 0.47251 0.327275
4 0.36133 0.49828 0.362801 0.469721 0.346413 0.467037 0.344942 0.495595 0.938673
0 0.401606 0.663365 0.405872 0.621848 0.386627 0.615559 0.38236 0.657075 0.708852
4 0.425436 0.68244 0.427636 0.654491 0.410412 0.650178 0.408212 0.678128 0.571951
4 0.330949 0.498275 0.33331 0.457932 0.310487 0.453684 0.308126 0.494027 0.496696
4 0.341189 0.58523 0.344649 0.553853 0.327585 0.547869 0.324125 0.579246 0.339586
4 0.416063 0.593022 0.419375 0.555601 0.399789 0.550088 0.396477 0.587509 0.336318
4 0.336278 0.474482 0.337396 0.444505 0.320773 0.442534 0.319655 0.47251 0.327275
