4 0.401816 0.432885 0.402334 0.404248 0.38661 0.403345 0.386093 0.431981 0.950916
4 0.201673 0.392562 0.202612 0.362392 0.185109 0.360658 0.184169 0.390828 0.930949
4 0.436137 0.305899 0.437938 0.2758 0.421076 0.272591 0.419275 0.302689 0.925375
4 0.301931 0.244648 0.30377 0.21326 0.286873 0.210111 0.285034 0.2415 0.895192
4 0.338236 0.557698 0.341317 0.523314 0.321278 0.517604 0.318197 0.551987 0.852297
4 0.500495 0.474405 0.501906 0.447346 0.486048 0.444717 0.484638 0.471776 0.729369
4 0.362078 0.841932 0.364015 0.813474 0.347931 0.809992 0.345995 0.83845 0.706657
0 0.447219 0.440778 0.447789 0.403388 0.426834 0.402373 0.426265 0.439763 0.633046
4 0.25172 0.248588 0.254312 0.190318 0.226059 0.18632 0.223466 0.24459 0.556385
4 0.0849995 0.441992 0.0882569 0.3998 0.0617866 0.393301 0.0585292 0.435493 0.545934
4 0.155361 0.221506 0.158134 0.181125 0.13477 0.176023 0.131997 0.216404 0.451836
4 0.170155 0.584958 0.171643 0.546666 0.151782 0.544212 0.150294 0.582504 0.416808
4 0.0879122 0.42047 0.0901712 0.37546 0.0637642 0.371245 0.0615052 0.416255 0.400865
4 0.130708 0.261012 0.13267 0.225157 0.110698 0.221333 0.108736 0.257188 0.374957
4 0.249954 0.688927 0.252584 0.644531 0.227952 0.639891 0.225322 0.684287 0.374825
4 0.36684 0.532036 0.368231 0.49609 0.348049 0.493607 0.346658 0.529554 0.315643
4 0.250217 0.113153 0.252112 0.0678884 0.228662 0.0647659 0.226767 0.11003 0.312892
4 0.160844 0.513239 0.164111 0.464287 0.135895 0.458299 0.132629 0.507251 0.283984
4 0.452404 0.3397 0.455456 0.293238 0.430191 0.287959 0.427139 0.334421 0.277481
4 0.16959 0.177438 0.170549 0.141826 0.148728 0.139957 0.147769 0.175568 0.27302
4 0.0897291 0.556902 0.0924558 0.514189 0.0670408 0.509029 0.064314 0.551742 0.263506
4 0.336746 0.820296 0.338853 0.781768 0.319758 0.778447 0.317652 0.816976 0.260117
4 0.401816 0.432885 0.402334 0.404248 0.38661 0.403345 0.386093 0.431981 0.950916
4 0.201673 0.392562 0.202612 0.362392 0.185109 0.360658 0.184169 0.390828 0.930949
4 0.436137 0.305899 0.437938 0.2758 0.421076 0.272591 0.419275 0.302689 0.925375
4 0.301931 0.244648 0.30377 0.21326 0.286873 0.210111 0.285034 0.2415 0.895192
4 0.338236 0.557698 0.341317 0.523314 0.321278 0.517604 0.318197 0.551987 0.852297
4 0.500495 0.474405 0.501906 0.447346 0.486048 0.444717 0.484638 0.471776 0.729369
4 0.362078 0.841932 0.364015 0.813474 0.347931 0.809992 0.345995 0.83845 0.706657
0 0.447219 0.440778 0.447789 0.403388 0.426834 0.402373 0.426265 0.439763 0.633046
4 0.25172 0.248588 0.254312 0.190318 0.226059 0.18632 0.223466 0.24459 0.556385
4 0.0849995 0.441992 0.0882569 0.3998 0.0617866 0.393301 0.0585292 0.435493 0.545934
4 0.155361 0.221506 0.158134 0.181125 0.13477 0.176023 0.131997 0.216404 0.451836
4 0.170155 0.584958 0.171643 0.546666 0.151782 0.544212 0.150294 0.582504 0.416808
4 0.0879122 0.42047 0.0901712 0.37546 0.0637642 0.371245 0.0615052 0.416255 0.400865
4 0.130708 0.261012 0.13267 0.225157 0.110698 0.221333 0.108736 0.257188 0.374957
4 0.249954 0.688927 0.252584 0.644531 0.227952 0.639891 0.225322 0.684287 0.374825
4 0.36684 0.532036 0.368231 0.49609 0.348049 0.493607 0.346658 0.529554 0.315643
4 0.250217 0.113153 0.252112 0.0678884 0.228662 0.0647659 0.226767 0.11003 0.312892
4 0.160844 0.513239 0.164111 0.464287 0.135895 0.458299 0.132629 0.507251 0.283984
4 0.452404 0.3397 0.455456 0.293238 0.430191 0.287959 0.427139 0.334421 0.277481
4 0.16959 0.177438 0.170549 0.141826 0.148728 0.139957 0.147769 0.175568 0.27302
4 0.0897291 0.556902 0.0924558 0.514189 0.0670408 0.509029 0.064314 0.551742 0.263506
4 0.336746 0.820296 0.338853 0.781768 0.319758 0.778447 0.317652 0.816976 0.260117
