4 0.201884 0.392523 0.203799 0.362339 0.185989 0.358744 0.184073 0.388928 0.926323
4 0.401132 0.43302 0.403054 0.404874 0.387291 0.40145 0.385369 0.429596 0.889998
4 0.501336 0.47432 0.502267 0.44739 0.485881 0.445588 0.48495 0.472519 0.877601
4 0.303363 0.244947 0.305587 0.213101 0.287885 0.20917 0.285662 0.241016 0.875124
4 0.435246 0.304433 0.437375 0.275554 0.421301 0.271785 0.419172 0.300664 0.841723
4 0.337662 0.55691 0.340019 0.522626 0.320481 0.518354 0.318124 0.552639 0.804758
0 0.447155 0.44127 0.448628 0.40605 0.430234 0.403603 0.42876 0.438824 0.75504
4 0.361989 0.841473 0.363522 0.813499 0.347778 0.810755 0.346245 0.838729 0.4941
4 0.168707 0.58017 0.171233 0.548255 0.153171 0.54371 0.150646 0.575625 0.386643
4 0.244134 0.759544 0.246416 0.72836 0.229674 0.724463 0.227392 0.755648 0.384125
4 0.201884 0.392523 0.203799 0.362339 0.185989 0.358744 0.184073 0.388928 0.926323
4 0.401132 0.43302 0.403054 0.404874 0.387291 0.40145 0.385369 0.429596 0.889998
4 0.501336 0.47432 0.502267 0.44739 0.485881 0.445588 0.48495 0.472519 0.877601
4 0.303363 0.244947 0.305587 0.213101 0.287885 0.20917 0.285662 0.241016 0.875124
4 0.435246 0.304433 0.437375 0.275554 0.421301 0.271785 0.419172 0.300664 0.841723
4 0.337662 0.55691 0.340019 0.522626 0.320481 0.518354 0.318124 0.552639 0.804758
0 0.447155 0.44127 0.448628 0.40605 0.430234 0.403603 0.42876 0.438824 0.75504
4 0.361989 0.841473 0.363522 0.813499 0.347778 0.810755 0.346245 0.838729 0.4941
4 0.168707 0.58017 0.171233 0.548255 0.153171 0.54371 0.150646 0.575625 0.386643
4 0.244134 0.759544 0.246416 0.72836 0.229674 0.724463 0.227392 0.755648 0.384125
