4 0.39151 0.546421 0.392829 0.5193 0.375819 0.51667 0.374501 0.543791 0.874056
0 0.253202 0.343976 0.255766 0.303033 0.233807 0.29866 0.231243 0.339603 0.808216
4 0.338369 0.575613 0.340133 0.547754 0.324169 0.54454 0.322405 0.572398 0.703268
4 0.419368 0.704414 0.420983 0.673884 0.403259 0.670902 0.401644 0.701432 0.698118
4 0.398668 0.360466 0.399899 0.330801 0.383745 0.328669 0.382514 0.358335 0.673794
4 0.481937 0.637297 0.484728 0.604878 0.466954 0.60001 0.464163 0.63243 0.528903
4 0.241718 0.310614 0.244616 0.282495 0.228165 0.277103 0.225267 0.305223 0.379793
4 0.39151 0.546421 0.392829 0.5193 0.375819 0.51667 0.374501 0.543791 0.874056
0 0.253202 0.343976 0.255766 0.303033 0.233807 0.29866 0.231243 0.339603 0.808216
4 0.338369 0.575613 0.340133 0.547754 0.324169 0.54454 0.322405 0.572398 0.703268
4 0.419368 0.704414 0.420983 0.673884 0.403259 0.670902 0.401644 0.701432 0.698118
4 0.398668 0.360466 0.399899 0.330801 0.383745 0.328669 0.382514 0.358335 0.673794
4 0.481937 0.637297 0.484728 0.604878 0.466954 0.60001 0.464163 0.63243 0.528903
4 0.241718 0.310614 0.244616 0.282495 0.228165 0.277103 0.225267 0.305223 0.379793
