4 0.401551 0.433857 0.402659 0.404563 0.386878 0.402666 0.385771 0.43196 0.930647
4 0.201748 0.392698 0.203621 0.362454 0.185784 0.358941 0.183911 0.389185 0.9262
4 0.303237 0.244113 0.305257 0.212905 0.287757 0.209304 0.285738 0.240512 0.876294
4 0.501162 0.474624 0.502182 0.447515 0.485925 0.44557 0.484905 0.472679 0.853919
4 0.435285 0.304875 0.437411 0.276037 0.421499 0.272307 0.419373 0.301145 0.836563
4 0.337685 0.556967 0.34002 0.52272 0.320453 0.518477 0.318118 0.552724 0.787011
0 0.439377 0.444329 0.442354 0.401202 0.421439 0.396609 0.418461 0.439736 0.580307
4 0.362043 0.841599 0.363512 0.81348 0.347614 0.810839 0.346145 0.838958 0.463689
4 0.244147 0.759412 0.246414 0.728535 0.229756 0.724647 0.22749 0.755523 0.423726
4 0.168536 0.58032 0.17119 0.548166 0.153187 0.543442 0.150533 0.575595 0.33418
4 0.401551 0.433857 0.402659 0.404563 0.386878 0.402666 0.385771 0.43196 0.930647
4 0.201748 0.392698 0.203621 0.362454 0.185784 0.358941 0.183911 0.389185 0.9262
4 0.303237 0.244113 0.305257 0.212905 0.287757 0.209304 0.285738 0.240512 0.876294
4 0.501162 0.474624 0.502182 0.447515 0.485925 0.44557 0.484905 0.472679 0.853919
4 0.435285 0.304875 0.437411 0.276037 0.421499 0.272307 0.419373 0.301145 0.836563
4 0.337685 0.556967 0.34002 0.52272 0.320453 0.518477 0.318118 0.552724 0.787011
0 0.439377 0.444329 0.442354 0.401202 0.421439 0.396609 0.418461 0.439736 0.580307
4 0.362043 0.841599 0.363512 0.81348 0.347614 0.810839 0.346145 0.838958 0.463689
4 0.244147 0.759412 0.246414 0.728535 0.229756 0.724647 0.22749 0.755523 0.423726
4 0.168536 0.58032 0.17119 0.548166 0.153187 0.543442 0.150533 0.575595 0.33418
