4 0.201503 0.392632 0.203437 0.362274 0.185666 0.358674 0.183732 0.389031 0.917871
4 0.303125 0.244849 0.305293 0.213304 0.287782 0.209477 0.285614 0.241022 0.871031
4 0.501361 0.474485 0.502344 0.447299 0.485808 0.445398 0.484826 0.472584 0.870649
4 0.435315 0.304825 0.437451 0.275861 0.421487 0.272116 0.419351 0.30108 0.843453
4 0.402596 0.432903 0.403532 0.403684 0.387439 0.402044 0.386503 0.431263 0.815858
4 0.337526 0.557014 0.340011 0.522732 0.320455 0.518223 0.317969 0.552505 0.791923
0 0.448709 0.446447 0.451338 0.411264 0.432791 0.406857 0.430162 0.442039 0.621707
4 0.361963 0.841581 0.363603 0.813629 0.347777 0.810675 0.346137 0.838628 0.499708
4 0.244308 0.759618 0.246645 0.728376 0.229836 0.724377 0.227498 0.755619 0.378697
4 0.169017 0.582986 0.171466 0.550558 0.154391 0.546458 0.151943 0.578886 0.374731
4 0.201503 0.392632 0.203437 0.362274 0.185666 0.358674 0.183732 0.389031 0.917871
4 0.303125 0.244849 0.305293 0.213304 0.287782 0.209477 0.285614 0.241022 0.871031
4 0.501361 0.474485 0.502344 0.447299 0.485808 0.445398 0.484826 0.472584 0.870649
4 0.435315 0.304825 0.437451 0.275861 0.421487 0.272116 0.419351 0.30108 0.843453
4 0.402596 0.432903 0.403532 0.403684 0.387439 0.402044 0.386503 0.431263 0.815858
4 0.337526 0.557014 0.340011 0.522732 0.320455 0.518223 0.317969 0.552505 0.791923
0 0.448709 0.446447 0.451338 0.411264 0.432791 0.406857 0.430162 0.442039 0.621707
4 0.361963 0.841581 0.363603 0.813629 0.347777 0.810675 0.346137 0.838628 0.499708
4 0.244308 0.759618 0.246645 0.728376 0.229836 0.724377 0.227498 0.755619 0.378697
4 0.169017 0.582986 0.171466 0.550558 0.154391 0.546458 0.151943 0.578886 0.374731
