4 0.361301 0.498178 0.36272 0.469731 0.346374 0.467139 0.344956 0.495587 0.946494
0 0.403811 0.677944 0.407641 0.641189 0.389269 0.6351 0.385439 0.671855 0.715532
4 0.425729 0.682464 0.428083 0.654863 0.411036 0.65024 0.408682 0.677841 0.555411
4 0.331249 0.497622 0.333291 0.45772 0.310512 0.454012 0.30847 0.493914 0.554585
4 0.336678 0.473393 0.33758 0.444414 0.321363 0.442808 0.32046 0.471786 0.44629
4 0.341219 0.585102 0.34468 0.553748 0.327597 0.547751 0.324136 0.579105 0.367684
4 0.361301 0.498178 0.36272 0.469731 0.346374 0.467139 0.344956 0.495587 0.946494
0 0.403811 0.677944 0.407641 0.641189 0.389269 0.6351 0.385439 0.671855 0.715532
4 0.425729 0.682464 0.428083 0.654863 0.411036 0.65024 0.408682 0.677841 0.555411
4 0.331249 0.497622 0.333291 0.45772 0.310512 0.454012 0.30847 0.493914 0.554585
4 0.336678 0.473393 0.33758 0.444414 0.321363 0.442808 0.32046 0.471786 0.44629
4 0.341219 0.585102 0.34468 0.553748 0.327597 0.547751 0.324136 0.579105 0.367684
