4 0.201779 0.392588 0.203647 0.36241 0.185902 0.358917 0.184034 0.389096 0.927264
4 0.402838 0.433679 0.40529 0.405181 0.387912 0.400426 0.385459 0.428923 0.90863
4 0.501074 0.474681 0.502041 0.447246 0.485368 0.445379 0.484402 0.472813 0.87586
4 0.303371 0.244968 0.305623 0.213392 0.287932 0.209378 0.28568 0.240954 0.866629
4 0.435178 0.304626 0.437369 0.275851 0.421372 0.271977 0.419181 0.300752 0.843625
4 0.337736 0.556991 0.340051 0.522667 0.320451 0.518463 0.318136 0.552787 0.783922
0 0.458444 0.519805 0.458445 0.484955 0.437376 0.484952 0.437374 0.519802 0.557965
4 0.361892 0.841558 0.363421 0.813544 0.347522 0.810784 0.345993 0.838799 0.509273
4 0.244131 0.759212 0.246418 0.728263 0.229721 0.724341 0.227435 0.755289 0.447458
4 0.16896 0.58291 0.171251 0.550812 0.154356 0.546976 0.152065 0.579074 0.352746
4 0.201779 0.392588 0.203647 0.36241 0.185902 0.358917 0.184034 0.389096 0.927264
4 0.402838 0.433679 0.40529 0.405181 0.387912 0.400426 0.385459 0.428923 0.90863
4 0.501074 0.474681 0.502041 0.447246 0.485368 0.445379 0.484402 0.472813 0.87586
4 0.303371 0.244968 0.305623 0.213392 0.287932 0.209378 0.28568 0.240954 0.866629
4 0.435178 0.304626 0.437369 0.275851 0.421372 0.271977 0.419181 0.300752 0.843625
4 0.337736 0.556991 0.340051 0.522667 0.320451 0.518463 0.318136 0.552787 0.783922
0 0.458444 0.519805 0.458445 0.484955 0.437376 0.484952 0.437374 0.519802 0.557965
4 0.361892 0.841558 0.363421 0.813544 0.347522 0.810784 0.345993 0.838799 0.509273
4 0.244131 0.759212 0.246418 0.728263 0.229721 0.724341 0.227435 0.755289 0.447458
4 0.16896 0.58291 0.171251 0.550812 0.154356 0.546976 0.152065 0.579074 0.352746
