0 0.315939 0.489373 0.318366 0.454568 0.29861 0.450186 0.296183 0.484991 0.921987
4 0.391378 0.546452 0.392685 0.519222 0.375633 0.516619 0.374326 0.543848 0.857134
4 0.306382 0.458937 0.307536 0.432838 0.291594 0.430597 0.290441 0.456696 0.766748
4 0.419275 0.704196 0.420789 0.673988 0.402986 0.671149 0.401471 0.701357 0.728782
4 0.338481 0.57589 0.340322 0.548123 0.324333 0.54475 0.322491 0.572517 0.686366
4 0.398609 0.360471 0.39981 0.331084 0.383808 0.329004 0.382607 0.358391 0.65976
4 0.482012 0.637107 0.48433 0.605018 0.466522 0.600927 0.464204 0.633016 0.614985
4 0.118537 0.262844 0.121042 0.230024 0.10009 0.224939 0.097585 0.257759 0.383087
4 0.455963 0.558393 0.458872 0.521277 0.439101 0.516351 0.436193 0.553466 0.250515
0 0.315939 0.489373 0.318366 0.454568 0.29861 0.450186 0.296183 0.484991 0.921987
4 0.391378 0.546452 0.392685 0.519222 0.375633 0.516619 0.374326 0.543848 0.857134
4 0.306382 0.458937 0.307536 0.432838 0.291594 0.430597 0.290441 0.456696 0.766748
4 0.419275 0.704196 0.420789 0.673988 0.402986 0.671149 0.401471 0.701357 0.728782
4 0.338481 0.57589 0.340322 0.548123 0.324333 0.54475 0.322491 0.572517 0.686366
4 0.398609 0.360471 0.39981 0.331084 0.383808 0.329004 0.382607 0.358391 0.65976
4 0.482012 0.637107 0.48433 0.605018 0.466522 0.600927 0.464204 0.633016 0.614985
4 0.118537 0.262844 0.121042 0.230024 0.10009 0.224939 0.097585 0.257759 0.383087
4 0.455963 0.558393 0.458872 0.521277 0.439101 0.516351 0.436193 0.553466 0.250515
