4 0.201858 0.392503 0.203732 0.362319 0.185851 0.358788 0.183977 0.388973 0.925748
4 0.501227 0.474445 0.502196 0.447399 0.485846 0.445536 0.484878 0.472583 0.874638
4 0.401219 0.433095 0.403213 0.404956 0.387229 0.401354 0.385236 0.429494 0.873586
4 0.303263 0.244921 0.305481 0.213421 0.287919 0.209489 0.285701 0.240989 0.871777
4 0.435185 0.304561 0.437362 0.275718 0.421317 0.271866 0.41914 0.30071 0.836851
4 0.337611 0.556961 0.339956 0.522621 0.320417 0.518379 0.318072 0.552719 0.801473
0 0.448005 0.447693 0.45043 0.412056 0.431039 0.407861 0.428615 0.443498 0.692388
4 0.36205 0.841407 0.363505 0.813293 0.347699 0.810691 0.346244 0.838805 0.504415
4 0.24419 0.759523 0.246455 0.728421 0.229763 0.724555 0.227497 0.755657 0.374671
4 0.16868 0.580286 0.171201 0.548396 0.153153 0.543857 0.150631 0.575747 0.367697
4 0.201858 0.392503 0.203732 0.362319 0.185851 0.358788 0.183977 0.388973 0.925748
4 0.501227 0.474445 0.502196 0.447399 0.485846 0.445536 0.484878 0.472583 0.874638
4 0.401219 0.433095 0.403213 0.404956 0.387229 0.401354 0.385236 0.429494 0.873586
4 0.303263 0.244921 0.305481 0.213421 0.287919 0.209489 0.285701 0.240989 0.871777
4 0.435185 0.304561 0.437362 0.275718 0.421317 0.271866 0.41914 0.30071 0.836851
4 0.337611 0.556961 0.339956 0.522621 0.320417 0.518379 0.318072 0.552719 0.801473
0 0.448005 0.447693 0.45043 0.412056 0.431039 0.407861 0.428615 0.443498 0.692388
4 0.36205 0.841407 0.363505 0.813293 0.347699 0.810691 0.346244 0.838805 0.504415
4 0.24419 0.759523 0.246455 0.728421 0.229763 0.724555 0.227497 0.755657 0.374671
4 0.16868 0.580286 0.171201 0.548396 0.153153 0.543857 0.150631 0.575747 0.367697
