4 0.201743 0.39254 0.203628 0.362235 0.185929 0.358732 0.184043 0.389037 0.920272
4 0.501417 0.47435 0.502361 0.447318 0.485927 0.445493 0.484983 0.472525 0.883146
4 0.401344 0.433412 0.403283 0.40526 0.387193 0.401735 0.385254 0.429888 0.874595
4 0.303338 0.244711 0.30543 0.213111 0.287816 0.209402 0.285724 0.241002 0.8714
4 0.435202 0.304434 0.437307 0.275947 0.421429 0.272216 0.419325 0.300703 0.830025
4 0.337801 0.556816 0.340097 0.522696 0.3205 0.518501 0.318203 0.552621 0.791759
0 0.447964 0.449031 0.450335 0.413337 0.430793 0.409208 0.428422 0.444902 0.729663
4 0.362012 0.841659 0.363554 0.813337 0.347602 0.810576 0.34606 0.838898 0.471743
4 0.244131 0.759542 0.246547 0.728257 0.229641 0.724106 0.227226 0.755391 0.377946
4 0.168566 0.580311 0.171085 0.548493 0.153013 0.543942 0.150494 0.575761 0.344506
4 0.201743 0.39254 0.203628 0.362235 0.185929 0.358732 0.184043 0.389037 0.920272
4 0.501417 0.47435 0.502361 0.447318 0.485927 0.445493 0.484983 0.472525 0.883146
4 0.401344 0.433412 0.403283 0.40526 0.387193 0.401735 0.385254 0.429888 0.874595
4 0.303338 0.244711 0.30543 0.213111 0.287816 0.209402 0.285724 0.241002 0.8714
4 0.435202 0.304434 0.437307 0.275947 0.421429 0.272216 0.419325 0.300703 0.830025
4 0.337801 0.556816 0.340097 0.522696 0.3205 0.518501 0.318203 0.552621 0.791759
0 0.447964 0.449031 0.450335 0.413337 0.430793 0.409208 0.428422 0.444902 0.729663
4 0.362012 0.841659 0.363554 0.813337 0.347602 0.810576 0.34606 0.838898 0.471743
4 0.244131 0.759542 0.246547 0.728257 0.229641 0.724106 0.227226 0.755391 0.377946
4 0.168566 0.580311 0.171085 0.548493 0.153013 0.543942 0.150494 0.575761 0.344506
