4 0.201892 0.392467 0.203715 0.362449 0.185994 0.359027 0.184171 0.389046 0.922425
4 0.303239 0.244661 0.305237 0.213237 0.287763 0.209704 0.285765 0.241128 0.878903
4 0.50101 0.474572 0.502027 0.447646 0.485971 0.445718 0.484954 0.472643 0.853859
4 0.435139 0.305039 0.437389 0.275914 0.421274 0.271954 0.419023 0.301079 0.842978
4 0.353713 0.552442 0.355686 0.522208 0.335929 0.518108 0.333956 0.548342 0.70182
0 0.332761 0.531028 0.334874 0.489429 0.31315 0.48592 0.311037 0.527519 0.683301
4 0.361959 0.841341 0.363426 0.813564 0.347677 0.810919 0.34621 0.838696 0.458561
4 0.470189 0.676491 0.471735 0.649819 0.457297 0.647158 0.455751 0.67383 0.365498
4 0.168732 0.58029 0.171198 0.548271 0.153256 0.543876 0.15079 0.575895 0.358048
4 0.243954 0.759367 0.246393 0.728009 0.229633 0.723863 0.227193 0.755221 0.323675
4 0.201892 0.392467 0.203715 0.362449 0.185994 0.359027 0.184171 0.389046 0.922425
4 0.303239 0.244661 0.305237 0.213237 0.287763 0.209704 0.285765 0.241128 0.878903
4 0.50101 0.474572 0.502027 0.447646 0.485971 0.445718 0.484954 0.472643 0.853859
4 0.435139 0.305039 0.437389 0.275914 0.421274 0.271954 0.419023 0.301079 0.842978
4 0.353713 0.552442 0.355686 0.522208 0.335929 0.518108 0.333956 0.548342 0.70182
0 0.332761 0.531028 0.334874 0.489429 0.31315 0.48592 0.311037 0.527519 0.683301
4 0.361959 0.841341 0.363426 0.813564 0.347677 0.810919 0.34621 0.838696 0.458561
4 0.470189 0.676491 0.471735 0.649819 0.457297 0.647158 0.455751 0.67383 0.365498
4 0.168732 0.58029 0.171198 0.548271 0.153256 0.543876 0.15079 0.575895 0.358048
4 0.243954 0.759367 0.246393 0.728009 0.229633 0.723863 0.227193 0.755221 0.323675
