0 0.249193 0.333648 0.250973 0.296837 0.228889 0.29344 0.227108 0.330251 0.899539
4 0.391254 0.546528 0.392569 0.5193 0.375644 0.516702 0.37433 0.54393 0.875049
4 0.419459 0.70403 0.420922 0.673598 0.403177 0.670885 0.401714 0.701317 0.704127
4 0.398817 0.360678 0.40003 0.330989 0.383764 0.328877 0.382552 0.358566 0.68848
4 0.338515 0.575849 0.340397 0.547595 0.324085 0.544141 0.322204 0.572395 0.678456
4 0.481948 0.637044 0.484566 0.604771 0.466675 0.600156 0.464057 0.632429 0.585971
4 0.242918 0.307398 0.245798 0.275627 0.228761 0.270716 0.225881 0.302487 0.437176
0 0.249193 0.333648 0.250973 0.296837 0.228889 0.29344 0.227108 0.330251 0.899539
4 0.391254 0.546528 0.392569 0.5193 0.375644 0.516702 0.37433 0.54393 0.875049
4 0.419459 0.70403 0.420922 0.673598 0.403177 0.670885 0.401714 0.701317 0.704127
4 0.398817 0.360678 0.40003 0.330989 0.383764 0.328877 0.382552 0.358566 0.68848
4 0.338515 0.575849 0.340397 0.547595 0.324085 0.544141 0.322204 0.572395 0.678456
4 0.481948 0.637044 0.484566 0.604771 0.466675 0.600156 0.464057 0.632429 0.585971
4 0.242918 0.307398 0.245798 0.275627 0.228761 0.270716 0.225881 0.302487 0.437176
