4 0.391337 0.546519 0.392607 0.519443 0.375648 0.516913 0.374378 0.543989 0.866135
4 0.419471 0.704444 0.420956 0.673959 0.403051 0.671186 0.401566 0.701672 0.726152
4 0.398558 0.360524 0.399794 0.33109 0.383709 0.328943 0.382474 0.358378 0.710365
0 0.311096 0.475775 0.312431 0.440181 0.293202 0.437887 0.291867 0.473481 0.676428
4 0.338388 0.576239 0.340371 0.548378 0.324199 0.544716 0.322215 0.572578 0.666526
4 0.482047 0.636814 0.4843 0.604835 0.466535 0.600854 0.464281 0.632833 0.598298
4 0.299491 0.442807 0.301593 0.415857 0.284995 0.411741 0.282893 0.43869 0.494514
4 0.45687 0.558743 0.459565 0.52116 0.440261 0.516758 0.437566 0.554342 0.260014
4 0.391337 0.546519 0.392607 0.519443 0.375648 0.516913 0.374378 0.543989 0.866135
4 0.419471 0.704444 0.420956 0.673959 0.403051 0.671186 0.401566 0.701672 0.726152
4 0.398558 0.360524 0.399794 0.33109 0.383709 0.328943 0.382474 0.358378 0.710365
0 0.311096 0.475775 0.312431 0.440181 0.293202 0.437887 0.291867 0.473481 0.676428
4 0.338388 0.576239 0.340371 0.548378 0.324199 0.544716 0.322215 0.572578 0.666526
4 0.482047 0.636814 0.4843 0.604835 0.466535 0.600854 0.464281 0.632833 0.598298
4 0.299491 0.442807 0.301593 0.415857 0.284995 0.411741 0.282893 0.43869 0.494514
4 0.45687 0.558743 0.459565 0.52116 0.440261 0.516758 0.437566 0.554342 0.260014
