4 0.201755 0.392559 0.203591 0.362413 0.185982 0.359002 0.184146 0.389148 0.923729
4 0.401608 0.433515 0.403 0.405002 0.386742 0.40248 0.385351 0.430992 0.902308
4 0.303336 0.244816 0.305482 0.213453 0.287958 0.209639 0.285812 0.241003 0.880092
4 0.501395 0.47431 0.502289 0.447303 0.485923 0.445582 0.48503 0.472588 0.876814
0 0.441602 0.456833 0.445069 0.420819 0.4254 0.414797 0.421933 0.450811 0.852138
4 0.435263 0.304786 0.437437 0.275774 0.42121 0.271906 0.419035 0.300918 0.833769
4 0.337616 0.556903 0.340074 0.522745 0.320485 0.518262 0.318027 0.55242 0.806726
4 0.361915 0.841587 0.36352 0.813753 0.347744 0.81086 0.346139 0.838694 0.470447
4 0.168936 0.582803 0.171182 0.550642 0.154247 0.546881 0.152001 0.579042 0.398477
4 0.244156 0.759682 0.246491 0.728226 0.229679 0.724258 0.227345 0.755715 0.338075
4 0.434326 0.395161 0.437015 0.360779 0.41965 0.356459 0.41696 0.39084 0.250224
4 0.201755 0.392559 0.203591 0.362413 0.185982 0.359002 0.184146 0.389148 0.923729
4 0.401608 0.433515 0.403 0.405002 0.386742 0.40248 0.385351 0.430992 0.902308
4 0.303336 0.244816 0.305482 0.213453 0.287958 0.209639 0.285812 0.241003 0.880092
4 0.501395 0.47431 0.502289 0.447303 0.485923 0.445582 0.48503 0.472588 0.876814
0 0.441602 0.456833 0.445069 0.420819 0.4254 0.414797 0.421933 0.450811 0.852138
4 0.435263 0.304786 0.437437 0.275774 0.42121 0.271906 0.419035 0.300918 0.833769
4 0.337616 0.556903 0.340074 0.522745 0.320485 0.518262 0.318027 0.55242 0.806726
4 0.361915 0.841587 0.36352 0.813753 0.347744 0.81086 0.346139 0.838694 0.470447
4 0.168936 0.582803 0.171182 0.550642 0.154247 0.546881 0.152001 0.579042 0.398477
4 0.244156 0.759682 0.246491 0.728226 0.229679 0.724258 0.227345 0.755715 0.338075
4 0.434326 0.395161 0.437015 0.360779 0.41965 0.356459 0.41696 0.39084 0.250224
