4 0.366556 0.565621 0.367352 0.537674 0.351426 0.536231 0.35063 0.564178 0.92825
4 0.337372 0.47177 0.339476 0.442852 0.323362 0.439122 0.321257 0.468041 0.886284
4 0.3584 0.446323 0.360091 0.418825 0.34481 0.415837 0.343119 0.443336 0.766511
4 0.39771 0.360581 0.399681 0.329821 0.3829 0.326401 0.380929 0.357161 0.656932
4 0.342767 0.580874 0.344019 0.551063 0.327506 0.548857 0.326254 0.578668 0.571347
4 0.380937 0.65729 0.382787 0.625429 0.364642 0.62208 0.362792 0.653941 0.547371
4 0.373455 0.648223 0.375573 0.614226 0.358208 0.610786 0.35609 0.644783 0.439361
4 0.424773 0.588341 0.427347 0.550242 0.407678 0.546017 0.405104 0.584115 0.371376
0 0.402753 0.572858 0.405581 0.537392 0.386178 0.53247 0.38335 0.567936 0.270758
4 0.366556 0.565621 0.367352 0.537674 0.351426 0.536231 0.35063 0.564178 0.92825
4 0.337372 0.47177 0.339476 0.442852 0.323362 0.439122 0.321257 0.468041 0.886284
4 0.3584 0.446323 0.360091 0.418825 0.34481 0.415837 0.343119 0.443336 0.766511
4 0.39771 0.360581 0.399681 0.329821 0.3829 0.326401 0.380929 0.357161 0.656932
4 0.342767 0.580874 0.344019 0.551063 0.327506 0.548857 0.326254 0.578668 0.571347
4 0.380937 0.65729 0.382787 0.625429 0.364642 0.62208 0.362792 0.653941 0.547371
4 0.373455 0.648223 0.375573 0.614226 0.358208 0.610786 0.35609 0.644783 0.439361
4 0.424773 0.588341 0.427347 0.550242 0.407678 0.546017 0.405104 0.584115 0.371376
0 0.402753 0.572858 0.405581 0.537392 0.386178 0.53247 0.38335 0.567936 0.270758
