4 0.361506 0.497874 0.362931 0.469356 0.346434 0.466734 0.345009 0.495252 0.940759
0 0.404208 0.661284 0.408282 0.621225 0.388698 0.614892 0.384624 0.65495 0.676878
4 0.330968 0.498118 0.333297 0.458026 0.310532 0.453822 0.308204 0.493914 0.529427
4 0.425594 0.683455 0.4278 0.654634 0.410192 0.650349 0.407987 0.67917 0.455259
4 0.336332 0.473884 0.337389 0.44424 0.320875 0.442366 0.319817 0.47201 0.408305
4 0.341268 0.585153 0.344696 0.553696 0.327615 0.547774 0.324186 0.579231 0.342152
4 0.361506 0.497874 0.362931 0.469356 0.346434 0.466734 0.345009 0.495252 0.940759
0 0.404208 0.661284 0.408282 0.621225 0.388698 0.614892 0.384624 0.65495 0.676878
4 0.330968 0.498118 0.333297 0.458026 0.310532 0.453822 0.308204 0.493914 0.529427
4 0.425594 0.683455 0.4278 0.654634 0.410192 0.650349 0.407987 0.67917 0.455259
4 0.336332 0.473884 0.337389 0.44424 0.320875 0.442366 0.319817 0.47201 0.408305
4 0.341268 0.585153 0.344696 0.553696 0.327615 0.547774 0.324186 0.579231 0.342152
