0 0.26519 0.369793 0.266985 0.334242 0.246118 0.330891 0.244323 0.366442 0.904162
4 0.391337 0.546485 0.392612 0.519133 0.375598 0.51661 0.374322 0.543962 0.872539
4 0.398557 0.360598 0.399843 0.331184 0.383761 0.328947 0.382475 0.358362 0.754169
4 0.419525 0.704759 0.421058 0.674288 0.403341 0.671454 0.401808 0.701924 0.691868
4 0.338468 0.576175 0.340376 0.548027 0.324154 0.54453 0.322246 0.572678 0.686724
4 0.482118 0.637199 0.484594 0.604889 0.466651 0.600516 0.464174 0.632825 0.631365
4 0.25833 0.34631 0.260234 0.313435 0.239368 0.309591 0.237463 0.342465 0.302329
0 0.26519 0.369793 0.266985 0.334242 0.246118 0.330891 0.244323 0.366442 0.904162
4 0.391337 0.546485 0.392612 0.519133 0.375598 0.51661 0.374322 0.543962 0.872539
4 0.398557 0.360598 0.399843 0.331184 0.383761 0.328947 0.382475 0.358362 0.754169
4 0.419525 0.704759 0.421058 0.674288 0.403341 0.671454 0.401808 0.701924 0.691868
4 0.338468 0.576175 0.340376 0.548027 0.324154 0.54453 0.322246 0.572678 0.686724
4 0.482118 0.637199 0.484594 0.604889 0.466651 0.600516 0.464174 0.632825 0.631365
4 0.25833 0.34631 0.260234 0.313435 0.239368 0.309591 0.237463 0.342465 0.302329
