4 0.201898 0.392692 0.203712 0.362523 0.18587 0.359111 0.184056 0.38928 0.927787
4 0.303202 0.244261 0.305146 0.213156 0.287936 0.209734 0.285992 0.24084 0.875768
4 0.501121 0.474333 0.502081 0.447523 0.485998 0.445692 0.485038 0.472502 0.855102
4 0.435162 0.304915 0.43729 0.276042 0.421371 0.27231 0.419243 0.301184 0.836699
4 0.440784 0.708589 0.442849 0.678736 0.423913 0.67457 0.421848 0.704423 0.712717
4 0.430748 0.6096 0.431788 0.581544 0.414975 0.579563 0.413935 0.607619 0.589984
4 0.362004 0.841429 0.363532 0.813625 0.347794 0.810874 0.346265 0.838677 0.463823
4 0.244221 0.759412 0.246582 0.728228 0.229715 0.724166 0.227353 0.75535 0.429337
4 0.168667 0.580493 0.171262 0.548451 0.153242 0.54381 0.150647 0.575851 0.350846
4 0.141137 0.216306 0.143063 0.184084 0.122253 0.180128 0.120327 0.212351 0.251104
4 0.201898 0.392692 0.203712 0.362523 0.18587 0.359111 0.184056 0.38928 0.927787
4 0.303202 0.244261 0.305146 0.213156 0.287936 0.209734 0.285992 0.24084 0.875768
4 0.501121 0.474333 0.502081 0.447523 0.485998 0.445692 0.485038 0.472502 0.855102
4 0.435162 0.304915 0.43729 0.276042 0.421371 0.27231 0.419243 0.301184 0.836699
4 0.440784 0.708589 0.442849 0.678736 0.423913 0.67457 0.421848 0.704423 0.712717
4 0.430748 0.6096 0.431788 0.581544 0.414975 0.579563 0.413935 0.607619 0.589984
4 0.362004 0.841429 0.363532 0.813625 0.347794 0.810874 0.346265 0.838677 0.463823
4 0.244221 0.759412 0.246582 0.728228 0.229715 0.724166 0.227353 0.75535 0.429337
4 0.168667 0.580493 0.171262 0.548451 0.153242 0.54381 0.150647 0.575851 0.350846
4 0.141137 0.216306 0.143063 0.184084 0.122253 0.180128 0.120327 0.212351 0.251104
