4 0.201876 0.392594 0.203757 0.362444 0.186067 0.358934 0.184186 0.389085 0.923719
4 0.4016 0.434187 0.402595 0.404805 0.387088 0.403136 0.386094 0.432518 0.903801
4 0.30312 0.244521 0.305238 0.213296 0.287779 0.20953 0.285661 0.240754 0.865422
4 0.500999 0.474722 0.502051 0.447534 0.485982 0.445557 0.484931 0.472745 0.853928
4 0.435179 0.30492 0.437323 0.276112 0.421413 0.272346 0.419269 0.301154 0.845105
4 0.33757 0.556941 0.339974 0.522717 0.320455 0.518358 0.318052 0.552581 0.792894
0 0.434971 0.437104 0.436418 0.397239 0.416318 0.394919 0.414871 0.434785 0.634932
4 0.36218 0.841444 0.363588 0.813364 0.347639 0.810822 0.346231 0.838902 0.482423
4 0.244124 0.759506 0.246426 0.728519 0.22974 0.724578 0.227439 0.755565 0.418973
4 0.169001 0.583119 0.171424 0.550439 0.154191 0.546376 0.151768 0.579056 0.340341
4 0.201876 0.392594 0.203757 0.362444 0.186067 0.358934 0.184186 0.389085 0.923719
4 0.4016 0.434187 0.402595 0.404805 0.387088 0.403136 0.386094 0.432518 0.903801
4 0.30312 0.244521 0.305238 0.213296 0.287779 0.20953 0.285661 0.240754 0.865422
4 0.500999 0.474722 0.502051 0.447534 0.485982 0.445557 0.484931 0.472745 0.853928
4 0.435179 0.30492 0.437323 0.276112 0.421413 0.272346 0.419269 0.301154 0.845105
4 0.33757 0.556941 0.339974 0.522717 0.320455 0.518358 0.318052 0.552581 0.792894
0 0.434971 0.437104 0.436418 0.397239 0.416318 0.394919 0.414871 0.434785 0.634932
4 0.36218 0.841444 0.363588 0.813364 0.347639 0.810822 0.346231 0.838902 0.482423
4 0.244124 0.759506 0.246426 0.728519 0.22974 0.724578 0.227439 0.755565 0.418973
4 0.169001 0.583119 0.171424 0.550439 0.154191 0.546376 0.151768 0.579056 0.340341
