4 0.201591 0.392583 0.203442 0.362513 0.185853 0.359069 0.184002 0.38914 0.922606
4 0.401973 0.433866 0.404375 0.405164 0.387712 0.400729 0.38531 0.42943 0.912363
4 0.303244 0.245229 0.305472 0.213222 0.287786 0.209306 0.285558 0.241314 0.876414
4 0.501232 0.474817 0.502222 0.447698 0.485941 0.445809 0.484951 0.472928 0.869476
4 0.435237 0.304578 0.437431 0.275685 0.421389 0.271811 0.419195 0.300704 0.846011
4 0.337806 0.556834 0.340028 0.522572 0.320396 0.518521 0.318173 0.552783 0.802124
0 0.441601 0.441161 0.444374 0.406586 0.426355 0.401988 0.423581 0.436563 0.71892
4 0.361979 0.841526 0.363511 0.813515 0.347614 0.810749 0.346082 0.83876 0.507424
4 0.244278 0.759663 0.246623 0.728034 0.229486 0.723992 0.227141 0.755622 0.427428
4 0.168607 0.580363 0.171121 0.548076 0.15286 0.543554 0.150346 0.575841 0.360116
4 0.201591 0.392583 0.203442 0.362513 0.185853 0.359069 0.184002 0.38914 0.922606
4 0.401973 0.433866 0.404375 0.405164 0.387712 0.400729 0.38531 0.42943 0.912363
4 0.303244 0.245229 0.305472 0.213222 0.287786 0.209306 0.285558 0.241314 0.876414
4 0.501232 0.474817 0.502222 0.447698 0.485941 0.445809 0.484951 0.472928 0.869476
4 0.435237 0.304578 0.437431 0.275685 0.421389 0.271811 0.419195 0.300704 0.846011
4 0.337806 0.556834 0.340028 0.522572 0.320396 0.518521 0.318173 0.552783 0.802124
0 0.441601 0.441161 0.444374 0.406586 0.426355 0.401988 0.423581 0.436563 0.71892
4 0.361979 0.841526 0.363511 0.813515 0.347614 0.810749 0.346082 0.83876 0.507424
4 0.244278 0.759663 0.246623 0.728034 0.229486 0.723992 0.227141 0.755622 0.427428
4 0.168607 0.580363 0.171121 0.548076 0.15286 0.543554 0.150346 0.575841 0.360116
