4 0.361425 0.497588 0.362907 0.469153 0.346445 0.466425 0.344963 0.49486 0.940461
4 0.331065 0.497984 0.333329 0.45803 0.310551 0.453925 0.308287 0.493879 0.537714
4 0.425782 0.683098 0.427699 0.65424 0.409876 0.650474 0.407959 0.679333 0.511961
4 0.3364 0.473792 0.337507 0.44403 0.32092 0.442068 0.319813 0.47183 0.451018
0 0.408406 0.661423 0.412229 0.617767 0.391035 0.611865 0.387212 0.65552 0.417573
4 0.34122 0.584931 0.344665 0.553728 0.327742 0.547785 0.324296 0.578988 0.341832
4 0.361425 0.497588 0.362907 0.469153 0.346445 0.466425 0.344963 0.49486 0.940461
4 0.331065 0.497984 0.333329 0.45803 0.310551 0.453925 0.308287 0.493879 0.537714
4 0.425782 0.683098 0.427699 0.65424 0.409876 0.650474 0.407959 0.679333 0.511961
4 0.3364 0.473792 0.337507 0.44403 0.32092 0.442068 0.319813 0.47183 0.451018
0 0.408406 0.661423 0.412229 0.617767 0.391035 0.611865 0.387212 0.65552 0.417573
4 0.34122 0.584931 0.344665 0.553728 0.327742 0.547785 0.324296 0.578988 0.341832
