4 0.361546 0.497695 0.362896 0.469397 0.346436 0.466901 0.345087 0.495198 0.949936
0 0.40332 0.679791 0.407509 0.642311 0.38851 0.635559 0.384321 0.673038 0.748645
4 0.425932 0.682726 0.428356 0.654463 0.411148 0.649769 0.408724 0.678032 0.56241
4 0.331056 0.498015 0.333322 0.458182 0.310524 0.454057 0.308258 0.49389 0.548108
4 0.336465 0.473145 0.337507 0.444113 0.321187 0.44225 0.320145 0.471282 0.513676
4 0.341313 0.584704 0.344745 0.553271 0.327594 0.547315 0.324162 0.578748 0.337623
4 0.361546 0.497695 0.362896 0.469397 0.346436 0.466901 0.345087 0.495198 0.949936
0 0.40332 0.679791 0.407509 0.642311 0.38851 0.635559 0.384321 0.673038 0.748645
4 0.425932 0.682726 0.428356 0.654463 0.411148 0.649769 0.408724 0.678032 0.56241
4 0.331056 0.498015 0.333322 0.458182 0.310524 0.454057 0.308258 0.49389 0.548108
4 0.336465 0.473145 0.337507 0.444113 0.321187 0.44225 0.320145 0.471282 0.513676
4 0.341313 0.584704 0.344745 0.553271 0.327594 0.547315 0.324162 0.578748 0.337623
