4 0.201843 0.39287 0.203699 0.362674 0.185884 0.359191 0.184028 0.389387 0.92406
4 0.303134 0.24474 0.305362 0.213136 0.287677 0.209171 0.285449 0.240775 0.868662
4 0.501062 0.474612 0.502071 0.447629 0.485863 0.445701 0.484854 0.472684 0.849843
4 0.435077 0.304658 0.437238 0.275832 0.421347 0.272043 0.419186 0.30087 0.841927
0 0.423329 0.681814 0.427262 0.644869 0.407242 0.63809 0.403309 0.675036 0.720155
4 0.43899 0.708101 0.440919 0.678582 0.423539 0.67497 0.42161 0.704489 0.713215
4 0.430175 0.609023 0.430895 0.580636 0.415082 0.579361 0.414362 0.607749 0.519014
4 0.361941 0.841502 0.363572 0.813508 0.347843 0.810593 0.346211 0.838586 0.456035
4 0.244216 0.759681 0.246586 0.728103 0.229647 0.724058 0.227276 0.755637 0.393989
4 0.168595 0.580491 0.171105 0.548615 0.153187 0.544128 0.150677 0.576004 0.349006
4 0.201843 0.39287 0.203699 0.362674 0.185884 0.359191 0.184028 0.389387 0.92406
4 0.303134 0.24474 0.305362 0.213136 0.287677 0.209171 0.285449 0.240775 0.868662
4 0.501062 0.474612 0.502071 0.447629 0.485863 0.445701 0.484854 0.472684 0.849843
4 0.435077 0.304658 0.437238 0.275832 0.421347 0.272043 0.419186 0.30087 0.841927
0 0.423329 0.681814 0.427262 0.644869 0.407242 0.63809 0.403309 0.675036 0.720155
4 0.43899 0.708101 0.440919 0.678582 0.423539 0.67497 0.42161 0.704489 0.713215
4 0.430175 0.609023 0.430895 0.580636 0.415082 0.579361 0.414362 0.607749 0.519014
4 0.361941 0.841502 0.363572 0.813508 0.347843 0.810593 0.346211 0.838586 0.456035
4 0.244216 0.759681 0.246586 0.728103 0.229647 0.724058 0.227276 0.755637 0.393989
4 0.168595 0.580491 0.171105 0.548615 0.153187 0.544128 0.150677 0.576004 0.349006
