4 0.201703 0.392483 0.203521 0.362433 0.185888 0.359041 0.18407 0.38909 0.927799
4 0.402983 0.433523 0.405295 0.405223 0.38782 0.400682 0.385508 0.428982 0.9203
4 0.303162 0.244311 0.305151 0.213249 0.287834 0.209722 0.285844 0.240784 0.870683
4 0.501447 0.474909 0.502372 0.447377 0.486015 0.445631 0.485091 0.473162 0.865099
4 0.435247 0.304597 0.437439 0.275836 0.421486 0.271969 0.419294 0.30073 0.843588
4 0.337592 0.557005 0.339971 0.522561 0.320449 0.518274 0.318071 0.552718 0.784535
0 0.463305 0.529484 0.465572 0.494695 0.4455 0.490534 0.443232 0.525323 0.609605
4 0.361999 0.841485 0.363583 0.813631 0.347745 0.810768 0.346162 0.838622 0.479197
4 0.24422 0.759389 0.246567 0.728251 0.229776 0.724226 0.227429 0.755364 0.445929
4 0.168584 0.580476 0.171216 0.548284 0.15304 0.543557 0.150408 0.575749 0.352201
4 0.201703 0.392483 0.203521 0.362433 0.185888 0.359041 0.18407 0.38909 0.927799
4 0.402983 0.433523 0.405295 0.405223 0.38782 0.400682 0.385508 0.428982 0.9203
4 0.303162 0.244311 0.305151 0.213249 0.287834 0.209722 0.285844 0.240784 0.870683
4 0.501447 0.474909 0.502372 0.447377 0.486015 0.445631 0.485091 0.473162 0.865099
4 0.435247 0.304597 0.437439 0.275836 0.421486 0.271969 0.419294 0.30073 0.843588
4 0.337592 0.557005 0.339971 0.522561 0.320449 0.518274 0.318071 0.552718 0.784535
0 0.463305 0.529484 0.465572 0.494695 0.4455 0.490534 0.443232 0.525323 0.609605
4 0.361999 0.841485 0.363583 0.813631 0.347745 0.810768 0.346162 0.838622 0.479197
4 0.24422 0.759389 0.246567 0.728251 0.229776 0.724226 0.227429 0.755364 0.445929
4 0.168584 0.580476 0.171216 0.548284 0.15304 0.543557 0.150408 0.575749 0.352201
