4 0.201888 0.39263 0.203717 0.362492 0.186001 0.359073 0.184172 0.389211 0.924784
4 0.402858 0.434072 0.405449 0.405301 0.388009 0.400305 0.385418 0.429076 0.913006
4 0.303187 0.244783 0.305331 0.213335 0.287784 0.20953 0.28564 0.240977 0.874479
4 0.500904 0.474459 0.501926 0.447021 0.485122 0.44503 0.4841 0.472469 0.845374
4 0.435281 0.304655 0.437441 0.275831 0.421444 0.272019 0.419283 0.300842 0.843619
4 0.337594 0.556831 0.339892 0.52253 0.320401 0.518377 0.318103 0.552678 0.78221
0 0.448649 0.517447 0.450613 0.480839 0.429992 0.47732 0.428027 0.513928 0.75468
4 0.361998 0.841666 0.363576 0.813532 0.347574 0.810678 0.345997 0.838812 0.478324
4 0.244251 0.759577 0.246623 0.728254 0.229808 0.724205 0.227437 0.755528 0.386921
4 0.168729 0.580527 0.171386 0.548138 0.153223 0.543401 0.150566 0.57579 0.366879
4 0.142437 0.214035 0.144205 0.18227 0.1236 0.178625 0.121833 0.210389 0.338564
4 0.201888 0.39263 0.203717 0.362492 0.186001 0.359073 0.184172 0.389211 0.924784
4 0.402858 0.434072 0.405449 0.405301 0.388009 0.400305 0.385418 0.429076 0.913006
4 0.303187 0.244783 0.305331 0.213335 0.287784 0.20953 0.28564 0.240977 0.874479
4 0.500904 0.474459 0.501926 0.447021 0.485122 0.44503 0.4841 0.472469 0.845374
4 0.435281 0.304655 0.437441 0.275831 0.421444 0.272019 0.419283 0.300842 0.843619
4 0.337594 0.556831 0.339892 0.52253 0.320401 0.518377 0.318103 0.552678 0.78221
0 0.448649 0.517447 0.450613 0.480839 0.429992 0.47732 0.428027 0.513928 0.75468
4 0.361998 0.841666 0.363576 0.813532 0.347574 0.810678 0.345997 0.838812 0.478324
4 0.244251 0.759577 0.246623 0.728254 0.229808 0.724205 0.227437 0.755528 0.386921
4 0.168729 0.580527 0.171386 0.548138 0.153223 0.543401 0.150566 0.57579 0.366879
4 0.142437 0.214035 0.144205 0.18227 0.1236 0.178625 0.121833 0.210389 0.338564
