4 0.20176 0.392532 0.203588 0.36241 0.185934 0.359003 0.184106 0.389125 0.923916
4 0.401657 0.433453 0.403085 0.404929 0.386762 0.40233 0.385334 0.430854 0.904098
4 0.303316 0.244768 0.305453 0.213417 0.28796 0.209625 0.285823 0.240976 0.879077
4 0.501388 0.474297 0.502277 0.447286 0.485886 0.445569 0.484996 0.47258 0.876494
4 0.435262 0.304772 0.437437 0.275759 0.421191 0.271885 0.419015 0.300898 0.831769
0 0.442141 0.457554 0.445799 0.420925 0.426415 0.414769 0.422757 0.451398 0.815241
4 0.337618 0.556889 0.340074 0.522778 0.320506 0.518297 0.31805 0.552408 0.805438
4 0.361908 0.841581 0.363527 0.81374 0.347753 0.810821 0.346133 0.838662 0.470925
4 0.168914 0.582854 0.171193 0.550676 0.15425 0.546859 0.151971 0.579037 0.398555
4 0.244154 0.759679 0.246506 0.728249 0.229696 0.724249 0.227344 0.755678 0.337629
4 0.20176 0.392532 0.203588 0.36241 0.185934 0.359003 0.184106 0.389125 0.923916
4 0.401657 0.433453 0.403085 0.404929 0.386762 0.40233 0.385334 0.430854 0.904098
4 0.303316 0.244768 0.305453 0.213417 0.28796 0.209625 0.285823 0.240976 0.879077
4 0.501388 0.474297 0.502277 0.447286 0.485886 0.445569 0.484996 0.47258 0.876494
4 0.435262 0.304772 0.437437 0.275759 0.421191 0.271885 0.419015 0.300898 0.831769
0 0.442141 0.457554 0.445799 0.420925 0.426415 0.414769 0.422757 0.451398 0.815241
4 0.337618 0.556889 0.340074 0.522778 0.320506 0.518297 0.31805 0.552408 0.805438
4 0.361908 0.841581 0.363527 0.81374 0.347753 0.810821 0.346133 0.838662 0.470925
4 0.168914 0.582854 0.171193 0.550676 0.15425 0.546859 0.151971 0.579037 0.398555
4 0.244154 0.759679 0.246506 0.728249 0.229696 0.724249 0.227344 0.755678 0.337629
