4 0.201487 0.392506 0.203406 0.362347 0.185737 0.358771 0.183818 0.38893 0.915744
4 0.501351 0.474457 0.502336 0.447294 0.485829 0.44539 0.484844 0.472554 0.874044
4 0.303042 0.244819 0.305293 0.213548 0.287898 0.209566 0.285646 0.240836 0.869417
4 0.435229 0.304729 0.43733 0.27596 0.421437 0.272269 0.419336 0.301037 0.847197
4 0.402008 0.432938 0.403075 0.404081 0.387363 0.402234 0.386296 0.431091 0.8307
4 0.337541 0.556985 0.339997 0.522718 0.320461 0.518266 0.318006 0.552533 0.792359
0 0.447856 0.443589 0.450207 0.407588 0.431981 0.403803 0.42963 0.439803 0.665746
4 0.361981 0.841602 0.363624 0.813559 0.347756 0.810602 0.346113 0.838645 0.50707
4 0.16883 0.583043 0.171342 0.550684 0.15426 0.546466 0.151747 0.578825 0.383402
4 0.244212 0.759576 0.246566 0.72841 0.229852 0.724395 0.227497 0.75556 0.360535
4 0.201487 0.392506 0.203406 0.362347 0.185737 0.358771 0.183818 0.38893 0.915744
4 0.501351 0.474457 0.502336 0.447294 0.485829 0.44539 0.484844 0.472554 0.874044
4 0.303042 0.244819 0.305293 0.213548 0.287898 0.209566 0.285646 0.240836 0.869417
4 0.435229 0.304729 0.43733 0.27596 0.421437 0.272269 0.419336 0.301037 0.847197
4 0.402008 0.432938 0.403075 0.404081 0.387363 0.402234 0.386296 0.431091 0.8307
4 0.337541 0.556985 0.339997 0.522718 0.320461 0.518266 0.318006 0.552533 0.792359
0 0.447856 0.443589 0.450207 0.407588 0.431981 0.403803 0.42963 0.439803 0.665746
4 0.361981 0.841602 0.363624 0.813559 0.347756 0.810602 0.346113 0.838645 0.50707
4 0.16883 0.583043 0.171342 0.550684 0.15426 0.546466 0.151747 0.578825 0.383402
4 0.244212 0.759576 0.246566 0.72841 0.229852 0.724395 0.227497 0.75556 0.360535
