4 0.201735 0.392821 0.203561 0.362653 0.185976 0.359266 0.184149 0.389434 0.91778
4 0.401413 0.43357 0.403807 0.405622 0.387391 0.40115 0.384997 0.429098 0.915841
4 0.501356 0.474398 0.502343 0.447405 0.485889 0.445491 0.484901 0.472484 0.8805
4 0.303174 0.244993 0.305359 0.213576 0.28789 0.209712 0.285705 0.241129 0.870993
4 0.435131 0.304752 0.437368 0.275942 0.42139 0.271997 0.419153 0.300806 0.842887
4 0.337664 0.556888 0.339938 0.522748 0.320401 0.518609 0.318126 0.552748 0.798397
0 0.447938 0.449503 0.450497 0.413434 0.431245 0.409089 0.428686 0.445158 0.705451
4 0.362024 0.841635 0.363569 0.813379 0.347548 0.810594 0.346003 0.83885 0.481168
4 0.168581 0.580414 0.171117 0.548374 0.153008 0.543815 0.150471 0.575855 0.352283
4 0.244144 0.759444 0.246473 0.728318 0.229821 0.724355 0.227491 0.75548 0.335464
4 0.201735 0.392821 0.203561 0.362653 0.185976 0.359266 0.184149 0.389434 0.91778
4 0.401413 0.43357 0.403807 0.405622 0.387391 0.40115 0.384997 0.429098 0.915841
4 0.501356 0.474398 0.502343 0.447405 0.485889 0.445491 0.484901 0.472484 0.8805
4 0.303174 0.244993 0.305359 0.213576 0.28789 0.209712 0.285705 0.241129 0.870993
4 0.435131 0.304752 0.437368 0.275942 0.42139 0.271997 0.419153 0.300806 0.842887
4 0.337664 0.556888 0.339938 0.522748 0.320401 0.518609 0.318126 0.552748 0.798397
0 0.447938 0.449503 0.450497 0.413434 0.431245 0.409089 0.428686 0.445158 0.705451
4 0.362024 0.841635 0.363569 0.813379 0.347548 0.810594 0.346003 0.83885 0.481168
4 0.168581 0.580414 0.171117 0.548374 0.153008 0.543815 0.150471 0.575855 0.352283
4 0.244144 0.759444 0.246473 0.728318 0.229821 0.724355 0.227491 0.75548 0.335464
