4 0.366752 0.565427 0.367596 0.53709 0.350907 0.53551 0.350063 0.563847 0.936874
4 0.337193 0.471634 0.339166 0.443251 0.323348 0.439753 0.321375 0.468137 0.896193
4 0.358466 0.446611 0.360103 0.419251 0.344773 0.416335 0.343136 0.443695 0.755003
4 0.398515 0.360375 0.399821 0.330818 0.383642 0.328544 0.382336 0.358101 0.654913
4 0.477716 0.630488 0.479129 0.596122 0.461795 0.593856 0.460382 0.628222 0.58158
4 0.342634 0.581164 0.34386 0.551244 0.327229 0.549078 0.326004 0.578997 0.568036
0 0.455593 0.625556 0.459401 0.587207 0.438455 0.580592 0.434646 0.618941 0.519676
4 0.366752 0.565427 0.367596 0.53709 0.350907 0.53551 0.350063 0.563847 0.936874
4 0.337193 0.471634 0.339166 0.443251 0.323348 0.439753 0.321375 0.468137 0.896193
4 0.358466 0.446611 0.360103 0.419251 0.344773 0.416335 0.343136 0.443695 0.755003
4 0.398515 0.360375 0.399821 0.330818 0.383642 0.328544 0.382336 0.358101 0.654913
4 0.477716 0.630488 0.479129 0.596122 0.461795 0.593856 0.460382 0.628222 0.58158
4 0.342634 0.581164 0.34386 0.551244 0.327229 0.549078 0.326004 0.578997 0.568036
0 0.455593 0.625556 0.459401 0.587207 0.438455 0.580592 0.434646 0.618941 0.519676
