4 0.201941 0.39263 0.203832 0.362458 0.185976 0.358898 0.184084 0.38907 0.920741
4 0.303369 0.244531 0.305468 0.213227 0.287914 0.209485 0.285816 0.240788 0.869551
4 0.501088 0.474643 0.502132 0.447627 0.485964 0.44564 0.48492 0.472656 0.852154
4 0.38176 0.595657 0.383165 0.563416 0.362771 0.560589 0.361366 0.592831 0.844435
4 0.435167 0.304752 0.437329 0.275833 0.421419 0.27205 0.419257 0.300969 0.843921
4 0.361929 0.841544 0.363549 0.813637 0.347721 0.810716 0.346102 0.838624 0.449897
4 0.168656 0.580423 0.171141 0.548377 0.153191 0.54395 0.150707 0.575997 0.384843
4 0.244114 0.759413 0.246481 0.728195 0.229646 0.724135 0.227279 0.755354 0.379839
0 0.363237 0.574205 0.364919 0.534447 0.344062 0.531639 0.342379 0.571397 0.314474
4 0.201941 0.39263 0.203832 0.362458 0.185976 0.358898 0.184084 0.38907 0.920741
4 0.303369 0.244531 0.305468 0.213227 0.287914 0.209485 0.285816 0.240788 0.869551
4 0.501088 0.474643 0.502132 0.447627 0.485964 0.44564 0.48492 0.472656 0.852154
4 0.38176 0.595657 0.383165 0.563416 0.362771 0.560589 0.361366 0.592831 0.844435
4 0.435167 0.304752 0.437329 0.275833 0.421419 0.27205 0.419257 0.300969 0.843921
4 0.361929 0.841544 0.363549 0.813637 0.347721 0.810716 0.346102 0.838624 0.449897
4 0.168656 0.580423 0.171141 0.548377 0.153191 0.54395 0.150707 0.575997 0.384843
4 0.244114 0.759413 0.246481 0.728195 0.229646 0.724135 0.227279 0.755354 0.379839
0 0.363237 0.574205 0.364919 0.534447 0.344062 0.531639 0.342379 0.571397 0.314474
