0 0.270912 0.343122 0.27433 0.302737 0.253316 0.29708 0.249897 0.337465 0.923144
4 0.391273 0.546456 0.3925 0.519348 0.375698 0.516931 0.374472 0.544039 0.88228
4 0.242531 0.308074 0.244713 0.277678 0.227469 0.273741 0.225287 0.304138 0.852483
4 0.398593 0.360555 0.399793 0.331646 0.383841 0.329539 0.382641 0.358448 0.73853
4 0.419418 0.704446 0.42095 0.674154 0.403182 0.671295 0.401649 0.701588 0.707343
4 0.338487 0.576005 0.340382 0.54813 0.32442 0.544678 0.322525 0.572553 0.678553
4 0.48196 0.637241 0.484533 0.60491 0.466762 0.600413 0.46419 0.632745 0.583113
0 0.270912 0.343122 0.27433 0.302737 0.253316 0.29708 0.249897 0.337465 0.923144
4 0.391273 0.546456 0.3925 0.519348 0.375698 0.516931 0.374472 0.544039 0.88228
4 0.242531 0.308074 0.244713 0.277678 0.227469 0.273741 0.225287 0.304138 0.852483
4 0.398593 0.360555 0.399793 0.331646 0.383841 0.329539 0.382641 0.358448 0.73853
4 0.419418 0.704446 0.42095 0.674154 0.403182 0.671295 0.401649 0.701588 0.707343
4 0.338487 0.576005 0.340382 0.54813 0.32442 0.544678 0.322525 0.572553 0.678553
4 0.48196 0.637241 0.484533 0.60491 0.466762 0.600413 0.46419 0.632745 0.583113
