4 0.361582 0.497573 0.363041 0.469186 0.34655 0.46649 0.345091 0.494877 0.93966
0 0.405088 0.661466 0.409154 0.620452 0.389143 0.614143 0.385076 0.655157 0.690708
4 0.330949 0.498132 0.333265 0.45803 0.310465 0.453842 0.308149 0.493944 0.523414
4 0.425816 0.683545 0.427809 0.654738 0.410043 0.650829 0.40805 0.679636 0.509062
4 0.336376 0.473764 0.337466 0.444126 0.320879 0.442187 0.319789 0.471826 0.449245
4 0.34122 0.585086 0.344628 0.553723 0.32759 0.547835 0.324182 0.579198 0.333562
4 0.361582 0.497573 0.363041 0.469186 0.34655 0.46649 0.345091 0.494877 0.93966
0 0.405088 0.661466 0.409154 0.620452 0.389143 0.614143 0.385076 0.655157 0.690708
4 0.330949 0.498132 0.333265 0.45803 0.310465 0.453842 0.308149 0.493944 0.523414
4 0.425816 0.683545 0.427809 0.654738 0.410043 0.650829 0.40805 0.679636 0.509062
4 0.336376 0.473764 0.337466 0.444126 0.320879 0.442187 0.319789 0.471826 0.449245
4 0.34122 0.585086 0.344628 0.553723 0.32759 0.547835 0.324182 0.579198 0.333562
