4 0.367208 0.565419 0.368102 0.537337 0.351403 0.535646 0.350509 0.563729 0.929667
4 0.337299 0.471422 0.339295 0.443601 0.323511 0.44 0.321515 0.46782 0.914361
4 0.358637 0.446559 0.360104 0.419498 0.344835 0.416865 0.343367 0.443926 0.812451
4 0.398598 0.360419 0.399862 0.331569 0.38394 0.32935 0.382675 0.3582 0.742875
0 0.443118 0.614606 0.447391 0.574727 0.427038 0.567791 0.422765 0.60767 0.650503
4 0.342696 0.580991 0.343991 0.551347 0.327504 0.549056 0.326209 0.5787 0.571707
4 0.380274 0.657051 0.382412 0.625692 0.364028 0.621705 0.36189 0.653065 0.414033
4 0.467075 0.624828 0.470303 0.590217 0.448373 0.583713 0.445146 0.618324 0.293845
4 0.367208 0.565419 0.368102 0.537337 0.351403 0.535646 0.350509 0.563729 0.929667
4 0.337299 0.471422 0.339295 0.443601 0.323511 0.44 0.321515 0.46782 0.914361
4 0.358637 0.446559 0.360104 0.419498 0.344835 0.416865 0.343367 0.443926 0.812451
4 0.398598 0.360419 0.399862 0.331569 0.38394 0.32935 0.382675 0.3582 0.742875
0 0.443118 0.614606 0.447391 0.574727 0.427038 0.567791 0.422765 0.60767 0.650503
4 0.342696 0.580991 0.343991 0.551347 0.327504 0.549056 0.326209 0.5787 0.571707
4 0.380274 0.657051 0.382412 0.625692 0.364028 0.621705 0.36189 0.653065 0.414033
4 0.467075 0.624828 0.470303 0.590217 0.448373 0.583713 0.445146 0.618324 0.293845
