4 0.403071 0.433973 0.405576 0.404907 0.388063 0.400107 0.385558 0.429173 0.928719
4 0.201819 0.392826 0.203651 0.362577 0.185992 0.359175 0.18416 0.389425 0.918544
4 0.501318 0.474511 0.502321 0.44747 0.485869 0.445528 0.484865 0.472569 0.879749
4 0.303159 0.244897 0.305373 0.213355 0.287681 0.209407 0.285468 0.240949 0.867888
4 0.435153 0.304721 0.437401 0.27569 0.421338 0.271735 0.419091 0.300766 0.842863
4 0.337701 0.556916 0.340027 0.522671 0.320427 0.518437 0.318101 0.552682 0.803661
0 0.448564 0.450088 0.450796 0.413251 0.431114 0.40946 0.428883 0.446296 0.751198
4 0.361912 0.841546 0.363487 0.81329 0.347476 0.810451 0.3459 0.838707 0.50662
4 0.168668 0.580449 0.171207 0.548384 0.152995 0.543799 0.150456 0.575863 0.363781
4 0.244049 0.759458 0.246443 0.728302 0.229714 0.724213 0.227319 0.755369 0.355234
4 0.41501 0.419744 0.417964 0.382093 0.396579 0.376756 0.393625 0.414407 0.293618
4 0.403071 0.433973 0.405576 0.404907 0.388063 0.400107 0.385558 0.429173 0.928719
4 0.201819 0.392826 0.203651 0.362577 0.185992 0.359175 0.18416 0.389425 0.918544
4 0.501318 0.474511 0.502321 0.44747 0.485869 0.445528 0.484865 0.472569 0.879749
4 0.303159 0.244897 0.305373 0.213355 0.287681 0.209407 0.285468 0.240949 0.867888
4 0.435153 0.304721 0.437401 0.27569 0.421338 0.271735 0.419091 0.300766 0.842863
4 0.337701 0.556916 0.340027 0.522671 0.320427 0.518437 0.318101 0.552682 0.803661
0 0.448564 0.450088 0.450796 0.413251 0.431114 0.40946 0.428883 0.446296 0.751198
4 0.361912 0.841546 0.363487 0.81329 0.347476 0.810451 0.3459 0.838707 0.50662
4 0.168668 0.580449 0.171207 0.548384 0.152995 0.543799 0.150456 0.575863 0.363781
4 0.244049 0.759458 0.246443 0.728302 0.229714 0.724213 0.227319 0.755369 0.355234
4 0.41501 0.419744 0.417964 0.382093 0.396579 0.376756 0.393625 0.414407 0.293618
