4 0.391303 0.54643 0.392577 0.51937 0.375585 0.516826 0.374311 0.543886 0.872202
4 0.419517 0.704452 0.420961 0.673998 0.403183 0.671317 0.401739 0.70177 0.729523
4 0.398586 0.36031 0.399768 0.330857 0.383664 0.328802 0.382482 0.358255 0.683365
4 0.338397 0.576214 0.340372 0.548313 0.324171 0.544665 0.322196 0.572567 0.661647
0 0.308624 0.472139 0.311105 0.435323 0.290201 0.430842 0.287719 0.467658 0.625949
4 0.482079 0.636686 0.484352 0.604757 0.466587 0.600735 0.464313 0.632664 0.606878
4 0.298215 0.435527 0.299921 0.412116 0.284137 0.408456 0.28243 0.431867 0.606391
4 0.456826 0.558709 0.459566 0.5212 0.440315 0.516728 0.437575 0.554237 0.277361
4 0.391303 0.54643 0.392577 0.51937 0.375585 0.516826 0.374311 0.543886 0.872202
4 0.419517 0.704452 0.420961 0.673998 0.403183 0.671317 0.401739 0.70177 0.729523
4 0.398586 0.36031 0.399768 0.330857 0.383664 0.328802 0.382482 0.358255 0.683365
4 0.338397 0.576214 0.340372 0.548313 0.324171 0.544665 0.322196 0.572567 0.661647
0 0.308624 0.472139 0.311105 0.435323 0.290201 0.430842 0.287719 0.467658 0.625949
4 0.482079 0.636686 0.484352 0.604757 0.466587 0.600735 0.464313 0.632664 0.606878
4 0.298215 0.435527 0.299921 0.412116 0.284137 0.408456 0.28243 0.431867 0.606391
4 0.456826 0.558709 0.459566 0.5212 0.440315 0.516728 0.437575 0.554237 0.277361
