4 0.367377 0.565002 0.368054 0.536937 0.35133 0.535653 0.350652 0.563718 0.937441
4 0.337408 0.471687 0.339443 0.44322 0.323433 0.43958 0.321398 0.468047 0.897192
4 0.358485 0.446452 0.360023 0.419509 0.344867 0.416758 0.343329 0.4437 0.779083
0 0.414482 0.588633 0.418868 0.550479 0.398215 0.542927 0.393828 0.581081 0.677707
4 0.39854 0.360531 0.399796 0.331214 0.383824 0.329039 0.382568 0.358356 0.670265
4 0.342769 0.580985 0.344041 0.551291 0.327401 0.549025 0.32613 0.578718 0.539223
4 0.380855 0.657111 0.382636 0.625093 0.364624 0.621907 0.362843 0.653925 0.484702
4 0.373055 0.649357 0.375497 0.614504 0.357944 0.610593 0.355502 0.645446 0.376922
4 0.367377 0.565002 0.368054 0.536937 0.35133 0.535653 0.350652 0.563718 0.937441
4 0.337408 0.471687 0.339443 0.44322 0.323433 0.43958 0.321398 0.468047 0.897192
4 0.358485 0.446452 0.360023 0.419509 0.344867 0.416758 0.343329 0.4437 0.779083
0 0.414482 0.588633 0.418868 0.550479 0.398215 0.542927 0.393828 0.581081 0.677707
4 0.39854 0.360531 0.399796 0.331214 0.383824 0.329039 0.382568 0.358356 0.670265
4 0.342769 0.580985 0.344041 0.551291 0.327401 0.549025 0.32613 0.578718 0.539223
4 0.380855 0.657111 0.382636 0.625093 0.364624 0.621907 0.362843 0.653925 0.484702
4 0.373055 0.649357 0.375497 0.614504 0.357944 0.610593 0.355502 0.645446 0.376922
