4 0.201509 0.392815 0.203363 0.362465 0.185677 0.35903 0.183823 0.38938 0.926005
4 0.501351 0.474384 0.502326 0.447372 0.485995 0.445497 0.48502 0.472509 0.880416
4 0.401218 0.433219 0.403307 0.404952 0.387306 0.401191 0.385217 0.429457 0.879505
4 0.303202 0.245331 0.305504 0.213352 0.287742 0.209286 0.28544 0.241265 0.866173
4 0.435088 0.304446 0.437293 0.275793 0.421314 0.271882 0.419109 0.300535 0.829054
4 0.33749 0.557155 0.339883 0.522813 0.320334 0.51848 0.31794 0.552822 0.799279
0 0.447861 0.449092 0.449962 0.413524 0.430703 0.409906 0.428602 0.445474 0.739032
4 0.36194 0.841368 0.363407 0.81353 0.347653 0.810889 0.346186 0.838727 0.489886
4 0.169065 0.582961 0.171396 0.550497 0.154314 0.546597 0.151983 0.579061 0.374972
4 0.244144 0.75947 0.246474 0.728383 0.229833 0.724415 0.227502 0.755503 0.357452
4 0.201509 0.392815 0.203363 0.362465 0.185677 0.35903 0.183823 0.38938 0.926005
4 0.501351 0.474384 0.502326 0.447372 0.485995 0.445497 0.48502 0.472509 0.880416
4 0.401218 0.433219 0.403307 0.404952 0.387306 0.401191 0.385217 0.429457 0.879505
4 0.303202 0.245331 0.305504 0.213352 0.287742 0.209286 0.28544 0.241265 0.866173
4 0.435088 0.304446 0.437293 0.275793 0.421314 0.271882 0.419109 0.300535 0.829054
4 0.33749 0.557155 0.339883 0.522813 0.320334 0.51848 0.31794 0.552822 0.799279
0 0.447861 0.449092 0.449962 0.413524 0.430703 0.409906 0.428602 0.445474 0.739032
4 0.36194 0.841368 0.363407 0.81353 0.347653 0.810889 0.346186 0.838727 0.489886
4 0.169065 0.582961 0.171396 0.550497 0.154314 0.546597 0.151983 0.579061 0.374972
4 0.244144 0.75947 0.246474 0.728383 0.229833 0.724415 0.227502 0.755503 0.357452
