4 0.402072 0.434013 0.404703 0.405793 0.387797 0.400782 0.385167 0.429002 0.92866
4 0.201832 0.392826 0.203658 0.362557 0.185988 0.359168 0.184162 0.389437 0.918599
4 0.501365 0.474661 0.502383 0.447532 0.485919 0.445569 0.484902 0.472698 0.876872
4 0.303141 0.244931 0.305368 0.213417 0.287697 0.209445 0.28547 0.24096 0.867716
4 0.435176 0.30466 0.437413 0.275728 0.42139 0.271789 0.419153 0.300721 0.850417
4 0.33769 0.556947 0.340003 0.522675 0.320403 0.518469 0.31809 0.55274 0.800682
0 0.44822 0.449847 0.450657 0.413274 0.431223 0.409155 0.428786 0.445729 0.72208
4 0.361914 0.84165 0.363515 0.813322 0.347442 0.810433 0.345841 0.838761 0.500597
4 0.168634 0.580366 0.171154 0.548383 0.153054 0.543848 0.150534 0.57583 0.35755
4 0.244045 0.759559 0.246461 0.728335 0.229699 0.724211 0.227283 0.755435 0.324944
4 0.402072 0.434013 0.404703 0.405793 0.387797 0.400782 0.385167 0.429002 0.92866
4 0.201832 0.392826 0.203658 0.362557 0.185988 0.359168 0.184162 0.389437 0.918599
4 0.501365 0.474661 0.502383 0.447532 0.485919 0.445569 0.484902 0.472698 0.876872
4 0.303141 0.244931 0.305368 0.213417 0.287697 0.209445 0.28547 0.24096 0.867716
4 0.435176 0.30466 0.437413 0.275728 0.42139 0.271789 0.419153 0.300721 0.850417
4 0.33769 0.556947 0.340003 0.522675 0.320403 0.518469 0.31809 0.55274 0.800682
0 0.44822 0.449847 0.450657 0.413274 0.431223 0.409155 0.428786 0.445729 0.72208
4 0.361914 0.84165 0.363515 0.813322 0.347442 0.810433 0.345841 0.838761 0.500597
4 0.168634 0.580366 0.171154 0.548383 0.153054 0.543848 0.150534 0.57583 0.35755
4 0.244045 0.759559 0.246461 0.728335 0.229699 0.724211 0.227283 0.755435 0.324944
