4 0.201726 0.392634 0.203547 0.362571 0.185908 0.359174 0.184087 0.389237 0.925356
4 0.402066 0.432862 0.403252 0.404483 0.387892 0.402442 0.386706 0.430821 0.868822
4 0.303258 0.245059 0.305486 0.213328 0.287847 0.209388 0.285619 0.241119 0.863524
4 0.501214 0.474613 0.502309 0.447153 0.485726 0.44505 0.484631 0.472509 0.855511
4 0.435239 0.304748 0.437324 0.275873 0.421371 0.272211 0.419286 0.301085 0.844627
4 0.33766 0.556763 0.339884 0.52269 0.320379 0.518642 0.318155 0.552716 0.816872
0 0.447173 0.452455 0.449151 0.416978 0.430306 0.413635 0.428327 0.449113 0.754371
4 0.36198 0.841645 0.363531 0.813592 0.347703 0.810809 0.346152 0.838862 0.489525
4 0.244163 0.759382 0.246477 0.728444 0.229858 0.724489 0.227543 0.755428 0.408186
4 0.16849 0.580263 0.171111 0.548243 0.153091 0.543553 0.150471 0.575574 0.330289
4 0.201726 0.392634 0.203547 0.362571 0.185908 0.359174 0.184087 0.389237 0.925356
4 0.402066 0.432862 0.403252 0.404483 0.387892 0.402442 0.386706 0.430821 0.868822
4 0.303258 0.245059 0.305486 0.213328 0.287847 0.209388 0.285619 0.241119 0.863524
4 0.501214 0.474613 0.502309 0.447153 0.485726 0.44505 0.484631 0.472509 0.855511
4 0.435239 0.304748 0.437324 0.275873 0.421371 0.272211 0.419286 0.301085 0.844627
4 0.33766 0.556763 0.339884 0.52269 0.320379 0.518642 0.318155 0.552716 0.816872
0 0.447173 0.452455 0.449151 0.416978 0.430306 0.413635 0.428327 0.449113 0.754371
4 0.36198 0.841645 0.363531 0.813592 0.347703 0.810809 0.346152 0.838862 0.489525
4 0.244163 0.759382 0.246477 0.728444 0.229858 0.724489 0.227543 0.755428 0.408186
4 0.16849 0.580263 0.171111 0.548243 0.153091 0.543553 0.150471 0.575574 0.330289
