4 0.20181 0.392824 0.203693 0.362576 0.185903 0.359054 0.18402 0.389302 0.920906
4 0.303292 0.244761 0.305378 0.213238 0.287831 0.209547 0.285746 0.24107 0.867715
4 0.393354 0.61669 0.394852 0.584196 0.375313 0.581331 0.373815 0.613825 0.856166
4 0.500947 0.47469 0.50201 0.447759 0.485932 0.445741 0.484869 0.472672 0.849109
4 0.435116 0.304751 0.437289 0.276023 0.421449 0.272213 0.419277 0.300941 0.83612
0 0.374273 0.589386 0.376616 0.554861 0.357264 0.550684 0.354921 0.585209 0.642325
4 0.361899 0.841501 0.363437 0.813503 0.347565 0.81073 0.346027 0.838728 0.474071
4 0.244127 0.759439 0.246482 0.728232 0.229631 0.724187 0.227275 0.755394 0.380159
4 0.168488 0.580206 0.171036 0.54821 0.153086 0.543663 0.150537 0.575658 0.367031
4 0.20181 0.392824 0.203693 0.362576 0.185903 0.359054 0.18402 0.389302 0.920906
4 0.303292 0.244761 0.305378 0.213238 0.287831 0.209547 0.285746 0.24107 0.867715
4 0.393354 0.61669 0.394852 0.584196 0.375313 0.581331 0.373815 0.613825 0.856166
4 0.500947 0.47469 0.50201 0.447759 0.485932 0.445741 0.484869 0.472672 0.849109
4 0.435116 0.304751 0.437289 0.276023 0.421449 0.272213 0.419277 0.300941 0.83612
0 0.374273 0.589386 0.376616 0.554861 0.357264 0.550684 0.354921 0.585209 0.642325
4 0.361899 0.841501 0.363437 0.813503 0.347565 0.81073 0.346027 0.838728 0.474071
4 0.244127 0.759439 0.246482 0.728232 0.229631 0.724187 0.227275 0.755394 0.380159
4 0.168488 0.580206 0.171036 0.54821 0.153086 0.543663 0.150537 0.575658 0.367031
