4 0.391287 0.546491 0.392597 0.519265 0.375521 0.516652 0.374211 0.543878 0.870255
0 0.289884 0.428468 0.292308 0.390793 0.271209 0.386477 0.268785 0.424151 0.866304
4 0.419245 0.704142 0.420741 0.673917 0.403035 0.67113 0.401539 0.701354 0.731617
4 0.338329 0.575912 0.340126 0.54763 0.324011 0.544375 0.322215 0.572657 0.683003
4 0.39762 0.360573 0.399538 0.330065 0.382911 0.326742 0.380993 0.357249 0.634093
4 0.482036 0.636488 0.484323 0.604907 0.466848 0.600883 0.464562 0.632464 0.574969
4 0.278905 0.396704 0.281218 0.369825 0.264401 0.365224 0.262088 0.392102 0.461913
4 0.45667 0.558489 0.459463 0.521269 0.439924 0.516606 0.437132 0.553827 0.25586
4 0.391287 0.546491 0.392597 0.519265 0.375521 0.516652 0.374211 0.543878 0.870255
0 0.289884 0.428468 0.292308 0.390793 0.271209 0.386477 0.268785 0.424151 0.866304
4 0.419245 0.704142 0.420741 0.673917 0.403035 0.67113 0.401539 0.701354 0.731617
4 0.338329 0.575912 0.340126 0.54763 0.324011 0.544375 0.322215 0.572657 0.683003
4 0.39762 0.360573 0.399538 0.330065 0.382911 0.326742 0.380993 0.357249 0.634093
4 0.482036 0.636488 0.484323 0.604907 0.466848 0.600883 0.464562 0.632464 0.574969
4 0.278905 0.396704 0.281218 0.369825 0.264401 0.365224 0.262088 0.392102 0.461913
4 0.45667 0.558489 0.459463 0.521269 0.439924 0.516606 0.437132 0.553827 0.25586
