4 0.201964 0.392568 0.203844 0.362242 0.185965 0.358719 0.184086 0.389045 0.922042
0 0.440479 0.452528 0.443259 0.417904 0.422391 0.412574 0.41961 0.447199 0.907355
4 0.40148 0.4337 0.402859 0.405001 0.386747 0.402539 0.385368 0.431238 0.898014
4 0.303334 0.244826 0.30549 0.213414 0.28791 0.209577 0.285755 0.24099 0.878516
4 0.501359 0.474362 0.502273 0.447344 0.486009 0.445593 0.485095 0.472611 0.870838
4 0.435337 0.304813 0.437428 0.275875 0.421214 0.27215 0.419123 0.301088 0.833784
4 0.337551 0.556784 0.340003 0.52268 0.320474 0.518214 0.318022 0.552318 0.80056
4 0.361998 0.841585 0.36364 0.813662 0.347758 0.810691 0.346116 0.838614 0.497706
4 0.434982 0.395102 0.437697 0.361434 0.420147 0.356933 0.417432 0.390601 0.391367
4 0.169042 0.582867 0.17131 0.550559 0.154197 0.546738 0.151929 0.579047 0.388738
4 0.244145 0.759682 0.246466 0.728401 0.229775 0.724463 0.227455 0.755744 0.316562
4 0.201964 0.392568 0.203844 0.362242 0.185965 0.358719 0.184086 0.389045 0.922042
0 0.440479 0.452528 0.443259 0.417904 0.422391 0.412574 0.41961 0.447199 0.907355
4 0.40148 0.4337 0.402859 0.405001 0.386747 0.402539 0.385368 0.431238 0.898014
4 0.303334 0.244826 0.30549 0.213414 0.28791 0.209577 0.285755 0.24099 0.878516
4 0.501359 0.474362 0.502273 0.447344 0.486009 0.445593 0.485095 0.472611 0.870838
4 0.435337 0.304813 0.437428 0.275875 0.421214 0.27215 0.419123 0.301088 0.833784
4 0.337551 0.556784 0.340003 0.52268 0.320474 0.518214 0.318022 0.552318 0.80056
4 0.361998 0.841585 0.36364 0.813662 0.347758 0.810691 0.346116 0.838614 0.497706
4 0.434982 0.395102 0.437697 0.361434 0.420147 0.356933 0.417432 0.390601 0.391367
4 0.169042 0.582867 0.17131 0.550559 0.154197 0.546738 0.151929 0.579047 0.388738
4 0.244145 0.759682 0.246466 0.728401 0.229775 0.724463 0.227455 0.755744 0.316562
