4 0.391193 0.546807 0.392541 0.519527 0.375465 0.516844 0.374117 0.544123 0.867887
0 0.275408 0.390776 0.276572 0.35535 0.257008 0.353304 0.255843 0.388731 0.846644
4 0.265832 0.373849 0.267838 0.340134 0.249279 0.336621 0.247272 0.370335 0.700859
4 0.398466 0.360592 0.399697 0.331285 0.383613 0.329137 0.382383 0.358444 0.695237
4 0.419294 0.704912 0.420903 0.674467 0.403087 0.671471 0.401477 0.701917 0.694768
4 0.338307 0.576286 0.340187 0.5478 0.323948 0.544391 0.322067 0.572876 0.674694
4 0.482064 0.636904 0.484469 0.605026 0.46677 0.600778 0.464365 0.632657 0.591563
4 0.391193 0.546807 0.392541 0.519527 0.375465 0.516844 0.374117 0.544123 0.867887
0 0.275408 0.390776 0.276572 0.35535 0.257008 0.353304 0.255843 0.388731 0.846644
4 0.265832 0.373849 0.267838 0.340134 0.249279 0.336621 0.247272 0.370335 0.700859
4 0.398466 0.360592 0.399697 0.331285 0.383613 0.329137 0.382383 0.358444 0.695237
4 0.419294 0.704912 0.420903 0.674467 0.403087 0.671471 0.401477 0.701917 0.694768
4 0.338307 0.576286 0.340187 0.5478 0.323948 0.544391 0.322067 0.572876 0.674694
4 0.482064 0.636904 0.484469 0.605026 0.46677 0.600778 0.464365 0.632657 0.591563
