4 0.358628 0.446915 0.36044 0.41863 0.344854 0.415454 0.343042 0.443739 0.786067
4 0.398508 0.360274 0.399705 0.331454 0.383815 0.329355 0.382619 0.358176 0.751965
4 0.338093 0.470347 0.338782 0.442918 0.323273 0.44168 0.322585 0.469109 0.650902
4 0.340515 0.585403 0.344848 0.555274 0.327703 0.547433 0.32337 0.577563 0.635907
0 0.341589 0.514489 0.345641 0.473895 0.320213 0.465822 0.31616 0.506415 0.605536
4 0.37384 0.647515 0.375911 0.614233 0.358351 0.610758 0.35628 0.644041 0.577871
4 0.0910965 0.35262 0.0956831 0.321405 0.0760062 0.31221 0.0714196 0.343425 0.315228
4 0.358628 0.446915 0.36044 0.41863 0.344854 0.415454 0.343042 0.443739 0.786067
4 0.398508 0.360274 0.399705 0.331454 0.383815 0.329355 0.382619 0.358176 0.751965
4 0.338093 0.470347 0.338782 0.442918 0.323273 0.44168 0.322585 0.469109 0.650902
4 0.340515 0.585403 0.344848 0.555274 0.327703 0.547433 0.32337 0.577563 0.635907
0 0.341589 0.514489 0.345641 0.473895 0.320213 0.465822 0.31616 0.506415 0.605536
4 0.37384 0.647515 0.375911 0.614233 0.358351 0.610758 0.35628 0.644041 0.577871
4 0.0910965 0.35262 0.0956831 0.321405 0.0760062 0.31221 0.0714196 0.343425 0.315228
