4 0.367201 0.565493 0.368124 0.537311 0.351451 0.535573 0.350528 0.563755 0.927969
4 0.33713 0.471329 0.339072 0.44389 0.323491 0.440382 0.321548 0.467821 0.922104
4 0.358682 0.446491 0.360096 0.41947 0.344863 0.416935 0.34345 0.443956 0.808235
0 0.43944 0.611708 0.444512 0.573002 0.423641 0.564304 0.418569 0.60301 0.749802
4 0.398611 0.3604 0.399876 0.331586 0.383949 0.329362 0.382684 0.358176 0.749265
4 0.34269 0.581063 0.34398 0.551302 0.327406 0.549018 0.326117 0.578779 0.566445
4 0.38026 0.657877 0.382425 0.625864 0.363828 0.621865 0.361663 0.653877 0.49802
4 0.462585 0.620539 0.46635 0.587946 0.446294 0.580579 0.44253 0.613171 0.286258
4 0.367201 0.565493 0.368124 0.537311 0.351451 0.535573 0.350528 0.563755 0.927969
4 0.33713 0.471329 0.339072 0.44389 0.323491 0.440382 0.321548 0.467821 0.922104
4 0.358682 0.446491 0.360096 0.41947 0.344863 0.416935 0.34345 0.443956 0.808235
0 0.43944 0.611708 0.444512 0.573002 0.423641 0.564304 0.418569 0.60301 0.749802
4 0.398611 0.3604 0.399876 0.331586 0.383949 0.329362 0.382684 0.358176 0.749265
4 0.34269 0.581063 0.34398 0.551302 0.327406 0.549018 0.326117 0.578779 0.566445
4 0.38026 0.657877 0.382425 0.625864 0.363828 0.621865 0.361663 0.653877 0.49802
4 0.462585 0.620539 0.46635 0.587946 0.446294 0.580579 0.44253 0.613171 0.286258
