4 0.337282 0.471639 0.339308 0.443078 0.323339 0.439474 0.321313 0.468036 0.910741
4 0.367735 0.563749 0.368346 0.534282 0.352325 0.533226 0.351715 0.562693 0.886022
4 0.358344 0.446997 0.360085 0.419195 0.344665 0.416124 0.342924 0.443926 0.753331
4 0.402648 0.566405 0.40431 0.531923 0.386146 0.529138 0.384484 0.56362 0.745582
4 0.398481 0.360326 0.399704 0.331412 0.383709 0.329261 0.382486 0.358175 0.681338
4 0.380847 0.657392 0.382666 0.6255 0.364413 0.622187 0.362594 0.654079 0.597593
4 0.342437 0.581718 0.343866 0.551767 0.327476 0.54928 0.326047 0.57923 0.465263
4 0.372816 0.64889 0.375426 0.613812 0.358125 0.609718 0.355515 0.644797 0.411241
4 0.337282 0.471639 0.339308 0.443078 0.323339 0.439474 0.321313 0.468036 0.910741
4 0.367735 0.563749 0.368346 0.534282 0.352325 0.533226 0.351715 0.562693 0.886022
4 0.358344 0.446997 0.360085 0.419195 0.344665 0.416124 0.342924 0.443926 0.753331
4 0.402648 0.566405 0.40431 0.531923 0.386146 0.529138 0.384484 0.56362 0.745582
4 0.398481 0.360326 0.399704 0.331412 0.383709 0.329261 0.382486 0.358175 0.681338
4 0.380847 0.657392 0.382666 0.6255 0.364413 0.622187 0.362594 0.654079 0.597593
4 0.342437 0.581718 0.343866 0.551767 0.327476 0.54928 0.326047 0.57923 0.465263
4 0.372816 0.64889 0.375426 0.613812 0.358125 0.609718 0.355515 0.644797 0.411241
