4 0.337451 0.471634 0.339453 0.44343 0.323285 0.439781 0.321284 0.467985 0.924664
4 0.367793 0.564709 0.368618 0.535306 0.352423 0.533862 0.351599 0.563265 0.888822
4 0.358604 0.446957 0.360228 0.419362 0.344745 0.416464 0.343121 0.444059 0.75412
4 0.398438 0.360428 0.399747 0.330976 0.383575 0.32869 0.382266 0.358141 0.644831
4 0.380839 0.657364 0.382662 0.625293 0.364208 0.621955 0.362384 0.654027 0.612809
4 0.39915 0.564608 0.401282 0.52834 0.382764 0.524878 0.380632 0.561145 0.467519
4 0.342355 0.582042 0.343921 0.552027 0.327439 0.549293 0.325873 0.579308 0.403482
4 0.337451 0.471634 0.339453 0.44343 0.323285 0.439781 0.321284 0.467985 0.924664
4 0.367793 0.564709 0.368618 0.535306 0.352423 0.533862 0.351599 0.563265 0.888822
4 0.358604 0.446957 0.360228 0.419362 0.344745 0.416464 0.343121 0.444059 0.75412
4 0.398438 0.360428 0.399747 0.330976 0.383575 0.32869 0.382266 0.358141 0.644831
4 0.380839 0.657364 0.382662 0.625293 0.364208 0.621955 0.362384 0.654027 0.612809
4 0.39915 0.564608 0.401282 0.52834 0.382764 0.524878 0.380632 0.561145 0.467519
4 0.342355 0.582042 0.343921 0.552027 0.327439 0.549293 0.325873 0.579308 0.403482
