4 0.201888 0.392621 0.203717 0.362605 0.186064 0.359183 0.184235 0.389199 0.91675
4 0.303314 0.244359 0.305314 0.212991 0.287782 0.209436 0.285782 0.240804 0.87186
4 0.501131 0.474439 0.502192 0.447529 0.486035 0.445504 0.484974 0.472414 0.854324
4 0.43514 0.304766 0.437259 0.275965 0.421365 0.272246 0.419246 0.301047 0.843066
0 0.341916 0.546168 0.345456 0.508311 0.325933 0.502505 0.322393 0.540363 0.820116
4 0.362978 0.571672 0.36496 0.541224 0.347058 0.537518 0.345076 0.567966 0.775719
4 0.361866 0.841508 0.363493 0.813612 0.347684 0.810678 0.346056 0.838574 0.464598
4 0.168592 0.580154 0.171091 0.548311 0.153309 0.543872 0.15081 0.575715 0.376413
4 0.243919 0.759409 0.246308 0.728529 0.229807 0.724469 0.227418 0.755349 0.334721
4 0.469755 0.681044 0.471315 0.650671 0.455876 0.648149 0.454316 0.678522 0.289527
4 0.201888 0.392621 0.203717 0.362605 0.186064 0.359183 0.184235 0.389199 0.91675
4 0.303314 0.244359 0.305314 0.212991 0.287782 0.209436 0.285782 0.240804 0.87186
4 0.501131 0.474439 0.502192 0.447529 0.486035 0.445504 0.484974 0.472414 0.854324
4 0.43514 0.304766 0.437259 0.275965 0.421365 0.272246 0.419246 0.301047 0.843066
0 0.341916 0.546168 0.345456 0.508311 0.325933 0.502505 0.322393 0.540363 0.820116
4 0.362978 0.571672 0.36496 0.541224 0.347058 0.537518 0.345076 0.567966 0.775719
4 0.361866 0.841508 0.363493 0.813612 0.347684 0.810678 0.346056 0.838574 0.464598
4 0.168592 0.580154 0.171091 0.548311 0.153309 0.543872 0.15081 0.575715 0.376413
4 0.243919 0.759409 0.246308 0.728529 0.229807 0.724469 0.227418 0.755349 0.334721
4 0.469755 0.681044 0.471315 0.650671 0.455876 0.648149 0.454316 0.678522 0.289527
