4 0.201787 0.392643 0.203674 0.362368 0.185888 0.358843 0.184001 0.389118 0.928573
4 0.402868 0.433695 0.405289 0.40527 0.387955 0.400575 0.385534 0.429 0.909195
4 0.303414 0.24479 0.305552 0.213296 0.287904 0.209486 0.285766 0.240981 0.874077
4 0.501234 0.474565 0.50214 0.447275 0.485591 0.445528 0.484685 0.472818 0.870039
4 0.435184 0.304652 0.43737 0.27587 0.421382 0.272008 0.419196 0.300789 0.843915
0 0.461396 0.521384 0.462736 0.486505 0.44323 0.484121 0.44189 0.519 0.816994
4 0.337798 0.557008 0.340093 0.522673 0.320472 0.518502 0.318177 0.552837 0.779938
4 0.361905 0.841456 0.363432 0.813502 0.347528 0.810739 0.346001 0.838693 0.510455
4 0.244109 0.759315 0.246435 0.728159 0.229647 0.724174 0.227322 0.75533 0.425723
4 0.168641 0.580311 0.171123 0.548467 0.153157 0.544015 0.150676 0.575859 0.364298
4 0.201787 0.392643 0.203674 0.362368 0.185888 0.358843 0.184001 0.389118 0.928573
4 0.402868 0.433695 0.405289 0.40527 0.387955 0.400575 0.385534 0.429 0.909195
4 0.303414 0.24479 0.305552 0.213296 0.287904 0.209486 0.285766 0.240981 0.874077
4 0.501234 0.474565 0.50214 0.447275 0.485591 0.445528 0.484685 0.472818 0.870039
4 0.435184 0.304652 0.43737 0.27587 0.421382 0.272008 0.419196 0.300789 0.843915
0 0.461396 0.521384 0.462736 0.486505 0.44323 0.484121 0.44189 0.519 0.816994
4 0.337798 0.557008 0.340093 0.522673 0.320472 0.518502 0.318177 0.552837 0.779938
4 0.361905 0.841456 0.363432 0.813502 0.347528 0.810739 0.346001 0.838693 0.510455
4 0.244109 0.759315 0.246435 0.728159 0.229647 0.724174 0.227322 0.75533 0.425723
4 0.168641 0.580311 0.171123 0.548467 0.153157 0.544015 0.150676 0.575859 0.364298
