0 0.249121 0.333916 0.250797 0.296787 0.228717 0.293617 0.227041 0.330746 0.895926
4 0.391237 0.546492 0.392481 0.51933 0.375675 0.516882 0.374431 0.544044 0.877464
4 0.419317 0.704388 0.42086 0.674123 0.403031 0.671234 0.401488 0.701498 0.717167
4 0.338395 0.575728 0.340189 0.548007 0.32421 0.544719 0.322416 0.57244 0.687111
4 0.39876 0.360914 0.400134 0.330845 0.38383 0.328475 0.382455 0.358544 0.64738
4 0.481943 0.637201 0.484475 0.604871 0.46666 0.600434 0.464129 0.632764 0.582075
4 0.24283 0.307558 0.245737 0.275196 0.228637 0.270311 0.22573 0.302672 0.38753
0 0.249121 0.333916 0.250797 0.296787 0.228717 0.293617 0.227041 0.330746 0.895926
4 0.391237 0.546492 0.392481 0.51933 0.375675 0.516882 0.374431 0.544044 0.877464
4 0.419317 0.704388 0.42086 0.674123 0.403031 0.671234 0.401488 0.701498 0.717167
4 0.338395 0.575728 0.340189 0.548007 0.32421 0.544719 0.322416 0.57244 0.687111
4 0.39876 0.360914 0.400134 0.330845 0.38383 0.328475 0.382455 0.358544 0.64738
4 0.481943 0.637201 0.484475 0.604871 0.46666 0.600434 0.464129 0.632764 0.582075
4 0.24283 0.307558 0.245737 0.275196 0.228637 0.270311 0.22573 0.302672 0.38753
