4 0.391188 0.546446 0.392495 0.519332 0.375611 0.516743 0.374304 0.543857 0.875911
0 0.301756 0.455953 0.303475 0.41725 0.282441 0.414277 0.280721 0.452981 0.826421
4 0.338326 0.57593 0.340147 0.547845 0.323978 0.54451 0.322156 0.572595 0.704112
4 0.419427 0.704367 0.420936 0.674122 0.403247 0.671315 0.401738 0.70156 0.70359
4 0.398605 0.360171 0.399794 0.330735 0.383735 0.328672 0.382546 0.358108 0.64118
4 0.482115 0.636736 0.484445 0.604834 0.466773 0.600729 0.464443 0.632631 0.59491
4 0.290121 0.420542 0.292289 0.394382 0.276815 0.390303 0.274646 0.416463 0.487303
4 0.456967 0.558825 0.459757 0.52133 0.440367 0.516741 0.437577 0.554236 0.260097
4 0.391188 0.546446 0.392495 0.519332 0.375611 0.516743 0.374304 0.543857 0.875911
0 0.301756 0.455953 0.303475 0.41725 0.282441 0.414277 0.280721 0.452981 0.826421
4 0.338326 0.57593 0.340147 0.547845 0.323978 0.54451 0.322156 0.572595 0.704112
4 0.419427 0.704367 0.420936 0.674122 0.403247 0.671315 0.401738 0.70156 0.70359
4 0.398605 0.360171 0.399794 0.330735 0.383735 0.328672 0.382546 0.358108 0.64118
4 0.482115 0.636736 0.484445 0.604834 0.466773 0.600729 0.464443 0.632631 0.59491
4 0.290121 0.420542 0.292289 0.394382 0.276815 0.390303 0.274646 0.416463 0.487303
4 0.456967 0.558825 0.459757 0.52133 0.440367 0.516741 0.437577 0.554236 0.260097
