4 0.201909 0.392785 0.203839 0.362398 0.185933 0.358782 0.184003 0.389169 0.922806
4 0.501234 0.474655 0.502218 0.447644 0.485829 0.445745 0.484845 0.472757 0.8808
4 0.303234 0.244709 0.305405 0.212984 0.287792 0.20915 0.285621 0.240876 0.875552
4 0.401231 0.433023 0.403217 0.40464 0.387132 0.401062 0.385146 0.429444 0.85732
4 0.435146 0.30437 0.4374 0.275683 0.421437 0.271695 0.419183 0.300382 0.823352
4 0.3377 0.556742 0.339931 0.522595 0.320379 0.518532 0.318148 0.55268 0.795824
0 0.443745 0.455997 0.447091 0.418535 0.428271 0.413189 0.424925 0.450651 0.703965
4 0.361983 0.841382 0.363441 0.813312 0.347485 0.810678 0.346027 0.838748 0.482725
4 0.168437 0.580482 0.171081 0.548145 0.153001 0.543444 0.150358 0.575781 0.352964
4 0.244163 0.759774 0.246504 0.728336 0.229695 0.724355 0.227354 0.755793 0.347621
4 0.201909 0.392785 0.203839 0.362398 0.185933 0.358782 0.184003 0.389169 0.922806
4 0.501234 0.474655 0.502218 0.447644 0.485829 0.445745 0.484845 0.472757 0.8808
4 0.303234 0.244709 0.305405 0.212984 0.287792 0.20915 0.285621 0.240876 0.875552
4 0.401231 0.433023 0.403217 0.40464 0.387132 0.401062 0.385146 0.429444 0.85732
4 0.435146 0.30437 0.4374 0.275683 0.421437 0.271695 0.419183 0.300382 0.823352
4 0.3377 0.556742 0.339931 0.522595 0.320379 0.518532 0.318148 0.55268 0.795824
0 0.443745 0.455997 0.447091 0.418535 0.428271 0.413189 0.424925 0.450651 0.703965
4 0.361983 0.841382 0.363441 0.813312 0.347485 0.810678 0.346027 0.838748 0.482725
4 0.168437 0.580482 0.171081 0.548145 0.153001 0.543444 0.150358 0.575781 0.352964
4 0.244163 0.759774 0.246504 0.728336 0.229695 0.724355 0.227354 0.755793 0.347621
