4 0.391399 0.54644 0.392679 0.519151 0.375578 0.5166 0.374298 0.543888 0.863535
0 0.317699 0.495521 0.320829 0.459557 0.300631 0.453968 0.297501 0.489931 0.739865
4 0.338485 0.575726 0.340231 0.547929 0.324329 0.544752 0.322583 0.572549 0.720079
4 0.41927 0.704202 0.420764 0.674118 0.403004 0.671314 0.401511 0.701397 0.709317
4 0.30648 0.45692 0.30777 0.434538 0.294035 0.43202 0.292745 0.454402 0.671741
4 0.398616 0.360525 0.399816 0.331065 0.38378 0.328988 0.38258 0.358448 0.6555
4 0.481992 0.637118 0.484288 0.604968 0.466447 0.600916 0.464151 0.633066 0.614046
4 0.118367 0.262609 0.120861 0.23006 0.100127 0.225009 0.0976337 0.257558 0.409591
4 0.45625 0.557606 0.459054 0.520629 0.439223 0.515846 0.436418 0.552822 0.282385
4 0.391399 0.54644 0.392679 0.519151 0.375578 0.5166 0.374298 0.543888 0.863535
0 0.317699 0.495521 0.320829 0.459557 0.300631 0.453968 0.297501 0.489931 0.739865
4 0.338485 0.575726 0.340231 0.547929 0.324329 0.544752 0.322583 0.572549 0.720079
4 0.41927 0.704202 0.420764 0.674118 0.403004 0.671314 0.401511 0.701397 0.709317
4 0.30648 0.45692 0.30777 0.434538 0.294035 0.43202 0.292745 0.454402 0.671741
4 0.398616 0.360525 0.399816 0.331065 0.38378 0.328988 0.38258 0.358448 0.6555
4 0.481992 0.637118 0.484288 0.604968 0.466447 0.600916 0.464151 0.633066 0.614046
4 0.118367 0.262609 0.120861 0.23006 0.100127 0.225009 0.0976337 0.257558 0.409591
4 0.45625 0.557606 0.459054 0.520629 0.439223 0.515846 0.436418 0.552822 0.282385
