0 0.256194 0.336553 0.258508 0.296897 0.236219 0.292761 0.233905 0.332417 0.876278
4 0.391304 0.546572 0.392635 0.519504 0.375707 0.516856 0.374375 0.543924 0.871928
4 0.419559 0.70417 0.421031 0.673942 0.403386 0.67121 0.401914 0.701437 0.691903
4 0.338546 0.57585 0.340371 0.547684 0.324188 0.544351 0.322364 0.572516 0.68591
4 0.398694 0.360705 0.399936 0.331067 0.38372 0.328908 0.382479 0.358545 0.684664
4 0.242125 0.307219 0.244664 0.278328 0.226884 0.273359 0.224345 0.302249 0.65953
4 0.482022 0.63719 0.484619 0.604883 0.466761 0.600318 0.464165 0.632626 0.576724
0 0.256194 0.336553 0.258508 0.296897 0.236219 0.292761 0.233905 0.332417 0.876278
4 0.391304 0.546572 0.392635 0.519504 0.375707 0.516856 0.374375 0.543924 0.871928
4 0.419559 0.70417 0.421031 0.673942 0.403386 0.67121 0.401914 0.701437 0.691903
4 0.338546 0.57585 0.340371 0.547684 0.324188 0.544351 0.322364 0.572516 0.68591
4 0.398694 0.360705 0.399936 0.331067 0.38372 0.328908 0.382479 0.358545 0.684664
4 0.242125 0.307219 0.244664 0.278328 0.226884 0.273359 0.224345 0.302249 0.65953
4 0.482022 0.63719 0.484619 0.604883 0.466761 0.600318 0.464165 0.632626 0.576724
