4 0.401601 0.433469 0.402829 0.404673 0.386815 0.4025 0.385587 0.431296 0.942286
4 0.201884 0.392691 0.203682 0.362399 0.185901 0.359042 0.184103 0.389335 0.920285
4 0.303168 0.244609 0.30533 0.213301 0.287745 0.209439 0.285583 0.240746 0.867167
4 0.501345 0.474482 0.50231 0.447339 0.485919 0.445484 0.484954 0.472628 0.864898
4 0.435352 0.304947 0.437448 0.276009 0.421502 0.272336 0.419406 0.301274 0.851893
4 0.337827 0.556712 0.340062 0.522567 0.320487 0.518493 0.318252 0.552637 0.799313
0 0.446531 0.439376 0.447472 0.403264 0.428089 0.401657 0.427147 0.437769 0.715917
4 0.362049 0.841637 0.363548 0.813486 0.347639 0.810792 0.34614 0.838943 0.471307
4 0.244115 0.759433 0.246364 0.72851 0.229811 0.724682 0.227562 0.755605 0.379279
4 0.168534 0.580341 0.171132 0.548353 0.153287 0.543745 0.150689 0.575732 0.340236
1 0.431332 0.463562 0.434006 0.423984 0.412752 0.419417 0.410078 0.458995 0.336809
4 0.401601 0.433469 0.402829 0.404673 0.386815 0.4025 0.385587 0.431296 0.942286
4 0.201884 0.392691 0.203682 0.362399 0.185901 0.359042 0.184103 0.389335 0.920285
4 0.303168 0.244609 0.30533 0.213301 0.287745 0.209439 0.285583 0.240746 0.867167
4 0.501345 0.474482 0.50231 0.447339 0.485919 0.445484 0.484954 0.472628 0.864898
4 0.435352 0.304947 0.437448 0.276009 0.421502 0.272336 0.419406 0.301274 0.851893
4 0.337827 0.556712 0.340062 0.522567 0.320487 0.518493 0.318252 0.552637 0.799313
0 0.446531 0.439376 0.447472 0.403264 0.428089 0.401657 0.427147 0.437769 0.715917
4 0.362049 0.841637 0.363548 0.813486 0.347639 0.810792 0.34614 0.838943 0.471307
4 0.244115 0.759433 0.246364 0.72851 0.229811 0.724682 0.227562 0.755605 0.379279
4 0.168534 0.580341 0.171132 0.548353 0.153287 0.543745 0.150689 0.575732 0.340236
1 0.431332 0.463562 0.434006 0.423984 0.412752 0.419417 0.410078 0.458995 0.336809
