4 0.401559 0.433609 0.402715 0.404676 0.386833 0.402657 0.385676 0.43159 0.939061
4 0.201856 0.392679 0.203759 0.36237 0.185889 0.358802 0.183986 0.389111 0.916236
4 0.303173 0.24443 0.30528 0.213087 0.287728 0.209335 0.285621 0.240677 0.859255
4 0.50123 0.474489 0.502289 0.447263 0.485877 0.445232 0.484817 0.472458 0.856378
4 0.435311 0.305066 0.437453 0.276012 0.421425 0.272253 0.419282 0.301307 0.845288
4 0.337789 0.556711 0.340021 0.522602 0.320458 0.51853 0.318225 0.552639 0.797861
0 0.445194 0.438574 0.445727 0.402342 0.425915 0.401416 0.425383 0.437648 0.636163
4 0.361981 0.841692 0.363573 0.813506 0.347584 0.810633 0.345991 0.838819 0.458079
4 0.244177 0.759434 0.246461 0.728344 0.229785 0.724448 0.227501 0.755538 0.385184
4 0.168538 0.580347 0.171115 0.54831 0.153168 0.543718 0.15059 0.575755 0.339339
4 0.401559 0.433609 0.402715 0.404676 0.386833 0.402657 0.385676 0.43159 0.939061
4 0.201856 0.392679 0.203759 0.36237 0.185889 0.358802 0.183986 0.389111 0.916236
4 0.303173 0.24443 0.30528 0.213087 0.287728 0.209335 0.285621 0.240677 0.859255
4 0.50123 0.474489 0.502289 0.447263 0.485877 0.445232 0.484817 0.472458 0.856378
4 0.435311 0.305066 0.437453 0.276012 0.421425 0.272253 0.419282 0.301307 0.845288
4 0.337789 0.556711 0.340021 0.522602 0.320458 0.51853 0.318225 0.552639 0.797861
0 0.445194 0.438574 0.445727 0.402342 0.425915 0.401416 0.425383 0.437648 0.636163
4 0.361981 0.841692 0.363573 0.813506 0.347584 0.810633 0.345991 0.838819 0.458079
4 0.244177 0.759434 0.246461 0.728344 0.229785 0.724448 0.227501 0.755538 0.385184
4 0.168538 0.580347 0.171115 0.54831 0.153168 0.543718 0.15059 0.575755 0.339339
