4 0.201828 0.392421 0.203624 0.362389 0.185951 0.359027 0.184154 0.389059 0.931418
4 0.403094 0.433557 0.405387 0.405122 0.38783 0.400618 0.385536 0.429053 0.920373
4 0.501402 0.475124 0.502404 0.447393 0.48592 0.4455 0.484918 0.47323 0.869197
4 0.303206 0.244578 0.305314 0.213178 0.287696 0.209418 0.285589 0.240818 0.867247
4 0.435267 0.304587 0.437407 0.275861 0.421477 0.272087 0.419337 0.300813 0.843539
4 0.33756 0.557028 0.339984 0.522599 0.320453 0.518225 0.318029 0.552654 0.792753
0 0.463085 0.531558 0.465537 0.496815 0.44486 0.492174 0.442408 0.526917 0.644158
4 0.362043 0.841513 0.363638 0.813634 0.347795 0.810752 0.3462 0.838631 0.451325
4 0.244285 0.759481 0.246575 0.728276 0.229772 0.724354 0.227482 0.755559 0.443269
4 0.168591 0.580496 0.171206 0.548271 0.153011 0.543574 0.150396 0.575799 0.348998
4 0.201828 0.392421 0.203624 0.362389 0.185951 0.359027 0.184154 0.389059 0.931418
4 0.403094 0.433557 0.405387 0.405122 0.38783 0.400618 0.385536 0.429053 0.920373
4 0.501402 0.475124 0.502404 0.447393 0.48592 0.4455 0.484918 0.47323 0.869197
4 0.303206 0.244578 0.305314 0.213178 0.287696 0.209418 0.285589 0.240818 0.867247
4 0.435267 0.304587 0.437407 0.275861 0.421477 0.272087 0.419337 0.300813 0.843539
4 0.33756 0.557028 0.339984 0.522599 0.320453 0.518225 0.318029 0.552654 0.792753
0 0.463085 0.531558 0.465537 0.496815 0.44486 0.492174 0.442408 0.526917 0.644158
4 0.362043 0.841513 0.363638 0.813634 0.347795 0.810752 0.3462 0.838631 0.451325
4 0.244285 0.759481 0.246575 0.728276 0.229772 0.724354 0.227482 0.755559 0.443269
4 0.168591 0.580496 0.171206 0.548271 0.153011 0.543574 0.150396 0.575799 0.348998
