4 0.201835 0.392737 0.203743 0.362604 0.185967 0.359024 0.184059 0.389157 0.92505
4 0.303147 0.24483 0.305308 0.213096 0.287818 0.209307 0.285656 0.241041 0.875936
4 0.50112 0.474454 0.50212 0.447409 0.485892 0.445502 0.484892 0.472546 0.859796
4 0.43517 0.304926 0.437355 0.275823 0.421342 0.272 0.419157 0.301103 0.849081
4 0.436147 0.70451 0.438221 0.675294 0.421529 0.671526 0.419455 0.700743 0.650242
0 0.418018 0.677445 0.422643 0.639505 0.403795 0.632198 0.39917 0.670137 0.55792
4 0.361965 0.841631 0.363513 0.813569 0.34761 0.810779 0.346062 0.838841 0.485828
4 0.2442 0.759471 0.24655 0.728201 0.229647 0.724163 0.227297 0.755433 0.422284
4 0.430301 0.608939 0.431003 0.580549 0.415331 0.579318 0.41463 0.607708 0.391887
4 0.168562 0.580346 0.171154 0.548441 0.153152 0.543789 0.15056 0.575694 0.343855
4 0.201835 0.392737 0.203743 0.362604 0.185967 0.359024 0.184059 0.389157 0.92505
4 0.303147 0.24483 0.305308 0.213096 0.287818 0.209307 0.285656 0.241041 0.875936
4 0.50112 0.474454 0.50212 0.447409 0.485892 0.445502 0.484892 0.472546 0.859796
4 0.43517 0.304926 0.437355 0.275823 0.421342 0.272 0.419157 0.301103 0.849081
4 0.436147 0.70451 0.438221 0.675294 0.421529 0.671526 0.419455 0.700743 0.650242
0 0.418018 0.677445 0.422643 0.639505 0.403795 0.632198 0.39917 0.670137 0.55792
4 0.361965 0.841631 0.363513 0.813569 0.34761 0.810779 0.346062 0.838841 0.485828
4 0.2442 0.759471 0.24655 0.728201 0.229647 0.724163 0.227297 0.755433 0.422284
4 0.430301 0.608939 0.431003 0.580549 0.415331 0.579318 0.41463 0.607708 0.391887
4 0.168562 0.580346 0.171154 0.548441 0.153152 0.543789 0.15056 0.575694 0.343855
