4 0.201874 0.392633 0.203702 0.362476 0.185841 0.359033 0.184012 0.38919 0.926276
4 0.303366 0.244155 0.30526 0.213224 0.287972 0.209857 0.286077 0.240788 0.884195
4 0.501202 0.474239 0.502129 0.447466 0.486024 0.445691 0.485096 0.472463 0.849757
4 0.435147 0.304977 0.437318 0.276006 0.421373 0.272206 0.419202 0.301177 0.841644
4 0.440402 0.708199 0.442637 0.678431 0.42405 0.673991 0.421814 0.703759 0.668937
4 0.430631 0.609616 0.431679 0.581828 0.415017 0.57983 0.413969 0.607618 0.595627
4 0.361962 0.841588 0.363571 0.81368 0.347816 0.810791 0.346207 0.838698 0.45315
4 0.244196 0.759446 0.246562 0.728174 0.229636 0.724101 0.227269 0.755372 0.405477
4 0.168549 0.580218 0.171093 0.548435 0.153368 0.543924 0.150824 0.575707 0.359745
4 0.201874 0.392633 0.203702 0.362476 0.185841 0.359033 0.184012 0.38919 0.926276
4 0.303366 0.244155 0.30526 0.213224 0.287972 0.209857 0.286077 0.240788 0.884195
4 0.501202 0.474239 0.502129 0.447466 0.486024 0.445691 0.485096 0.472463 0.849757
4 0.435147 0.304977 0.437318 0.276006 0.421373 0.272206 0.419202 0.301177 0.841644
4 0.440402 0.708199 0.442637 0.678431 0.42405 0.673991 0.421814 0.703759 0.668937
4 0.430631 0.609616 0.431679 0.581828 0.415017 0.57983 0.413969 0.607618 0.595627
4 0.361962 0.841588 0.363571 0.81368 0.347816 0.810791 0.346207 0.838698 0.45315
4 0.244196 0.759446 0.246562 0.728174 0.229636 0.724101 0.227269 0.755372 0.405477
4 0.168549 0.580218 0.171093 0.548435 0.153368 0.543924 0.150824 0.575707 0.359745
