4 0.402185 0.433838 0.404714 0.405449 0.387894 0.400685 0.385366 0.429075 0.934283
4 0.201782 0.392658 0.20364 0.362374 0.185949 0.358922 0.184091 0.389205 0.920677
4 0.50138 0.474487 0.502348 0.447388 0.485951 0.445527 0.484984 0.472625 0.878951
4 0.303278 0.244959 0.305489 0.213261 0.287685 0.209312 0.285474 0.24101 0.869456
4 0.435314 0.30473 0.437517 0.275868 0.42149 0.271977 0.419287 0.300839 0.845147
4 0.337773 0.556731 0.340017 0.522633 0.320462 0.51854 0.318218 0.552639 0.802609
0 0.448306 0.449991 0.450675 0.413258 0.431118 0.409249 0.42875 0.445982 0.738989
4 0.361948 0.841601 0.363592 0.813262 0.347479 0.81029 0.345835 0.838629 0.500533
4 0.244144 0.759797 0.246565 0.728225 0.229617 0.724092 0.227196 0.755665 0.343332
4 0.168707 0.580534 0.171308 0.548238 0.153057 0.543562 0.150455 0.575858 0.336754
4 0.402185 0.433838 0.404714 0.405449 0.387894 0.400685 0.385366 0.429075 0.934283
4 0.201782 0.392658 0.20364 0.362374 0.185949 0.358922 0.184091 0.389205 0.920677
4 0.50138 0.474487 0.502348 0.447388 0.485951 0.445527 0.484984 0.472625 0.878951
4 0.303278 0.244959 0.305489 0.213261 0.287685 0.209312 0.285474 0.24101 0.869456
4 0.435314 0.30473 0.437517 0.275868 0.42149 0.271977 0.419287 0.300839 0.845147
4 0.337773 0.556731 0.340017 0.522633 0.320462 0.51854 0.318218 0.552639 0.802609
0 0.448306 0.449991 0.450675 0.413258 0.431118 0.409249 0.42875 0.445982 0.738989
4 0.361948 0.841601 0.363592 0.813262 0.347479 0.81029 0.345835 0.838629 0.500533
4 0.244144 0.759797 0.246565 0.728225 0.229617 0.724092 0.227196 0.755665 0.343332
4 0.168707 0.580534 0.171308 0.548238 0.153057 0.543562 0.150455 0.575858 0.336754
