4 0.201888 0.39254 0.203716 0.362453 0.18599 0.359028 0.184163 0.389115 0.923143
4 0.401861 0.432982 0.403158 0.404485 0.387027 0.40215 0.38573 0.430646 0.902304
4 0.50111 0.474439 0.502016 0.447277 0.485516 0.445526 0.484609 0.472688 0.874138
4 0.303289 0.245123 0.305529 0.213324 0.287836 0.209359 0.285596 0.241159 0.872645
4 0.435271 0.304862 0.43738 0.275909 0.421245 0.272172 0.419136 0.301125 0.835609
4 0.337682 0.556718 0.339883 0.522712 0.320399 0.518701 0.318198 0.552708 0.798233
0 0.442166 0.457893 0.44591 0.420779 0.426309 0.414489 0.422564 0.451603 0.792656
4 0.361929 0.8415 0.363512 0.81347 0.34768 0.810627 0.346097 0.838657 0.488166
4 0.244228 0.759446 0.246571 0.728273 0.229866 0.724281 0.227524 0.755454 0.389998
4 0.168603 0.580504 0.171306 0.548365 0.153121 0.543502 0.150419 0.575641 0.331019
4 0.201888 0.39254 0.203716 0.362453 0.18599 0.359028 0.184163 0.389115 0.923143
4 0.401861 0.432982 0.403158 0.404485 0.387027 0.40215 0.38573 0.430646 0.902304
4 0.50111 0.474439 0.502016 0.447277 0.485516 0.445526 0.484609 0.472688 0.874138
4 0.303289 0.245123 0.305529 0.213324 0.287836 0.209359 0.285596 0.241159 0.872645
4 0.435271 0.304862 0.43738 0.275909 0.421245 0.272172 0.419136 0.301125 0.835609
4 0.337682 0.556718 0.339883 0.522712 0.320399 0.518701 0.318198 0.552708 0.798233
0 0.442166 0.457893 0.44591 0.420779 0.426309 0.414489 0.422564 0.451603 0.792656
4 0.361929 0.8415 0.363512 0.81347 0.34768 0.810627 0.346097 0.838657 0.488166
4 0.244228 0.759446 0.246571 0.728273 0.229866 0.724281 0.227524 0.755454 0.389998
4 0.168603 0.580504 0.171306 0.548365 0.153121 0.543502 0.150419 0.575641 0.331019
