4 0.391414 0.546467 0.39276 0.519322 0.375753 0.516639 0.374406 0.543785 0.874455
0 0.252883 0.341667 0.255295 0.301975 0.233432 0.297749 0.231019 0.337441 0.831285
4 0.419378 0.704457 0.42094 0.673873 0.403249 0.670999 0.401687 0.701583 0.709687
4 0.338409 0.575655 0.340136 0.547643 0.32418 0.544514 0.322453 0.572526 0.691761
4 0.397706 0.360434 0.399559 0.329921 0.382962 0.326717 0.38111 0.35723 0.668786
4 0.481973 0.637325 0.48462 0.604949 0.466895 0.600341 0.464249 0.632717 0.550691
4 0.241768 0.310291 0.244707 0.282292 0.227981 0.276709 0.225042 0.304708 0.41495
4 0.391414 0.546467 0.39276 0.519322 0.375753 0.516639 0.374406 0.543785 0.874455
0 0.252883 0.341667 0.255295 0.301975 0.233432 0.297749 0.231019 0.337441 0.831285
4 0.419378 0.704457 0.42094 0.673873 0.403249 0.670999 0.401687 0.701583 0.709687
4 0.338409 0.575655 0.340136 0.547643 0.32418 0.544514 0.322453 0.572526 0.691761
4 0.397706 0.360434 0.399559 0.329921 0.382962 0.326717 0.38111 0.35723 0.668786
4 0.481973 0.637325 0.48462 0.604949 0.466895 0.600341 0.464249 0.632717 0.550691
4 0.241768 0.310291 0.244707 0.282292 0.227981 0.276709 0.225042 0.304708 0.41495
