4 0.201947 0.392703 0.203762 0.362626 0.186029 0.359223 0.184214 0.3893 0.920324
4 0.40183 0.433297 0.403206 0.404852 0.386989 0.402358 0.385613 0.430802 0.905776
4 0.501238 0.474213 0.502095 0.447191 0.48557 0.445525 0.484713 0.472546 0.884394
4 0.303359 0.24507 0.305552 0.213229 0.287845 0.209349 0.285651 0.241191 0.878629
4 0.435376 0.304844 0.437423 0.275917 0.421322 0.272295 0.419276 0.301222 0.833745
4 0.337601 0.556734 0.339877 0.522668 0.320381 0.518525 0.318105 0.552591 0.811139
0 0.442128 0.457621 0.445713 0.421193 0.426457 0.415167 0.422872 0.451595 0.794963
4 0.361865 0.841708 0.363502 0.813557 0.347576 0.810612 0.345939 0.838763 0.49002
4 0.244186 0.759475 0.246504 0.728244 0.229761 0.724292 0.227443 0.755523 0.367477
4 0.16861 0.580595 0.17122 0.548344 0.153031 0.543662 0.15042 0.575913 0.340224
4 0.201947 0.392703 0.203762 0.362626 0.186029 0.359223 0.184214 0.3893 0.920324
4 0.40183 0.433297 0.403206 0.404852 0.386989 0.402358 0.385613 0.430802 0.905776
4 0.501238 0.474213 0.502095 0.447191 0.48557 0.445525 0.484713 0.472546 0.884394
4 0.303359 0.24507 0.305552 0.213229 0.287845 0.209349 0.285651 0.241191 0.878629
4 0.435376 0.304844 0.437423 0.275917 0.421322 0.272295 0.419276 0.301222 0.833745
4 0.337601 0.556734 0.339877 0.522668 0.320381 0.518525 0.318105 0.552591 0.811139
0 0.442128 0.457621 0.445713 0.421193 0.426457 0.415167 0.422872 0.451595 0.794963
4 0.361865 0.841708 0.363502 0.813557 0.347576 0.810612 0.345939 0.838763 0.49002
4 0.244186 0.759475 0.246504 0.728244 0.229761 0.724292 0.227443 0.755523 0.367477
4 0.16861 0.580595 0.17122 0.548344 0.153031 0.543662 0.15042 0.575913 0.340224
