4 0.201859 0.392679 0.203688 0.362303 0.185921 0.358901 0.184092 0.389277 0.91274
4 0.303304 0.244519 0.305325 0.213317 0.28791 0.209729 0.285888 0.240931 0.878416
4 0.501104 0.474679 0.502138 0.447578 0.485918 0.445612 0.484885 0.472713 0.852567
4 0.435186 0.304737 0.437348 0.27586 0.421448 0.272074 0.419286 0.300951 0.840417
4 0.402264 0.634672 0.404073 0.603285 0.385883 0.599951 0.384074 0.631338 0.768474
0 0.383357 0.606824 0.386102 0.570636 0.366113 0.565813 0.363368 0.602001 0.742516
4 0.448849 0.639358 0.450877 0.612084 0.435273 0.608395 0.433246 0.635669 0.505429
4 0.361937 0.841723 0.363626 0.813594 0.347756 0.810565 0.346068 0.838694 0.486061
4 0.244109 0.759646 0.246417 0.728472 0.229604 0.724513 0.227296 0.755687 0.389792
4 0.168475 0.580361 0.171082 0.548522 0.153032 0.543821 0.150425 0.57566 0.36668
4 0.201859 0.392679 0.203688 0.362303 0.185921 0.358901 0.184092 0.389277 0.91274
4 0.303304 0.244519 0.305325 0.213317 0.28791 0.209729 0.285888 0.240931 0.878416
4 0.501104 0.474679 0.502138 0.447578 0.485918 0.445612 0.484885 0.472713 0.852567
4 0.435186 0.304737 0.437348 0.27586 0.421448 0.272074 0.419286 0.300951 0.840417
4 0.402264 0.634672 0.404073 0.603285 0.385883 0.599951 0.384074 0.631338 0.768474
0 0.383357 0.606824 0.386102 0.570636 0.366113 0.565813 0.363368 0.602001 0.742516
4 0.448849 0.639358 0.450877 0.612084 0.435273 0.608395 0.433246 0.635669 0.505429
4 0.361937 0.841723 0.363626 0.813594 0.347756 0.810565 0.346068 0.838694 0.486061
4 0.244109 0.759646 0.246417 0.728472 0.229604 0.724513 0.227296 0.755687 0.389792
4 0.168475 0.580361 0.171082 0.548522 0.153032 0.543821 0.150425 0.57566 0.36668
