4 0.201867 0.392415 0.203667 0.362351 0.185988 0.358984 0.184188 0.389048 0.929215
4 0.40118 0.433469 0.403491 0.405572 0.387302 0.401305 0.38499 0.429202 0.902698
4 0.303135 0.245117 0.305393 0.213299 0.287699 0.209305 0.285441 0.241124 0.869212
4 0.501326 0.474559 0.502293 0.447359 0.485843 0.445497 0.484875 0.472697 0.866172
4 0.435238 0.304602 0.437379 0.27579 0.421471 0.272031 0.41933 0.300842 0.840457
4 0.337668 0.556949 0.340018 0.522725 0.320416 0.518443 0.318066 0.552668 0.806314
0 0.447904 0.449518 0.450459 0.413273 0.431038 0.40892 0.428483 0.445165 0.707455
4 0.361982 0.84168 0.363558 0.813453 0.347582 0.810616 0.346006 0.838843 0.462904
4 0.41651 0.399127 0.419581 0.364394 0.40068 0.359079 0.397609 0.393812 0.419578
4 0.244163 0.759383 0.246487 0.728294 0.229839 0.724337 0.227516 0.755426 0.380893
4 0.168537 0.580261 0.171114 0.548307 0.153056 0.543674 0.150479 0.575629 0.345722
4 0.201867 0.392415 0.203667 0.362351 0.185988 0.358984 0.184188 0.389048 0.929215
4 0.40118 0.433469 0.403491 0.405572 0.387302 0.401305 0.38499 0.429202 0.902698
4 0.303135 0.245117 0.305393 0.213299 0.287699 0.209305 0.285441 0.241124 0.869212
4 0.501326 0.474559 0.502293 0.447359 0.485843 0.445497 0.484875 0.472697 0.866172
4 0.435238 0.304602 0.437379 0.27579 0.421471 0.272031 0.41933 0.300842 0.840457
4 0.337668 0.556949 0.340018 0.522725 0.320416 0.518443 0.318066 0.552668 0.806314
0 0.447904 0.449518 0.450459 0.413273 0.431038 0.40892 0.428483 0.445165 0.707455
4 0.361982 0.84168 0.363558 0.813453 0.347582 0.810616 0.346006 0.838843 0.462904
4 0.41651 0.399127 0.419581 0.364394 0.40068 0.359079 0.397609 0.393812 0.419578
4 0.244163 0.759383 0.246487 0.728294 0.229839 0.724337 0.227516 0.755426 0.380893
4 0.168537 0.580261 0.171114 0.548307 0.153056 0.543674 0.150479 0.575629 0.345722
