4 0.20168 0.392907 0.203544 0.362546 0.185713 0.359065 0.18385 0.389427 0.925703
4 0.303173 0.244984 0.305294 0.213195 0.287778 0.209478 0.285657 0.241268 0.876293
4 0.501088 0.474478 0.502091 0.44753 0.485904 0.445614 0.484902 0.472562 0.845487
4 0.435113 0.30475 0.437315 0.275548 0.421233 0.271691 0.41903 0.300893 0.841115
4 0.430834 0.609666 0.431885 0.581406 0.414825 0.579388 0.413774 0.607649 0.677259
4 0.442623 0.709885 0.444046 0.681201 0.42545 0.678267 0.424027 0.706951 0.587283
4 0.361893 0.841413 0.3635 0.813553 0.347784 0.810671 0.346178 0.838531 0.453663
4 0.244038 0.759502 0.246478 0.728259 0.229851 0.724129 0.227411 0.755372 0.371805
4 0.168543 0.58057 0.171105 0.54859 0.153101 0.544002 0.150539 0.575982 0.351936
0 0.431766 0.686495 0.436344 0.65091 0.413095 0.641397 0.408517 0.676983 0.274216
4 0.20168 0.392907 0.203544 0.362546 0.185713 0.359065 0.18385 0.389427 0.925703
4 0.303173 0.244984 0.305294 0.213195 0.287778 0.209478 0.285657 0.241268 0.876293
4 0.501088 0.474478 0.502091 0.44753 0.485904 0.445614 0.484902 0.472562 0.845487
4 0.435113 0.30475 0.437315 0.275548 0.421233 0.271691 0.41903 0.300893 0.841115
4 0.430834 0.609666 0.431885 0.581406 0.414825 0.579388 0.413774 0.607649 0.677259
4 0.442623 0.709885 0.444046 0.681201 0.42545 0.678267 0.424027 0.706951 0.587283
4 0.361893 0.841413 0.3635 0.813553 0.347784 0.810671 0.346178 0.838531 0.453663
4 0.244038 0.759502 0.246478 0.728259 0.229851 0.724129 0.227411 0.755372 0.371805
4 0.168543 0.58057 0.171105 0.54859 0.153101 0.544002 0.150539 0.575982 0.351936
0 0.431766 0.686495 0.436344 0.65091 0.413095 0.641397 0.408517 0.676983 0.274216
