4 0.201785 0.392775 0.203626 0.362502 0.185914 0.359076 0.184073 0.389349 0.918077
4 0.30328 0.244649 0.305353 0.213392 0.287909 0.209713 0.285836 0.24097 0.882427
4 0.501128 0.474676 0.50217 0.447576 0.485897 0.445585 0.484854 0.472686 0.848542
4 0.435172 0.304786 0.437289 0.275817 0.421396 0.272124 0.41928 0.301093 0.84016
4 0.398943 0.627348 0.400355 0.598225 0.38367 0.595651 0.382258 0.624774 0.62629
4 0.452991 0.647116 0.455301 0.618167 0.439157 0.61407 0.436847 0.643019 0.499097
4 0.361935 0.841534 0.363514 0.813616 0.347725 0.810776 0.346147 0.838695 0.488859
0 0.378854 0.601586 0.382405 0.562738 0.36183 0.556755 0.358278 0.595603 0.481449
4 0.244206 0.759513 0.246476 0.728545 0.229731 0.724641 0.22746 0.755608 0.420295
4 0.168593 0.580267 0.171139 0.548376 0.153105 0.543798 0.15056 0.575689 0.37566
4 0.201785 0.392775 0.203626 0.362502 0.185914 0.359076 0.184073 0.389349 0.918077
4 0.30328 0.244649 0.305353 0.213392 0.287909 0.209713 0.285836 0.24097 0.882427
4 0.501128 0.474676 0.50217 0.447576 0.485897 0.445585 0.484854 0.472686 0.848542
4 0.435172 0.304786 0.437289 0.275817 0.421396 0.272124 0.41928 0.301093 0.84016
4 0.398943 0.627348 0.400355 0.598225 0.38367 0.595651 0.382258 0.624774 0.62629
4 0.452991 0.647116 0.455301 0.618167 0.439157 0.61407 0.436847 0.643019 0.499097
4 0.361935 0.841534 0.363514 0.813616 0.347725 0.810776 0.346147 0.838695 0.488859
0 0.378854 0.601586 0.382405 0.562738 0.36183 0.556755 0.358278 0.595603 0.481449
4 0.244206 0.759513 0.246476 0.728545 0.229731 0.724641 0.22746 0.755608 0.420295
4 0.168593 0.580267 0.171139 0.548376 0.153105 0.543798 0.15056 0.575689 0.37566
