0 0.281172 0.344494 0.285795 0.304606 0.26422 0.296655 0.259597 0.336543 0.937453
4 0.391244 0.546589 0.392561 0.519359 0.375707 0.516766 0.37439 0.543996 0.866824
4 0.242755 0.308366 0.245229 0.276992 0.227896 0.272645 0.225422 0.304019 0.802404
4 0.398598 0.360604 0.399804 0.331443 0.383803 0.329339 0.382597 0.358499 0.716
4 0.419375 0.704269 0.420868 0.674234 0.403144 0.671432 0.401651 0.701467 0.714768
4 0.338352 0.576221 0.340301 0.54795 0.324145 0.544407 0.322195 0.572678 0.678477
4 0.48201 0.637365 0.484529 0.605144 0.46693 0.600767 0.46441 0.632988 0.565101
4 0.476585 0.624986 0.478259 0.590316 0.460972 0.587662 0.459299 0.622332 0.502125
0 0.281172 0.344494 0.285795 0.304606 0.26422 0.296655 0.259597 0.336543 0.937453
4 0.391244 0.546589 0.392561 0.519359 0.375707 0.516766 0.37439 0.543996 0.866824
4 0.242755 0.308366 0.245229 0.276992 0.227896 0.272645 0.225422 0.304019 0.802404
4 0.398598 0.360604 0.399804 0.331443 0.383803 0.329339 0.382597 0.358499 0.716
4 0.419375 0.704269 0.420868 0.674234 0.403144 0.671432 0.401651 0.701467 0.714768
4 0.338352 0.576221 0.340301 0.54795 0.324145 0.544407 0.322195 0.572678 0.678477
4 0.48201 0.637365 0.484529 0.605144 0.46693 0.600767 0.46441 0.632988 0.565101
4 0.476585 0.624986 0.478259 0.590316 0.460972 0.587662 0.459299 0.622332 0.502125
