4 0.361261 0.498455 0.362717 0.46987 0.346325 0.467214 0.344869 0.495799 0.945585
4 0.425477 0.682414 0.427534 0.654389 0.410258 0.650355 0.408201 0.67838 0.600223
0 0.402615 0.663642 0.406347 0.622273 0.386339 0.616532 0.382606 0.657901 0.599581
4 0.330989 0.498675 0.333416 0.457822 0.310376 0.453468 0.307948 0.494321 0.500628
4 0.336372 0.474475 0.337484 0.444199 0.320779 0.442247 0.319667 0.472523 0.330655
4 0.341179 0.585414 0.344758 0.553785 0.327547 0.547593 0.323969 0.579221 0.325487
4 0.361261 0.498455 0.362717 0.46987 0.346325 0.467214 0.344869 0.495799 0.945585
4 0.425477 0.682414 0.427534 0.654389 0.410258 0.650355 0.408201 0.67838 0.600223
0 0.402615 0.663642 0.406347 0.622273 0.386339 0.616532 0.382606 0.657901 0.599581
4 0.330989 0.498675 0.333416 0.457822 0.310376 0.453468 0.307948 0.494321 0.500628
4 0.336372 0.474475 0.337484 0.444199 0.320779 0.442247 0.319667 0.472523 0.330655
4 0.341179 0.585414 0.344758 0.553785 0.327547 0.547593 0.323969 0.579221 0.325487
