4 0.402434 0.433827 0.405055 0.405231 0.387849 0.400218 0.385229 0.428813 0.934711
4 0.201819 0.392792 0.203787 0.362498 0.186091 0.358842 0.184123 0.389136 0.92039
4 0.303254 0.24535 0.305614 0.213373 0.287863 0.209207 0.285503 0.241185 0.868691
4 0.501038 0.474826 0.502135 0.447454 0.485642 0.445351 0.484545 0.472723 0.866426
4 0.435277 0.304604 0.437465 0.275781 0.421437 0.271912 0.419249 0.300735 0.836229
4 0.337855 0.556899 0.340143 0.522492 0.320446 0.518326 0.318157 0.552733 0.804767
0 0.445635 0.453179 0.446349 0.417801 0.426389 0.41652 0.425675 0.451898 0.564438
4 0.36203 0.841503 0.363494 0.813614 0.347718 0.81098 0.346254 0.838869 0.478011
4 0.244143 0.75952 0.246534 0.728198 0.22971 0.724113 0.227319 0.755435 0.377457
4 0.168932 0.583028 0.171274 0.550971 0.154352 0.54704 0.15201 0.579097 0.340901
4 0.414829 0.418414 0.417342 0.38036 0.396044 0.375886 0.39353 0.41394 0.320748
4 0.402434 0.433827 0.405055 0.405231 0.387849 0.400218 0.385229 0.428813 0.934711
4 0.201819 0.392792 0.203787 0.362498 0.186091 0.358842 0.184123 0.389136 0.92039
4 0.303254 0.24535 0.305614 0.213373 0.287863 0.209207 0.285503 0.241185 0.868691
4 0.501038 0.474826 0.502135 0.447454 0.485642 0.445351 0.484545 0.472723 0.866426
4 0.435277 0.304604 0.437465 0.275781 0.421437 0.271912 0.419249 0.300735 0.836229
4 0.337855 0.556899 0.340143 0.522492 0.320446 0.518326 0.318157 0.552733 0.804767
0 0.445635 0.453179 0.446349 0.417801 0.426389 0.41652 0.425675 0.451898 0.564438
4 0.36203 0.841503 0.363494 0.813614 0.347718 0.81098 0.346254 0.838869 0.478011
4 0.244143 0.75952 0.246534 0.728198 0.22971 0.724113 0.227319 0.755435 0.377457
4 0.168932 0.583028 0.171274 0.550971 0.154352 0.54704 0.15201 0.579097 0.340901
4 0.414829 0.418414 0.417342 0.38036 0.396044 0.375886 0.39353 0.41394 0.320748
