4 0.201644 0.39244 0.20357 0.362172 0.185915 0.3586 0.183989 0.388868 0.916671
4 0.401681 0.433349 0.403899 0.405116 0.387819 0.401099 0.385601 0.429331 0.909463
4 0.303198 0.244838 0.305269 0.213374 0.287715 0.2097 0.285644 0.241163 0.869839
4 0.500983 0.474688 0.501932 0.447444 0.485848 0.445661 0.484899 0.472905 0.861694
4 0.43522 0.304545 0.437343 0.275966 0.421466 0.272215 0.419343 0.300794 0.839203
0 0.429036 0.493818 0.431935 0.45749 0.411819 0.452384 0.40892 0.488712 0.838733
4 0.337774 0.556766 0.339944 0.522523 0.320386 0.518582 0.318217 0.552825 0.794905
4 0.362059 0.841685 0.363707 0.813396 0.347548 0.810402 0.3459 0.838691 0.49419
4 0.244284 0.759288 0.246614 0.728271 0.229879 0.724272 0.227549 0.755288 0.452984
4 0.168966 0.582831 0.171351 0.550376 0.154389 0.546412 0.152004 0.578868 0.422898
4 0.201644 0.39244 0.20357 0.362172 0.185915 0.3586 0.183989 0.388868 0.916671
4 0.401681 0.433349 0.403899 0.405116 0.387819 0.401099 0.385601 0.429331 0.909463
4 0.303198 0.244838 0.305269 0.213374 0.287715 0.2097 0.285644 0.241163 0.869839
4 0.500983 0.474688 0.501932 0.447444 0.485848 0.445661 0.484899 0.472905 0.861694
4 0.43522 0.304545 0.437343 0.275966 0.421466 0.272215 0.419343 0.300794 0.839203
0 0.429036 0.493818 0.431935 0.45749 0.411819 0.452384 0.40892 0.488712 0.838733
4 0.337774 0.556766 0.339944 0.522523 0.320386 0.518582 0.318217 0.552825 0.794905
4 0.362059 0.841685 0.363707 0.813396 0.347548 0.810402 0.3459 0.838691 0.49419
4 0.244284 0.759288 0.246614 0.728271 0.229879 0.724272 0.227549 0.755288 0.452984
4 0.168966 0.582831 0.171351 0.550376 0.154389 0.546412 0.152004 0.578868 0.422898
