4 0.201679 0.392615 0.203585 0.362477 0.185934 0.358927 0.184028 0.389065 0.91841
4 0.401959 0.433684 0.404375 0.405282 0.387811 0.400801 0.385395 0.429203 0.901777
4 0.303311 0.245532 0.305656 0.213315 0.287828 0.209189 0.285484 0.241406 0.8633
4 0.501024 0.47464 0.502064 0.447371 0.485719 0.445387 0.484678 0.472656 0.860763
4 0.435298 0.304585 0.437432 0.275686 0.421382 0.271917 0.419248 0.300816 0.846961
4 0.337888 0.55681 0.340019 0.52262 0.320356 0.518723 0.318225 0.552912 0.818584
0 0.442079 0.441023 0.44466 0.406266 0.426409 0.401956 0.423828 0.436712 0.689356
4 0.362101 0.841585 0.363618 0.813607 0.347658 0.810854 0.346141 0.838832 0.458945
4 0.244279 0.759702 0.246687 0.727898 0.229585 0.723781 0.227178 0.755586 0.383325
4 0.168771 0.580642 0.171362 0.54812 0.153089 0.543491 0.150499 0.576012 0.364666
4 0.201679 0.392615 0.203585 0.362477 0.185934 0.358927 0.184028 0.389065 0.91841
4 0.401959 0.433684 0.404375 0.405282 0.387811 0.400801 0.385395 0.429203 0.901777
4 0.303311 0.245532 0.305656 0.213315 0.287828 0.209189 0.285484 0.241406 0.8633
4 0.501024 0.47464 0.502064 0.447371 0.485719 0.445387 0.484678 0.472656 0.860763
4 0.435298 0.304585 0.437432 0.275686 0.421382 0.271917 0.419248 0.300816 0.846961
4 0.337888 0.55681 0.340019 0.52262 0.320356 0.518723 0.318225 0.552912 0.818584
0 0.442079 0.441023 0.44466 0.406266 0.426409 0.401956 0.423828 0.436712 0.689356
4 0.362101 0.841585 0.363618 0.813607 0.347658 0.810854 0.346141 0.838832 0.458945
4 0.244279 0.759702 0.246687 0.727898 0.229585 0.723781 0.227178 0.755586 0.383325
4 0.168771 0.580642 0.171362 0.54812 0.153089 0.543491 0.150499 0.576012 0.364666
