4 0.201699 0.392585 0.203542 0.362475 0.185938 0.359047 0.184094 0.389157 0.926547
4 0.402967 0.433654 0.40538 0.405197 0.387899 0.400484 0.385486 0.428941 0.916024
4 0.303155 0.244474 0.305221 0.213178 0.287735 0.209508 0.28567 0.240804 0.877584
4 0.501352 0.475002 0.502396 0.44728 0.485747 0.445285 0.484702 0.473008 0.873094
4 0.435263 0.304657 0.437375 0.275857 0.421432 0.272139 0.419319 0.300938 0.851683
4 0.33753 0.557131 0.339956 0.522668 0.320416 0.518293 0.31799 0.552756 0.784505
0 0.462821 0.534323 0.465417 0.498224 0.444546 0.493451 0.44195 0.529549 0.716722
4 0.362011 0.841496 0.363625 0.81348 0.347699 0.810562 0.346085 0.838578 0.459525
4 0.244309 0.759656 0.246593 0.728275 0.229654 0.724353 0.22737 0.755735 0.42933
4 0.168584 0.58059 0.171252 0.548155 0.153048 0.543393 0.150381 0.575829 0.389073
4 0.201699 0.392585 0.203542 0.362475 0.185938 0.359047 0.184094 0.389157 0.926547
4 0.402967 0.433654 0.40538 0.405197 0.387899 0.400484 0.385486 0.428941 0.916024
4 0.303155 0.244474 0.305221 0.213178 0.287735 0.209508 0.28567 0.240804 0.877584
4 0.501352 0.475002 0.502396 0.44728 0.485747 0.445285 0.484702 0.473008 0.873094
4 0.435263 0.304657 0.437375 0.275857 0.421432 0.272139 0.419319 0.300938 0.851683
4 0.33753 0.557131 0.339956 0.522668 0.320416 0.518293 0.31799 0.552756 0.784505
0 0.462821 0.534323 0.465417 0.498224 0.444546 0.493451 0.44195 0.529549 0.716722
4 0.362011 0.841496 0.363625 0.81348 0.347699 0.810562 0.346085 0.838578 0.459525
4 0.244309 0.759656 0.246593 0.728275 0.229654 0.724353 0.22737 0.755735 0.42933
4 0.168584 0.58059 0.171252 0.548155 0.153048 0.543393 0.150381 0.575829 0.389073
