4 0.36692 0.565277 0.367585 0.537319 0.351415 0.536096 0.35075 0.564054 0.932189
4 0.337434 0.471775 0.339507 0.443041 0.32346 0.43936 0.321388 0.468094 0.89281
4 0.358399 0.446236 0.360095 0.41868 0.344829 0.41569 0.343132 0.443247 0.763744
4 0.397677 0.360608 0.399644 0.329828 0.38285 0.326416 0.380883 0.357195 0.649495
4 0.426855 0.589056 0.428645 0.552019 0.409976 0.54915 0.408187 0.586188 0.614734
4 0.342778 0.58089 0.344031 0.551108 0.327501 0.548897 0.326248 0.578679 0.568612
4 0.380902 0.657271 0.382767 0.625291 0.364521 0.621907 0.362655 0.653886 0.558214
4 0.373301 0.648415 0.375635 0.614268 0.358212 0.610481 0.355878 0.644628 0.457391
4 0.36692 0.565277 0.367585 0.537319 0.351415 0.536096 0.35075 0.564054 0.932189
4 0.337434 0.471775 0.339507 0.443041 0.32346 0.43936 0.321388 0.468094 0.89281
4 0.358399 0.446236 0.360095 0.41868 0.344829 0.41569 0.343132 0.443247 0.763744
4 0.397677 0.360608 0.399644 0.329828 0.38285 0.326416 0.380883 0.357195 0.649495
4 0.426855 0.589056 0.428645 0.552019 0.409976 0.54915 0.408187 0.586188 0.614734
4 0.342778 0.58089 0.344031 0.551108 0.327501 0.548897 0.326248 0.578679 0.568612
4 0.380902 0.657271 0.382767 0.625291 0.364521 0.621907 0.362655 0.653886 0.558214
4 0.373301 0.648415 0.375635 0.614268 0.358212 0.610481 0.355878 0.644628 0.457391
