4 0.201835 0.392544 0.20372 0.362403 0.185946 0.358866 0.18406 0.389007 0.921421
4 0.303345 0.244497 0.305438 0.213074 0.287788 0.209335 0.285694 0.240757 0.867144
4 0.501207 0.474205 0.502211 0.447398 0.486003 0.445468 0.484999 0.472275 0.863672
4 0.435162 0.304756 0.437318 0.276004 0.421396 0.272207 0.41924 0.300959 0.840799
4 0.369016 0.575133 0.370619 0.544309 0.350094 0.540915 0.348491 0.571738 0.795679
4 0.361916 0.8415 0.363527 0.813673 0.347678 0.810755 0.346067 0.838582 0.488976
4 0.244076 0.759337 0.246452 0.728373 0.229858 0.724323 0.227482 0.755288 0.386517
4 0.168595 0.580131 0.171088 0.548367 0.153311 0.543929 0.150818 0.575693 0.381973
0 0.351205 0.55505 0.353713 0.517231 0.332955 0.512854 0.330447 0.550673 0.305798
4 0.201835 0.392544 0.20372 0.362403 0.185946 0.358866 0.18406 0.389007 0.921421
4 0.303345 0.244497 0.305438 0.213074 0.287788 0.209335 0.285694 0.240757 0.867144
4 0.501207 0.474205 0.502211 0.447398 0.486003 0.445468 0.484999 0.472275 0.863672
4 0.435162 0.304756 0.437318 0.276004 0.421396 0.272207 0.41924 0.300959 0.840799
4 0.369016 0.575133 0.370619 0.544309 0.350094 0.540915 0.348491 0.571738 0.795679
4 0.361916 0.8415 0.363527 0.813673 0.347678 0.810755 0.346067 0.838582 0.488976
4 0.244076 0.759337 0.246452 0.728373 0.229858 0.724323 0.227482 0.755288 0.386517
4 0.168595 0.580131 0.171088 0.548367 0.153311 0.543929 0.150818 0.575693 0.381973
0 0.351205 0.55505 0.353713 0.517231 0.332955 0.512854 0.330447 0.550673 0.305798
