4 0.402778 0.43376 0.405224 0.405123 0.388057 0.400459 0.385611 0.429097 0.936838
4 0.201887 0.39248 0.203696 0.362366 0.185861 0.358958 0.184052 0.389072 0.931105
4 0.303279 0.244701 0.305496 0.213157 0.287731 0.209186 0.285514 0.240731 0.873269
4 0.501415 0.474563 0.502427 0.447435 0.485986 0.445484 0.484974 0.472612 0.862593
4 0.435253 0.304684 0.437487 0.2759 0.421488 0.271951 0.419254 0.300735 0.829186
4 0.33786 0.557042 0.340186 0.52261 0.320492 0.518379 0.318166 0.552812 0.77975
0 0.448508 0.45017 0.45076 0.413266 0.431105 0.409451 0.428853 0.446356 0.765338
4 0.36193 0.841521 0.363526 0.813676 0.347741 0.810798 0.346145 0.838643 0.485994
4 0.415205 0.418879 0.418021 0.382128 0.397058 0.377021 0.394242 0.413771 0.404101
4 0.244067 0.759439 0.246418 0.728276 0.229642 0.724251 0.227291 0.755414 0.394773
4 0.168681 0.580163 0.171106 0.548514 0.153154 0.544141 0.15073 0.575791 0.367099
4 0.402778 0.43376 0.405224 0.405123 0.388057 0.400459 0.385611 0.429097 0.936838
4 0.201887 0.39248 0.203696 0.362366 0.185861 0.358958 0.184052 0.389072 0.931105
4 0.303279 0.244701 0.305496 0.213157 0.287731 0.209186 0.285514 0.240731 0.873269
4 0.501415 0.474563 0.502427 0.447435 0.485986 0.445484 0.484974 0.472612 0.862593
4 0.435253 0.304684 0.437487 0.2759 0.421488 0.271951 0.419254 0.300735 0.829186
4 0.33786 0.557042 0.340186 0.52261 0.320492 0.518379 0.318166 0.552812 0.77975
0 0.448508 0.45017 0.45076 0.413266 0.431105 0.409451 0.428853 0.446356 0.765338
4 0.36193 0.841521 0.363526 0.813676 0.347741 0.810798 0.346145 0.838643 0.485994
4 0.415205 0.418879 0.418021 0.382128 0.397058 0.377021 0.394242 0.413771 0.404101
4 0.244067 0.759439 0.246418 0.728276 0.229642 0.724251 0.227291 0.755414 0.394773
4 0.168681 0.580163 0.171106 0.548514 0.153154 0.544141 0.15073 0.575791 0.367099
