4 0.201973 0.392757 0.203855 0.36252 0.185967 0.35898 0.184085 0.389218 0.923567
4 0.501244 0.474338 0.502193 0.447297 0.485854 0.445473 0.484905 0.472514 0.879239
4 0.401316 0.433043 0.403332 0.404939 0.387296 0.401281 0.385281 0.429385 0.872388
4 0.303165 0.24492 0.305425 0.213489 0.287888 0.209478 0.285627 0.240908 0.865382
4 0.435151 0.304618 0.437321 0.275713 0.421277 0.271882 0.419107 0.300787 0.848783
4 0.33769 0.557048 0.339972 0.522702 0.320408 0.518569 0.318126 0.552914 0.796949
0 0.448067 0.449353 0.450262 0.41356 0.430627 0.409731 0.428432 0.445524 0.742836
4 0.361917 0.841619 0.363545 0.813156 0.347518 0.810239 0.345889 0.838701 0.508316
4 0.169065 0.582983 0.171443 0.550667 0.154303 0.546655 0.151925 0.578972 0.417054
4 0.244167 0.759613 0.24655 0.728397 0.229751 0.724319 0.227368 0.755535 0.380686
4 0.201973 0.392757 0.203855 0.36252 0.185967 0.35898 0.184085 0.389218 0.923567
4 0.501244 0.474338 0.502193 0.447297 0.485854 0.445473 0.484905 0.472514 0.879239
4 0.401316 0.433043 0.403332 0.404939 0.387296 0.401281 0.385281 0.429385 0.872388
4 0.303165 0.24492 0.305425 0.213489 0.287888 0.209478 0.285627 0.240908 0.865382
4 0.435151 0.304618 0.437321 0.275713 0.421277 0.271882 0.419107 0.300787 0.848783
4 0.33769 0.557048 0.339972 0.522702 0.320408 0.518569 0.318126 0.552914 0.796949
0 0.448067 0.449353 0.450262 0.41356 0.430627 0.409731 0.428432 0.445524 0.742836
4 0.361917 0.841619 0.363545 0.813156 0.347518 0.810239 0.345889 0.838701 0.508316
4 0.169065 0.582983 0.171443 0.550667 0.154303 0.546655 0.151925 0.578972 0.417054
4 0.244167 0.759613 0.24655 0.728397 0.229751 0.724319 0.227368 0.755535 0.380686
