4 0.201949 0.392702 0.203756 0.362648 0.186048 0.359263 0.184241 0.389316 0.920285
4 0.401824 0.43331 0.403245 0.404824 0.387006 0.402247 0.385584 0.430733 0.908504
4 0.501248 0.474204 0.502094 0.447168 0.485569 0.445523 0.484723 0.472559 0.886818
4 0.303349 0.245046 0.305524 0.213208 0.287831 0.209364 0.285656 0.241202 0.879387
4 0.435353 0.30484 0.437435 0.27582 0.421297 0.272139 0.419215 0.301159 0.831552
0 0.442167 0.457583 0.445742 0.421046 0.426469 0.415049 0.422894 0.451586 0.811852
4 0.337694 0.556735 0.339951 0.522677 0.320424 0.518561 0.318167 0.552619 0.801923
4 0.361854 0.841716 0.363497 0.813575 0.347598 0.810624 0.345955 0.838764 0.488888
4 0.244197 0.759468 0.246513 0.728264 0.22979 0.724317 0.227474 0.755522 0.37501
4 0.168607 0.580598 0.171202 0.548411 0.153018 0.543749 0.150424 0.575936 0.346815
4 0.201949 0.392702 0.203756 0.362648 0.186048 0.359263 0.184241 0.389316 0.920285
4 0.401824 0.43331 0.403245 0.404824 0.387006 0.402247 0.385584 0.430733 0.908504
4 0.501248 0.474204 0.502094 0.447168 0.485569 0.445523 0.484723 0.472559 0.886818
4 0.303349 0.245046 0.305524 0.213208 0.287831 0.209364 0.285656 0.241202 0.879387
4 0.435353 0.30484 0.437435 0.27582 0.421297 0.272139 0.419215 0.301159 0.831552
0 0.442167 0.457583 0.445742 0.421046 0.426469 0.415049 0.422894 0.451586 0.811852
4 0.337694 0.556735 0.339951 0.522677 0.320424 0.518561 0.318167 0.552619 0.801923
4 0.361854 0.841716 0.363497 0.813575 0.347598 0.810624 0.345955 0.838764 0.488888
4 0.244197 0.759468 0.246513 0.728264 0.22979 0.724317 0.227474 0.755522 0.37501
4 0.168607 0.580598 0.171202 0.548411 0.153018 0.543749 0.150424 0.575936 0.346815
