4 0.201827 0.392615 0.20369 0.362424 0.185968 0.358947 0.184105 0.389137 0.908327
4 0.303308 0.244914 0.305485 0.213328 0.287873 0.209467 0.285696 0.241053 0.868525
4 0.501008 0.474595 0.502063 0.447581 0.485871 0.445569 0.484815 0.472583 0.851239
4 0.435114 0.304762 0.437329 0.275874 0.421403 0.27199 0.419188 0.300878 0.842101
4 0.390614 0.613 0.392662 0.581118 0.374298 0.577367 0.372251 0.609249 0.769805
0 0.369427 0.585575 0.372353 0.549353 0.353064 0.544397 0.350137 0.580619 0.719044
4 0.361924 0.841474 0.363433 0.813439 0.347618 0.810732 0.346109 0.838767 0.481318
4 0.460025 0.659858 0.461905 0.632265 0.446565 0.628942 0.444685 0.656536 0.430859
4 0.244091 0.759397 0.24645 0.72832 0.2297 0.724276 0.227341 0.755352 0.39163
4 0.168585 0.580244 0.171082 0.548352 0.153278 0.543918 0.150781 0.57581 0.389843
4 0.201827 0.392615 0.20369 0.362424 0.185968 0.358947 0.184105 0.389137 0.908327
4 0.303308 0.244914 0.305485 0.213328 0.287873 0.209467 0.285696 0.241053 0.868525
4 0.501008 0.474595 0.502063 0.447581 0.485871 0.445569 0.484815 0.472583 0.851239
4 0.435114 0.304762 0.437329 0.275874 0.421403 0.27199 0.419188 0.300878 0.842101
4 0.390614 0.613 0.392662 0.581118 0.374298 0.577367 0.372251 0.609249 0.769805
0 0.369427 0.585575 0.372353 0.549353 0.353064 0.544397 0.350137 0.580619 0.719044
4 0.361924 0.841474 0.363433 0.813439 0.347618 0.810732 0.346109 0.838767 0.481318
4 0.460025 0.659858 0.461905 0.632265 0.446565 0.628942 0.444685 0.656536 0.430859
4 0.244091 0.759397 0.24645 0.72832 0.2297 0.724276 0.227341 0.755352 0.39163
4 0.168585 0.580244 0.171082 0.548352 0.153278 0.543918 0.150781 0.57581 0.389843
