4 0.201835 0.392812 0.203728 0.362435 0.185949 0.358913 0.184057 0.38929 0.918545
4 0.303337 0.245024 0.305618 0.213475 0.28798 0.209419 0.285699 0.240967 0.872872
4 0.501228 0.474529 0.50221 0.447399 0.485943 0.445525 0.48496 0.472655 0.864627
4 0.400558 0.433924 0.402585 0.40483 0.386774 0.401326 0.384747 0.430421 0.852675
4 0.435246 0.304546 0.437441 0.276012 0.421602 0.272138 0.419408 0.300672 0.830111
4 0.337605 0.556688 0.339939 0.522672 0.320427 0.518414 0.318093 0.552431 0.801616
0 0.438964 0.443059 0.441969 0.408913 0.423391 0.403715 0.420387 0.437861 0.729917
4 0.361969 0.841554 0.363434 0.813629 0.347677 0.811001 0.346212 0.838925 0.480229
4 0.16898 0.582718 0.171182 0.550579 0.154211 0.546883 0.15201 0.579022 0.428594
4 0.244167 0.759391 0.246445 0.728125 0.229698 0.724246 0.227421 0.755512 0.406618
4 0.201835 0.392812 0.203728 0.362435 0.185949 0.358913 0.184057 0.38929 0.918545
4 0.303337 0.245024 0.305618 0.213475 0.28798 0.209419 0.285699 0.240967 0.872872
4 0.501228 0.474529 0.50221 0.447399 0.485943 0.445525 0.48496 0.472655 0.864627
4 0.400558 0.433924 0.402585 0.40483 0.386774 0.401326 0.384747 0.430421 0.852675
4 0.435246 0.304546 0.437441 0.276012 0.421602 0.272138 0.419408 0.300672 0.830111
4 0.337605 0.556688 0.339939 0.522672 0.320427 0.518414 0.318093 0.552431 0.801616
0 0.438964 0.443059 0.441969 0.408913 0.423391 0.403715 0.420387 0.437861 0.729917
4 0.361969 0.841554 0.363434 0.813629 0.347677 0.811001 0.346212 0.838925 0.480229
4 0.16898 0.582718 0.171182 0.550579 0.154211 0.546883 0.15201 0.579022 0.428594
4 0.244167 0.759391 0.246445 0.728125 0.229698 0.724246 0.227421 0.755512 0.406618
