4 0.201926 0.392509 0.203756 0.362347 0.186038 0.358928 0.184208 0.38909 0.923955
4 0.40151 0.434133 0.402531 0.404736 0.387084 0.40303 0.386064 0.432427 0.901963
4 0.303315 0.244436 0.305433 0.213439 0.287994 0.209648 0.285875 0.240645 0.874839
4 0.501005 0.474806 0.502047 0.447631 0.486047 0.445679 0.485005 0.472855 0.860046
4 0.435164 0.304918 0.437325 0.275948 0.421378 0.272165 0.419217 0.301136 0.844246
4 0.337604 0.556924 0.339983 0.522651 0.320452 0.51834 0.318073 0.552613 0.799721
0 0.434519 0.436087 0.435918 0.396318 0.415604 0.394047 0.414206 0.433815 0.624695
4 0.36208 0.841514 0.363566 0.813487 0.347678 0.810808 0.346192 0.838834 0.464301
4 0.244067 0.759356 0.246339 0.728587 0.229804 0.724704 0.227532 0.755473 0.412903
4 0.168575 0.580389 0.171184 0.54835 0.153092 0.543665 0.150483 0.575704 0.348757
4 0.201926 0.392509 0.203756 0.362347 0.186038 0.358928 0.184208 0.38909 0.923955
4 0.40151 0.434133 0.402531 0.404736 0.387084 0.40303 0.386064 0.432427 0.901963
4 0.303315 0.244436 0.305433 0.213439 0.287994 0.209648 0.285875 0.240645 0.874839
4 0.501005 0.474806 0.502047 0.447631 0.486047 0.445679 0.485005 0.472855 0.860046
4 0.435164 0.304918 0.437325 0.275948 0.421378 0.272165 0.419217 0.301136 0.844246
4 0.337604 0.556924 0.339983 0.522651 0.320452 0.51834 0.318073 0.552613 0.799721
0 0.434519 0.436087 0.435918 0.396318 0.415604 0.394047 0.414206 0.433815 0.624695
4 0.36208 0.841514 0.363566 0.813487 0.347678 0.810808 0.346192 0.838834 0.464301
4 0.244067 0.759356 0.246339 0.728587 0.229804 0.724704 0.227532 0.755473 0.412903
4 0.168575 0.580389 0.171184 0.54835 0.153092 0.543665 0.150483 0.575704 0.348757
