4 0.201931 0.392671 0.203772 0.362572 0.1861 0.359136 0.18426 0.389234 0.924794
4 0.501308 0.474582 0.502326 0.447672 0.485978 0.445704 0.48496 0.472615 0.882007
4 0.401257 0.433163 0.403216 0.404908 0.387168 0.40137 0.385209 0.429624 0.870387
4 0.303239 0.245202 0.305449 0.213229 0.287784 0.209347 0.285575 0.24132 0.864837
4 0.435217 0.304504 0.437384 0.275877 0.421456 0.272043 0.419289 0.30067 0.8311
4 0.337752 0.556952 0.340144 0.522535 0.320469 0.518186 0.318077 0.552604 0.796272
0 0.447658 0.449587 0.449658 0.414544 0.430324 0.411034 0.428324 0.446078 0.750989
4 0.362015 0.841383 0.363405 0.813505 0.347538 0.81099 0.346149 0.838868 0.46651
4 0.16848 0.580253 0.171055 0.548265 0.153157 0.543684 0.150583 0.575672 0.371721
4 0.244264 0.75963 0.246589 0.727903 0.22968 0.723963 0.227355 0.755689 0.352815
4 0.201931 0.392671 0.203772 0.362572 0.1861 0.359136 0.18426 0.389234 0.924794
4 0.501308 0.474582 0.502326 0.447672 0.485978 0.445704 0.48496 0.472615 0.882007
4 0.401257 0.433163 0.403216 0.404908 0.387168 0.40137 0.385209 0.429624 0.870387
4 0.303239 0.245202 0.305449 0.213229 0.287784 0.209347 0.285575 0.24132 0.864837
4 0.435217 0.304504 0.437384 0.275877 0.421456 0.272043 0.419289 0.30067 0.8311
4 0.337752 0.556952 0.340144 0.522535 0.320469 0.518186 0.318077 0.552604 0.796272
0 0.447658 0.449587 0.449658 0.414544 0.430324 0.411034 0.428324 0.446078 0.750989
4 0.362015 0.841383 0.363405 0.813505 0.347538 0.81099 0.346149 0.838868 0.46651
4 0.16848 0.580253 0.171055 0.548265 0.153157 0.543684 0.150583 0.575672 0.371721
4 0.244264 0.75963 0.246589 0.727903 0.22968 0.723963 0.227355 0.755689 0.352815
