0 0.287021 0.41638 0.288061 0.380549 0.268175 0.378713 0.267135 0.414544 0.888622
4 0.391291 0.546569 0.392609 0.519247 0.375454 0.516615 0.374136 0.543938 0.866109
4 0.419303 0.704508 0.42084 0.674134 0.402984 0.671262 0.401448 0.701636 0.714921
4 0.338286 0.576201 0.340155 0.547562 0.323856 0.544181 0.321988 0.57282 0.687932
4 0.27495 0.39462 0.277081 0.363908 0.260876 0.360332 0.258745 0.391044 0.686682
4 0.398554 0.360404 0.399739 0.33107 0.383678 0.329006 0.382492 0.358339 0.669234
4 0.482058 0.636739 0.484336 0.604973 0.466795 0.600972 0.464517 0.632738 0.577427
4 0.457223 0.55832 0.460023 0.520241 0.440815 0.515749 0.438015 0.553828 0.250443
0 0.287021 0.41638 0.288061 0.380549 0.268175 0.378713 0.267135 0.414544 0.888622
4 0.391291 0.546569 0.392609 0.519247 0.375454 0.516615 0.374136 0.543938 0.866109
4 0.419303 0.704508 0.42084 0.674134 0.402984 0.671262 0.401448 0.701636 0.714921
4 0.338286 0.576201 0.340155 0.547562 0.323856 0.544181 0.321988 0.57282 0.687932
4 0.27495 0.39462 0.277081 0.363908 0.260876 0.360332 0.258745 0.391044 0.686682
4 0.398554 0.360404 0.399739 0.33107 0.383678 0.329006 0.382492 0.358339 0.669234
4 0.482058 0.636739 0.484336 0.604973 0.466795 0.600972 0.464517 0.632738 0.577427
4 0.457223 0.55832 0.460023 0.520241 0.440815 0.515749 0.438015 0.553828 0.250443
