4 0.201761 0.392762 0.203666 0.362308 0.185731 0.35874 0.183826 0.389195 0.919225
4 0.303306 0.24471 0.305385 0.212974 0.287777 0.209305 0.285697 0.24104 0.880281
4 0.501338 0.474419 0.502327 0.447337 0.485837 0.445422 0.484848 0.472504 0.868959
4 0.435167 0.30471 0.437272 0.275935 0.421372 0.272236 0.419267 0.301011 0.851711
4 0.40215 0.432817 0.403277 0.404158 0.387965 0.402243 0.386838 0.430902 0.833477
4 0.337585 0.556638 0.339917 0.522543 0.320421 0.518301 0.318089 0.552397 0.796905
0 0.445928 0.438939 0.447231 0.403048 0.428437 0.400878 0.427134 0.436769 0.625845
4 0.361941 0.841413 0.363487 0.813619 0.347742 0.810833 0.346195 0.838627 0.487898
4 0.168592 0.580309 0.17127 0.548216 0.153159 0.543411 0.150481 0.575504 0.372656
4 0.244228 0.759495 0.246567 0.728515 0.229984 0.724533 0.227645 0.755513 0.36316
4 0.201761 0.392762 0.203666 0.362308 0.185731 0.35874 0.183826 0.389195 0.919225
4 0.303306 0.24471 0.305385 0.212974 0.287777 0.209305 0.285697 0.24104 0.880281
4 0.501338 0.474419 0.502327 0.447337 0.485837 0.445422 0.484848 0.472504 0.868959
4 0.435167 0.30471 0.437272 0.275935 0.421372 0.272236 0.419267 0.301011 0.851711
4 0.40215 0.432817 0.403277 0.404158 0.387965 0.402243 0.386838 0.430902 0.833477
4 0.337585 0.556638 0.339917 0.522543 0.320421 0.518301 0.318089 0.552397 0.796905
0 0.445928 0.438939 0.447231 0.403048 0.428437 0.400878 0.427134 0.436769 0.625845
4 0.361941 0.841413 0.363487 0.813619 0.347742 0.810833 0.346195 0.838627 0.487898
4 0.168592 0.580309 0.17127 0.548216 0.153159 0.543411 0.150481 0.575504 0.372656
4 0.244228 0.759495 0.246567 0.728515 0.229984 0.724533 0.227645 0.755513 0.36316
