4 0.201714 0.392574 0.203626 0.362443 0.185922 0.358871 0.18401 0.389001 0.921777
4 0.30324 0.244766 0.305253 0.213385 0.287853 0.209835 0.28584 0.241217 0.882363
4 0.500981 0.47452 0.50199 0.447518 0.485821 0.445596 0.484812 0.472598 0.863539
4 0.435133 0.304828 0.437248 0.276105 0.42139 0.272393 0.419276 0.301115 0.846654
0 0.407947 0.654195 0.411196 0.617372 0.391042 0.611717 0.387793 0.648539 0.596632
4 0.424907 0.6835 0.427629 0.653127 0.409847 0.648059 0.407125 0.678432 0.566773
4 0.361895 0.841754 0.36357 0.813784 0.347682 0.810758 0.346007 0.838728 0.485259
4 0.244446 0.759695 0.246752 0.728132 0.229788 0.724191 0.227482 0.755754 0.403947
4 0.168767 0.580779 0.171356 0.548645 0.153233 0.544001 0.150644 0.576135 0.382678
4 0.201714 0.392574 0.203626 0.362443 0.185922 0.358871 0.18401 0.389001 0.921777
4 0.30324 0.244766 0.305253 0.213385 0.287853 0.209835 0.28584 0.241217 0.882363
4 0.500981 0.47452 0.50199 0.447518 0.485821 0.445596 0.484812 0.472598 0.863539
4 0.435133 0.304828 0.437248 0.276105 0.42139 0.272393 0.419276 0.301115 0.846654
0 0.407947 0.654195 0.411196 0.617372 0.391042 0.611717 0.387793 0.648539 0.596632
4 0.424907 0.6835 0.427629 0.653127 0.409847 0.648059 0.407125 0.678432 0.566773
4 0.361895 0.841754 0.36357 0.813784 0.347682 0.810758 0.346007 0.838728 0.485259
4 0.244446 0.759695 0.246752 0.728132 0.229788 0.724191 0.227482 0.755754 0.403947
4 0.168767 0.580779 0.171356 0.548645 0.153233 0.544001 0.150644 0.576135 0.382678
