4 0.336523 0.470982 0.338582 0.444665 0.32364 0.440948 0.321581 0.467265 0.746538
4 0.358023 0.446339 0.359655 0.41831 0.344442 0.415493 0.34281 0.443522 0.719739
4 0.397914 0.360516 0.399694 0.330237 0.383044 0.327126 0.381264 0.357404 0.672593
4 0.342281 0.583829 0.344725 0.552166 0.327936 0.548045 0.325492 0.579708 0.666782
4 0.373808 0.648427 0.375872 0.614128 0.357974 0.610702 0.35591 0.645002 0.53422
4 0.363883 0.553424 0.368098 0.516013 0.348624 0.509035 0.344409 0.546446 0.516842
0 0.347633 0.520803 0.35099 0.480452 0.330208 0.474953 0.326851 0.515304 0.340378
4 0.336523 0.470982 0.338582 0.444665 0.32364 0.440948 0.321581 0.467265 0.746538
4 0.358023 0.446339 0.359655 0.41831 0.344442 0.415493 0.34281 0.443522 0.719739
4 0.397914 0.360516 0.399694 0.330237 0.383044 0.327126 0.381264 0.357404 0.672593
4 0.342281 0.583829 0.344725 0.552166 0.327936 0.548045 0.325492 0.579708 0.666782
4 0.373808 0.648427 0.375872 0.614128 0.357974 0.610702 0.35591 0.645002 0.53422
4 0.363883 0.553424 0.368098 0.516013 0.348624 0.509035 0.344409 0.546446 0.516842
0 0.347633 0.520803 0.35099 0.480452 0.330208 0.474953 0.326851 0.515304 0.340378
