4 0.201844 0.392591 0.203715 0.362573 0.186098 0.359082 0.184227 0.3891 0.926149
4 0.402988 0.433649 0.40546 0.404932 0.387792 0.400094 0.385319 0.428811 0.9257
4 0.303412 0.244654 0.305642 0.213302 0.288065 0.209326 0.285835 0.240678 0.867639
4 0.435216 0.304565 0.437388 0.275842 0.421461 0.272011 0.419288 0.300734 0.84096
4 0.500987 0.474484 0.502001 0.447174 0.485311 0.445204 0.484298 0.472514 0.817833
4 0.337719 0.556924 0.340029 0.522656 0.320428 0.518454 0.318118 0.552721 0.781998
0 0.455884 0.506986 0.457791 0.470774 0.437084 0.467307 0.435178 0.503519 0.626438
4 0.362022 0.841533 0.363415 0.813547 0.347534 0.811034 0.346141 0.83902 0.491923
4 0.244183 0.759574 0.246555 0.728105 0.229644 0.72405 0.227272 0.755519 0.371931
4 0.168939 0.582678 0.171201 0.550785 0.1545 0.547018 0.152238 0.578911 0.365173
4 0.201844 0.392591 0.203715 0.362573 0.186098 0.359082 0.184227 0.3891 0.926149
4 0.402988 0.433649 0.40546 0.404932 0.387792 0.400094 0.385319 0.428811 0.9257
4 0.303412 0.244654 0.305642 0.213302 0.288065 0.209326 0.285835 0.240678 0.867639
4 0.435216 0.304565 0.437388 0.275842 0.421461 0.272011 0.419288 0.300734 0.84096
4 0.500987 0.474484 0.502001 0.447174 0.485311 0.445204 0.484298 0.472514 0.817833
4 0.337719 0.556924 0.340029 0.522656 0.320428 0.518454 0.318118 0.552721 0.781998
0 0.455884 0.506986 0.457791 0.470774 0.437084 0.467307 0.435178 0.503519 0.626438
4 0.362022 0.841533 0.363415 0.813547 0.347534 0.811034 0.346141 0.83902 0.491923
4 0.244183 0.759574 0.246555 0.728105 0.229644 0.72405 0.227272 0.755519 0.371931
4 0.168939 0.582678 0.171201 0.550785 0.1545 0.547018 0.152238 0.578911 0.365173
