4 0.201729 0.392591 0.203617 0.362335 0.185924 0.358822 0.184035 0.389079 0.92267
4 0.401158 0.433782 0.403041 0.405228 0.387022 0.401868 0.385138 0.430421 0.896338
4 0.303246 0.244875 0.305496 0.213336 0.287869 0.209337 0.285619 0.240876 0.876826
4 0.501209 0.474575 0.502156 0.447476 0.485961 0.445676 0.485014 0.472775 0.870046
0 0.4399 0.444922 0.441463 0.410639 0.422028 0.407822 0.420465 0.442104 0.850249
4 0.435234 0.304452 0.437332 0.275809 0.421425 0.272103 0.419327 0.300746 0.824917
4 0.337505 0.556744 0.339859 0.522689 0.320398 0.51841 0.318044 0.552465 0.806986
4 0.362041 0.84162 0.363546 0.813601 0.347739 0.810901 0.346234 0.838919 0.476614
4 0.425553 0.391478 0.428287 0.358853 0.410944 0.35423 0.40821 0.386855 0.465487
4 0.244233 0.759468 0.246556 0.728081 0.22969 0.724109 0.227366 0.755496 0.412422
4 0.169029 0.582841 0.171293 0.550596 0.154229 0.546787 0.151965 0.579032 0.408025
4 0.201729 0.392591 0.203617 0.362335 0.185924 0.358822 0.184035 0.389079 0.92267
4 0.401158 0.433782 0.403041 0.405228 0.387022 0.401868 0.385138 0.430421 0.896338
4 0.303246 0.244875 0.305496 0.213336 0.287869 0.209337 0.285619 0.240876 0.876826
4 0.501209 0.474575 0.502156 0.447476 0.485961 0.445676 0.485014 0.472775 0.870046
0 0.4399 0.444922 0.441463 0.410639 0.422028 0.407822 0.420465 0.442104 0.850249
4 0.435234 0.304452 0.437332 0.275809 0.421425 0.272103 0.419327 0.300746 0.824917
4 0.337505 0.556744 0.339859 0.522689 0.320398 0.51841 0.318044 0.552465 0.806986
4 0.362041 0.84162 0.363546 0.813601 0.347739 0.810901 0.346234 0.838919 0.476614
4 0.425553 0.391478 0.428287 0.358853 0.410944 0.35423 0.40821 0.386855 0.465487
4 0.244233 0.759468 0.246556 0.728081 0.22969 0.724109 0.227366 0.755496 0.412422
4 0.169029 0.582841 0.171293 0.550596 0.154229 0.546787 0.151965 0.579032 0.408025
