4 0.201923 0.392775 0.203803 0.362492 0.185965 0.358971 0.184085 0.389253 0.923113
4 0.30319 0.244609 0.305323 0.213404 0.287981 0.209635 0.285848 0.240839 0.866085
4 0.501095 0.474472 0.502058 0.447489 0.485869 0.445651 0.484905 0.472634 0.858897
4 0.435189 0.304821 0.437323 0.27585 0.421365 0.272112 0.419231 0.301083 0.843979
4 0.439067 0.70813 0.440975 0.678648 0.423657 0.675083 0.421749 0.704565 0.720885
0 0.423123 0.681646 0.427057 0.64471 0.407056 0.637935 0.403122 0.674871 0.705143
4 0.430399 0.609033 0.431169 0.580337 0.415176 0.578973 0.414407 0.607669 0.487349
4 0.36204 0.841518 0.363522 0.813562 0.34771 0.810897 0.346228 0.838852 0.449457
4 0.244135 0.759475 0.24656 0.72803 0.229722 0.723901 0.227298 0.755347 0.389664
4 0.168579 0.580362 0.171144 0.548423 0.153106 0.543816 0.150541 0.575755 0.362019
4 0.201923 0.392775 0.203803 0.362492 0.185965 0.358971 0.184085 0.389253 0.923113
4 0.30319 0.244609 0.305323 0.213404 0.287981 0.209635 0.285848 0.240839 0.866085
4 0.501095 0.474472 0.502058 0.447489 0.485869 0.445651 0.484905 0.472634 0.858897
4 0.435189 0.304821 0.437323 0.27585 0.421365 0.272112 0.419231 0.301083 0.843979
4 0.439067 0.70813 0.440975 0.678648 0.423657 0.675083 0.421749 0.704565 0.720885
0 0.423123 0.681646 0.427057 0.64471 0.407056 0.637935 0.403122 0.674871 0.705143
4 0.430399 0.609033 0.431169 0.580337 0.415176 0.578973 0.414407 0.607669 0.487349
4 0.36204 0.841518 0.363522 0.813562 0.34771 0.810897 0.346228 0.838852 0.449457
4 0.244135 0.759475 0.24656 0.72803 0.229722 0.723901 0.227298 0.755347 0.389664
4 0.168579 0.580362 0.171144 0.548423 0.153106 0.543816 0.150541 0.575755 0.362019
