4 0.201866 0.392456 0.203781 0.362203 0.185956 0.358613 0.18404 0.388867 0.912842
4 0.401774 0.433131 0.403045 0.404599 0.386961 0.402321 0.38569 0.430853 0.90404
4 0.50118 0.474536 0.502122 0.447234 0.485543 0.445414 0.484601 0.472716 0.879484
4 0.303229 0.244997 0.305478 0.21324 0.287836 0.209266 0.285587 0.241023 0.874072
4 0.435188 0.304868 0.437313 0.275774 0.421168 0.272024 0.419043 0.301118 0.831616
4 0.337763 0.556864 0.339957 0.522735 0.320427 0.518743 0.318234 0.552872 0.795519
0 0.444242 0.454093 0.445119 0.418398 0.424183 0.416763 0.423307 0.452458 0.72087
4 0.361954 0.841539 0.363466 0.813342 0.347475 0.810615 0.345963 0.838812 0.491606
4 0.244244 0.759308 0.246518 0.728252 0.229822 0.724364 0.227548 0.75542 0.416392
4 0.168683 0.580483 0.171263 0.54844 0.153183 0.543811 0.150603 0.575854 0.347106
4 0.201866 0.392456 0.203781 0.362203 0.185956 0.358613 0.18404 0.388867 0.912842
4 0.401774 0.433131 0.403045 0.404599 0.386961 0.402321 0.38569 0.430853 0.90404
4 0.50118 0.474536 0.502122 0.447234 0.485543 0.445414 0.484601 0.472716 0.879484
4 0.303229 0.244997 0.305478 0.21324 0.287836 0.209266 0.285587 0.241023 0.874072
4 0.435188 0.304868 0.437313 0.275774 0.421168 0.272024 0.419043 0.301118 0.831616
4 0.337763 0.556864 0.339957 0.522735 0.320427 0.518743 0.318234 0.552872 0.795519
0 0.444242 0.454093 0.445119 0.418398 0.424183 0.416763 0.423307 0.452458 0.72087
4 0.361954 0.841539 0.363466 0.813342 0.347475 0.810615 0.345963 0.838812 0.491606
4 0.244244 0.759308 0.246518 0.728252 0.229822 0.724364 0.227548 0.75542 0.416392
4 0.168683 0.580483 0.171263 0.54844 0.153183 0.543811 0.150603 0.575854 0.347106
