4 0.361345 0.498138 0.362748 0.469728 0.346363 0.467156 0.34496 0.495565 0.948203
0 0.403774 0.678192 0.407677 0.641486 0.389196 0.635236 0.385293 0.671942 0.72714
4 0.425708 0.682529 0.428101 0.654928 0.411103 0.65024 0.40871 0.677841 0.548841
4 0.331176 0.497809 0.333384 0.458023 0.310505 0.453985 0.308297 0.49377 0.502848
4 0.336603 0.473508 0.337597 0.444492 0.321357 0.442722 0.320363 0.471738 0.419994
4 0.34115 0.585081 0.344634 0.553764 0.327579 0.54773 0.324095 0.579047 0.359396
4 0.361345 0.498138 0.362748 0.469728 0.346363 0.467156 0.34496 0.495565 0.948203
0 0.403774 0.678192 0.407677 0.641486 0.389196 0.635236 0.385293 0.671942 0.72714
4 0.425708 0.682529 0.428101 0.654928 0.411103 0.65024 0.40871 0.677841 0.548841
4 0.331176 0.497809 0.333384 0.458023 0.310505 0.453985 0.308297 0.49377 0.502848
4 0.336603 0.473508 0.337597 0.444492 0.321357 0.442722 0.320363 0.471738 0.419994
4 0.34115 0.585081 0.344634 0.553764 0.327579 0.54773 0.324095 0.579047 0.359396
