4 0.367527 0.564839 0.368198 0.537089 0.351624 0.535815 0.350953 0.563564 0.930849
4 0.337415 0.471821 0.339509 0.443374 0.323464 0.439618 0.32137 0.468066 0.902059
4 0.358497 0.446395 0.360069 0.41924 0.344884 0.416445 0.343312 0.443599 0.778071
4 0.398553 0.36043 0.399776 0.331178 0.383801 0.329054 0.382578 0.358306 0.71288
4 0.342802 0.581122 0.344056 0.551513 0.327523 0.549286 0.326269 0.578895 0.564397
4 0.442243 0.606711 0.445475 0.569886 0.423246 0.563682 0.420014 0.600507 0.537885
4 0.380905 0.65769 0.382702 0.625469 0.364332 0.622212 0.362536 0.654432 0.527587
4 0.367527 0.564839 0.368198 0.537089 0.351624 0.535815 0.350953 0.563564 0.930849
4 0.337415 0.471821 0.339509 0.443374 0.323464 0.439618 0.32137 0.468066 0.902059
4 0.358497 0.446395 0.360069 0.41924 0.344884 0.416445 0.343312 0.443599 0.778071
4 0.398553 0.36043 0.399776 0.331178 0.383801 0.329054 0.382578 0.358306 0.71288
4 0.342802 0.581122 0.344056 0.551513 0.327523 0.549286 0.326269 0.578895 0.564397
4 0.442243 0.606711 0.445475 0.569886 0.423246 0.563682 0.420014 0.600507 0.537885
4 0.380905 0.65769 0.382702 0.625469 0.364332 0.622212 0.362536 0.654432 0.527587
