4 0.201889 0.392599 0.203783 0.362349 0.186021 0.358813 0.184127 0.389063 0.917681
4 0.4019 0.432968 0.403174 0.40441 0.387012 0.402116 0.385738 0.430674 0.909212
4 0.303279 0.244551 0.305294 0.213127 0.287869 0.209573 0.285854 0.240998 0.876521
4 0.501163 0.474698 0.502173 0.447307 0.485546 0.445358 0.484537 0.472749 0.874088
4 0.43527 0.30484 0.437398 0.27569 0.421197 0.271929 0.419069 0.301079 0.836605
4 0.337678 0.556662 0.339864 0.522676 0.320389 0.518691 0.318203 0.552677 0.795586
0 0.445558 0.454343 0.446181 0.418487 0.425146 0.417325 0.424523 0.45318 0.607804
4 0.361994 0.84153 0.36351 0.813412 0.347574 0.81068 0.346058 0.838798 0.493765
4 0.24419 0.759321 0.246463 0.728264 0.229808 0.724388 0.227535 0.755444 0.406927
4 0.168514 0.580212 0.171131 0.548198 0.153089 0.543508 0.150473 0.575522 0.345877
4 0.201889 0.392599 0.203783 0.362349 0.186021 0.358813 0.184127 0.389063 0.917681
4 0.4019 0.432968 0.403174 0.40441 0.387012 0.402116 0.385738 0.430674 0.909212
4 0.303279 0.244551 0.305294 0.213127 0.287869 0.209573 0.285854 0.240998 0.876521
4 0.501163 0.474698 0.502173 0.447307 0.485546 0.445358 0.484537 0.472749 0.874088
4 0.43527 0.30484 0.437398 0.27569 0.421197 0.271929 0.419069 0.301079 0.836605
4 0.337678 0.556662 0.339864 0.522676 0.320389 0.518691 0.318203 0.552677 0.795586
0 0.445558 0.454343 0.446181 0.418487 0.425146 0.417325 0.424523 0.45318 0.607804
4 0.361994 0.84153 0.36351 0.813412 0.347574 0.81068 0.346058 0.838798 0.493765
4 0.24419 0.759321 0.246463 0.728264 0.229808 0.724388 0.227535 0.755444 0.406927
4 0.168514 0.580212 0.171131 0.548198 0.153089 0.543508 0.150473 0.575522 0.345877
