4 0.201706 0.392521 0.203619 0.36221 0.185776 0.358628 0.183863 0.38894 0.919808
4 0.303284 0.244779 0.305445 0.213079 0.287795 0.209253 0.285635 0.240953 0.883494
4 0.501442 0.474219 0.502448 0.447203 0.485951 0.445249 0.484945 0.472265 0.863503
4 0.435226 0.304637 0.437349 0.275848 0.421426 0.272113 0.419303 0.300903 0.849026
4 0.401822 0.432396 0.402729 0.40389 0.387727 0.402372 0.386819 0.430877 0.818813
4 0.33762 0.556945 0.340039 0.522579 0.320446 0.518192 0.318027 0.552558 0.792114
0 0.446108 0.43855 0.447287 0.402859 0.428363 0.400869 0.427183 0.436561 0.684878
4 0.36198 0.841465 0.363525 0.813707 0.347809 0.810923 0.346263 0.838682 0.46508
4 0.244224 0.759467 0.246523 0.728515 0.229962 0.724603 0.227663 0.755556 0.353309
4 0.168472 0.580246 0.171146 0.548206 0.15303 0.543398 0.150356 0.575438 0.353274
4 0.201706 0.392521 0.203619 0.36221 0.185776 0.358628 0.183863 0.38894 0.919808
4 0.303284 0.244779 0.305445 0.213079 0.287795 0.209253 0.285635 0.240953 0.883494
4 0.501442 0.474219 0.502448 0.447203 0.485951 0.445249 0.484945 0.472265 0.863503
4 0.435226 0.304637 0.437349 0.275848 0.421426 0.272113 0.419303 0.300903 0.849026
4 0.401822 0.432396 0.402729 0.40389 0.387727 0.402372 0.386819 0.430877 0.818813
4 0.33762 0.556945 0.340039 0.522579 0.320446 0.518192 0.318027 0.552558 0.792114
0 0.446108 0.43855 0.447287 0.402859 0.428363 0.400869 0.427183 0.436561 0.684878
4 0.36198 0.841465 0.363525 0.813707 0.347809 0.810923 0.346263 0.838682 0.46508
4 0.244224 0.759467 0.246523 0.728515 0.229962 0.724603 0.227663 0.755556 0.353309
4 0.168472 0.580246 0.171146 0.548206 0.15303 0.543398 0.150356 0.575438 0.353274
