4 0.201572 0.392886 0.203492 0.362473 0.185685 0.358898 0.183765 0.389311 0.923587
4 0.501272 0.474523 0.50226 0.447356 0.485933 0.445467 0.484944 0.472634 0.884275
4 0.401144 0.433119 0.403247 0.404712 0.387217 0.400939 0.385115 0.429346 0.876664
4 0.303317 0.245293 0.305572 0.213535 0.287918 0.209547 0.285662 0.241306 0.869774
4 0.435129 0.304419 0.437358 0.27576 0.421382 0.271809 0.419153 0.300468 0.829081
4 0.337566 0.55714 0.339923 0.522789 0.320366 0.518521 0.318008 0.552872 0.803293
0 0.447599 0.450017 0.449148 0.415188 0.430092 0.412493 0.428543 0.447322 0.746917
4 0.361973 0.841442 0.363413 0.813371 0.347459 0.810767 0.346019 0.838839 0.524325
4 0.24412 0.759415 0.24645 0.728408 0.229778 0.724424 0.227448 0.755431 0.379223
4 0.168964 0.583178 0.17144 0.550704 0.154264 0.54654 0.151788 0.579013 0.364096
4 0.201572 0.392886 0.203492 0.362473 0.185685 0.358898 0.183765 0.389311 0.923587
4 0.501272 0.474523 0.50226 0.447356 0.485933 0.445467 0.484944 0.472634 0.884275
4 0.401144 0.433119 0.403247 0.404712 0.387217 0.400939 0.385115 0.429346 0.876664
4 0.303317 0.245293 0.305572 0.213535 0.287918 0.209547 0.285662 0.241306 0.869774
4 0.435129 0.304419 0.437358 0.27576 0.421382 0.271809 0.419153 0.300468 0.829081
4 0.337566 0.55714 0.339923 0.522789 0.320366 0.518521 0.318008 0.552872 0.803293
0 0.447599 0.450017 0.449148 0.415188 0.430092 0.412493 0.428543 0.447322 0.746917
4 0.361973 0.841442 0.363413 0.813371 0.347459 0.810767 0.346019 0.838839 0.524325
4 0.24412 0.759415 0.24645 0.728408 0.229778 0.724424 0.227448 0.755431 0.379223
4 0.168964 0.583178 0.17144 0.550704 0.154264 0.54654 0.151788 0.579013 0.364096
