4 0.201787 0.392589 0.203638 0.3625 0.185953 0.35904 0.184102 0.38913 0.927335
4 0.40282 0.433836 0.405326 0.405341 0.387815 0.400441 0.385308 0.428937 0.910099
4 0.303239 0.244682 0.305459 0.213262 0.287758 0.209284 0.285537 0.240704 0.874584
4 0.501332 0.474933 0.502223 0.447307 0.485889 0.445631 0.484998 0.473256 0.855959
4 0.435078 0.304483 0.437244 0.275656 0.42126 0.271836 0.419093 0.300663 0.844871
4 0.337718 0.557088 0.340072 0.522731 0.32045 0.518455 0.318096 0.552813 0.779697
0 0.4634 0.526811 0.465249 0.491808 0.445765 0.488534 0.443915 0.523537 0.642274
4 0.362029 0.841444 0.363406 0.813488 0.347469 0.810991 0.346092 0.838946 0.510833
4 0.244097 0.759432 0.246604 0.728181 0.229658 0.723857 0.227151 0.755108 0.429529
4 0.168548 0.580307 0.17113 0.548445 0.153207 0.543825 0.150624 0.575687 0.360636
4 0.201787 0.392589 0.203638 0.3625 0.185953 0.35904 0.184102 0.38913 0.927335
4 0.40282 0.433836 0.405326 0.405341 0.387815 0.400441 0.385308 0.428937 0.910099
4 0.303239 0.244682 0.305459 0.213262 0.287758 0.209284 0.285537 0.240704 0.874584
4 0.501332 0.474933 0.502223 0.447307 0.485889 0.445631 0.484998 0.473256 0.855959
4 0.435078 0.304483 0.437244 0.275656 0.42126 0.271836 0.419093 0.300663 0.844871
4 0.337718 0.557088 0.340072 0.522731 0.32045 0.518455 0.318096 0.552813 0.779697
0 0.4634 0.526811 0.465249 0.491808 0.445765 0.488534 0.443915 0.523537 0.642274
4 0.362029 0.841444 0.363406 0.813488 0.347469 0.810991 0.346092 0.838946 0.510833
4 0.244097 0.759432 0.246604 0.728181 0.229658 0.723857 0.227151 0.755108 0.429529
4 0.168548 0.580307 0.17113 0.548445 0.153207 0.543825 0.150624 0.575687 0.360636
