0 0.249185 0.334247 0.250581 0.296563 0.228375 0.293948 0.22698 0.331632 0.896457
4 0.39122 0.546504 0.392434 0.519321 0.375619 0.516934 0.374406 0.544118 0.882662
4 0.419344 0.704421 0.420883 0.674118 0.403049 0.671237 0.40151 0.701541 0.726557
4 0.398557 0.360665 0.399892 0.331187 0.383868 0.328878 0.382532 0.358357 0.707183
4 0.338389 0.575756 0.340152 0.547968 0.324176 0.544745 0.322414 0.572533 0.688419
4 0.48193 0.637213 0.484519 0.604835 0.466641 0.600289 0.464053 0.632668 0.591458
4 0.242776 0.309578 0.245761 0.276763 0.228724 0.271834 0.225739 0.304648 0.376934
0 0.249185 0.334247 0.250581 0.296563 0.228375 0.293948 0.22698 0.331632 0.896457
4 0.39122 0.546504 0.392434 0.519321 0.375619 0.516934 0.374406 0.544118 0.882662
4 0.419344 0.704421 0.420883 0.674118 0.403049 0.671237 0.40151 0.701541 0.726557
4 0.398557 0.360665 0.399892 0.331187 0.383868 0.328878 0.382532 0.358357 0.707183
4 0.338389 0.575756 0.340152 0.547968 0.324176 0.544745 0.322414 0.572533 0.688419
4 0.48193 0.637213 0.484519 0.604835 0.466641 0.600289 0.464053 0.632668 0.591458
4 0.242776 0.309578 0.245761 0.276763 0.228724 0.271834 0.225739 0.304648 0.376934
