4 0.337262 0.471646 0.339343 0.443052 0.323398 0.439361 0.321317 0.467955 0.902708
4 0.368238 0.564358 0.368603 0.534659 0.352417 0.534027 0.352052 0.563726 0.844779
4 0.358457 0.446739 0.360172 0.418964 0.34472 0.415929 0.343005 0.443705 0.775966
4 0.398498 0.360357 0.399784 0.331177 0.383741 0.328928 0.382454 0.358107 0.649427
4 0.38086 0.657409 0.382677 0.625692 0.364616 0.622403 0.3628 0.65412 0.589588
4 0.409513 0.573452 0.413004 0.540679 0.392753 0.533818 0.389262 0.56659 0.520434
4 0.372847 0.648194 0.375253 0.613807 0.358026 0.609973 0.35562 0.64436 0.479103
4 0.342382 0.581564 0.343786 0.551804 0.327451 0.549353 0.326047 0.579112 0.471915
4 0.337262 0.471646 0.339343 0.443052 0.323398 0.439361 0.321317 0.467955 0.902708
4 0.368238 0.564358 0.368603 0.534659 0.352417 0.534027 0.352052 0.563726 0.844779
4 0.358457 0.446739 0.360172 0.418964 0.34472 0.415929 0.343005 0.443705 0.775966
4 0.398498 0.360357 0.399784 0.331177 0.383741 0.328928 0.382454 0.358107 0.649427
4 0.38086 0.657409 0.382677 0.625692 0.364616 0.622403 0.3628 0.65412 0.589588
4 0.409513 0.573452 0.413004 0.540679 0.392753 0.533818 0.389262 0.56659 0.520434
4 0.372847 0.648194 0.375253 0.613807 0.358026 0.609973 0.35562 0.64436 0.479103
4 0.342382 0.581564 0.343786 0.551804 0.327451 0.549353 0.326047 0.579112 0.471915
