4 0.361333 0.497861 0.362747 0.469478 0.346389 0.466885 0.344974 0.495268 0.944054
0 0.403264 0.678978 0.407382 0.64139 0.388628 0.634856 0.38451 0.672444 0.767234
4 0.425889 0.682745 0.428323 0.654605 0.411079 0.649861 0.408645 0.678001 0.570122
4 0.33125 0.498138 0.333442 0.457908 0.31057 0.453945 0.308378 0.494175 0.527331
4 0.336613 0.473562 0.337576 0.444058 0.321161 0.442353 0.320198 0.471858 0.423579
4 0.341288 0.585123 0.344751 0.553494 0.327624 0.54753 0.324161 0.57916 0.388803
4 0.361333 0.497861 0.362747 0.469478 0.346389 0.466885 0.344974 0.495268 0.944054
0 0.403264 0.678978 0.407382 0.64139 0.388628 0.634856 0.38451 0.672444 0.767234
4 0.425889 0.682745 0.428323 0.654605 0.411079 0.649861 0.408645 0.678001 0.570122
4 0.33125 0.498138 0.333442 0.457908 0.31057 0.453945 0.308378 0.494175 0.527331
4 0.336613 0.473562 0.337576 0.444058 0.321161 0.442353 0.320198 0.471858 0.423579
4 0.341288 0.585123 0.344751 0.553494 0.327624 0.54753 0.324161 0.57916 0.388803
