4 0.201756 0.392599 0.203585 0.362505 0.185879 0.359083 0.184051 0.389177 0.928633
4 0.401405 0.434254 0.402483 0.404809 0.386781 0.402981 0.385704 0.432426 0.922034
4 0.30314 0.244365 0.305231 0.213302 0.287852 0.209581 0.285761 0.240644 0.874711
4 0.501077 0.474709 0.502066 0.4476 0.48597 0.445733 0.484982 0.472842 0.858072
0 0.438135 0.441482 0.440792 0.400042 0.42035 0.395874 0.417693 0.437314 0.853383
4 0.435255 0.304779 0.437415 0.275971 0.421524 0.272181 0.419364 0.300989 0.834909
4 0.337626 0.556906 0.339954 0.522726 0.320429 0.518498 0.318101 0.552678 0.784945
4 0.362012 0.841656 0.363525 0.8136 0.347618 0.810873 0.346105 0.838928 0.448845
4 0.244301 0.759318 0.246448 0.728541 0.229936 0.724879 0.227789 0.755655 0.444991
4 0.168558 0.580579 0.171252 0.548377 0.153092 0.543544 0.150397 0.575746 0.324375
4 0.201756 0.392599 0.203585 0.362505 0.185879 0.359083 0.184051 0.389177 0.928633
4 0.401405 0.434254 0.402483 0.404809 0.386781 0.402981 0.385704 0.432426 0.922034
4 0.30314 0.244365 0.305231 0.213302 0.287852 0.209581 0.285761 0.240644 0.874711
4 0.501077 0.474709 0.502066 0.4476 0.48597 0.445733 0.484982 0.472842 0.858072
0 0.438135 0.441482 0.440792 0.400042 0.42035 0.395874 0.417693 0.437314 0.853383
4 0.435255 0.304779 0.437415 0.275971 0.421524 0.272181 0.419364 0.300989 0.834909
4 0.337626 0.556906 0.339954 0.522726 0.320429 0.518498 0.318101 0.552678 0.784945
4 0.362012 0.841656 0.363525 0.8136 0.347618 0.810873 0.346105 0.838928 0.448845
4 0.244301 0.759318 0.246448 0.728541 0.229936 0.724879 0.227789 0.755655 0.444991
4 0.168558 0.580579 0.171252 0.548377 0.153092 0.543544 0.150397 0.575746 0.324375
